CAF351	10/27/2007	0.306	0.41	0.329	0.297	0.396	8.204	10.29	10.58	11.2	11.71
CAF351	10/28/2007	0.307	0.41	0.329	0.297	0.396	7.929	9.862	10.41	11.15	11.66
CAF351	10/29/2007	0.308	0.41	0.329	0.297	0.396	8.333	9.662	10.21	11.03	11.6
CAF351	10/30/2007	0.308	0.41	0.329	0.296	0.396	8.45	9.6	10.04	10.88	11.51
CAF351	10/31/2007	0.307	0.41	0.329	0.296	0.396	7.725	9.508	9.929	10.75	11.42
CAF351	11/01/2007	0.307	0.409	0.328	0.296	0.396	7.512	9.225	9.792	10.65	11.34
CAF351	11/02/2007	0.307	0.409	0.328	0.296	0.395	6.879	9.017	9.638	10.53	11.24
CAF351	11/03/2007	0.306	0.408	0.328	0.296	0.395	6.488	8.688	9.446	10.38	11.16
CAF351	11/04/2007	0.308	0.408	0.328	0.296	0.395	7.025	8.5	9.243	10.25	11.06
CAF351	11/05/2007	0.308	0.408	0.328	0.295	0.395	7.333	8.5	9.079	10.09	10.97
CAF351	11/06/2007	0.309	0.408	0.328	0.295	0.395	7.396	8.5	9	9.958	10.86
CAF351	11/07/2007	0.309	0.408	0.327	0.295	0.395	7.546	8.5	8.908	9.858	10.76
CAF351	11/08/2007	0.31	0.408	0.327	0.295	0.395	7.775	8.562	8.9	9.783	10.67
CAF351	11/09/2007	0.311	0.408	0.327	0.295	0.395	8.212	8.658	8.804	9.7	10.59
CAF351	11/10/2007	0.312	0.408	0.327	0.295	0.395	8.312	8.779	8.858	9.696	10.5
CAF351	11/11/2007	0.31	0.409	0.327	0.295	0.395	7.358	8.775	8.9	9.6	10.42
CAF351	11/12/2007	0.309	0.408	0.327	0.295	0.395	6.475	8.5	8.838	9.6	10.4
CAF351	11/13/2007	0.309	0.407	0.326	0.294	0.395	6.275	8.158	8.688	9.542	10.32
CAF351	11/14/2007	0.309	0.408	0.326	0.294	0.395	5.562	7.904	8.542	9.45	10.28
CAF351	11/15/2007	0.309	0.407	0.326	0.294	0.395	5.162	7.533	8.346	9.329	10.2
CAF351	11/16/2007	0.31	0.406	0.326	0.294	0.395	5.758	7.312	8.137	9.183	10.12
CAF351	11/17/2007	0.313	0.407	0.326	0.294	0.394	6.671	7.392	7.988	9.046	10.04
CAF351	11/18/2007	0.319	0.412	0.326	0.294	0.394	6.917	7.658	7.9	8.929	9.95
CAF351	11/19/2007	0.345	0.414	0.326	0.294	0.394	5.892	7.671	7.9	8.879	9.871
CAF351	11/20/2007	0.38	0.418	0.326	0.294	0.394	5.171	7.392	7.879	8.8	9.792
CAF351	11/21/2007	0.39	0.421	0.326	0.294	0.393	4.783	7.096	7.742	8.729	9.712
CAF351	11/22/2007	0.39	0.422	0.326	0.293	0.393	4.308	6.812	7.55	8.629	9.654
CAF351	11/23/2007	0.389	0.422	0.325	0.293	0.393	3.788	6.496	7.35	8.492	9.575
CAF351	11/24/2007	0.388	0.422	0.325	0.293	0.393	3.396	6.183	7.125	8.35	9.492
CAF351	11/25/2007	0.387	0.422	0.325	0.293	0.393	3.05	5.883	6.9	8.167	9.388
CAF351	11/26/2007	0.385	0.421	0.325	0.292	0.393	2.812	5.604	6.658	7.996	9.283
CAF351	11/27/2007	0.382	0.418	0.323	0.29	0.391	2.65	5.388	6.433	7.817	9.179
CAF351	11/28/2007	0.381	0.417	0.323	0.29	0.39	2.562	5.196	6.229	7.642	9.042
CAF351	11/29/2007	0.381	0.417	0.323	0.29	0.39	2.504	5.054	6.048	7.458	8.929
CAF351	11/30/2007	0.381	0.417	0.323	0.29	0.39	2.433	4.929	5.867	7.304	8.808
CAF351	12/01/2007	0.381	0.417	0.323	0.289	0.39	2.375	4.817	5.733	7.15	8.675
CAF351	12/02/2007	0.381	0.416	0.323	0.289	0.39	2.338	4.717	5.583	7.025	8.558
CAF351	12/03/2007	0.398	0.424	0.327	0.293	0.39	1.929	4.454	5.442	6.829	8.45
CAF351	12/04/2007	0.403	0.428	0.348	0.3	0.391	2.6	4.242	5.204	6.621	8.333
CAF351	12/05/2007	0.398	0.428	0.355	0.3	0.393	3.604	4.542	5.1	6.467	8.188
CAF351	12/06/2007	0.396	0.428	0.356	0.3	0.394	3.504	4.779	5.1	6.388	8.046
CAF351	12/07/2007	0.395	0.428	0.357	0.3	0.395	3.292	4.883	5.1	6.3	7.933
CAF351	12/08/2007	0.394	0.428	0.357	0.3	0.396	2.975	4.813	5.1	6.3	7.829
CAF351	12/09/2007	0.392	0.427	0.357	0.3	0.396	2.65	4.733	5.1	6.275	7.746
CAF351	12/10/2007	0.39	0.426	0.357	0.3	0.397	2.363	4.571	5.042	6.2	7.687
CAF351	12/11/2007	0.389	0.426	0.356	0.299	0.397	2.221	4.433	4.954	6.15	7.608
CAF351	12/12/2007	0.389	0.425	0.356	0.299	0.397	2.137	4.317	4.85	6.079	7.558
CAF351	12/13/2007	0.388	0.425	0.355	0.299	0.398	2.071	4.217	4.758	5.992	7.496
CAF351	12/14/2007	0.387	0.424	0.355	0.299	0.398	2.008	4.183	4.675	5.9	7.404
CAF351	12/15/2007	0.387	0.424	0.354	0.298	0.398	2	4.1	4.6	5.821	7.342
CAF351	12/16/2007	0.387	0.424	0.354	0.298	0.398	1.983	4.096	4.5	5.742	7.283
CAF351	12/17/2007	0.387	0.424	0.353	0.298	0.398	1.921	4	4.433	5.675	7.2
CAF351	12/18/2007	0.39	0.425	0.354	0.299	0.399	1.912	4	4.379	5.6	7.129
CAF351	12/19/2007	0.407	0.43	0.356	0.3	0.4	1.842	3.908	4.3	5.517	7.067
CAF351	12/20/2007	0.411	0.433	0.38	0.304	0.401	1.804	3.804	4.212	5.438	6.996
CAF351	12/21/2007	0.402	0.432	0.379	0.307	0.404	1.983	3.8	4.1	5.308	6.917
CAF351	12/22/2007	0.399	0.431	0.375	0.306	0.407	1.892	3.858	4.077	5.229	6.817
CAF351	12/23/2007	0.398	0.431	0.373	0.306	0.408	1.771	3.8	4	5.2	6.733
CAF351	12/24/2007	0.408	0.434	0.38	0.31	0.41	1.521	3.604	3.942	5.075	6.683
CAF351	12/25/2007	0.403	0.432	0.376	0.308	0.411	1.604	3.6	3.858	5	6.6
CAF351	12/26/2007	0.401	0.431	0.374	0.307	0.411	1.679	3.575	3.8	4.983	6.512
CAF351	12/27/2007	0.399	0.43	0.372	0.306	0.411	1.675	3.5	3.8	4.9	6.479
CAF351	12/28/2007	0.397	0.43	0.37	0.305	0.41	1.654	3.5	3.7	4.892	6.404
CAF351	12/29/2007	0.396	0.429	0.369	0.304	0.41	1.679	3.433	3.7	4.8	6.363
CAF351	12/30/2007	0.395	0.429	0.368	0.304	0.41	1.663	3.4	3.692	4.8	6.3
CAF351	12/31/2007	0.394	0.428	0.366	0.303	0.409	1.617	3.4	3.6	4.739	6.271
CAF351	01/01/2008	0.392	0.428	0.365	0.303	0.409	1.563	3.4	3.6	4.7	6.2
CAF351	01/02/2008	0.391	0.427	0.364	0.303	0.409	1.454	3.4	3.571	4.7	6.179
CAF351	01/03/2008	0.389	0.427	0.363	0.302	0.408	1.4	3.4	3.5	4.6	6.1
CAF351	01/04/2008	0.388	0.426	0.362	0.302	0.408	1.4	3.367	3.5	4.6	6.067
CAF351	01/05/2008	0.39	0.426	0.361	0.302	0.408	1.404	3.3	3.421	4.55	6.008
CAF351	01/06/2008	0.39	0.426	0.361	0.301	0.408	1.421	3.3	3.4	4.5	5.975
CAF351	01/07/2008	0.392	0.426	0.36	0.301	0.407	1.429	3.3	3.396	4.492	5.913
CAF351	01/08/2008	0.392	0.426	0.359	0.301	0.407	1.433	3.3	3.3	4.4	5.892
CAF351	01/09/2008	0.392	0.426	0.359	0.3	0.407	1.437	3.267	3.3	4.4	5.85
CAF351	01/10/2008	0.392	0.426	0.358	0.3	0.407	1.433	3.2	3.3	4.371	5.8
CAF351	01/11/2008	0.401	0.426	0.358	0.3	0.407	1.433	3.2	3.221	4.3	5.767
CAF351	01/12/2008	0.404	0.429	0.359	0.3	0.407	1.437	3.2	3.2	4.3	5.704
CAF351	01/13/2008	0.406	0.43	0.364	0.3	0.407	1.45	3.2	3.2	4.258	5.696
CAF351	01/14/2008	0.405	0.43	0.37	0.301	0.407	1.446	3.129	3.183	4.2	5.637
CAF351	01/15/2008	0.404	0.43	0.373	0.301	0.407	1.442	3.1	3.1	4.2	5.6
CAF351	01/16/2008	0.403	0.43	0.373	0.302	0.407	1.462	3.1	3.1	4.112	5.562
CAF351	01/17/2008	0.401	0.43	0.373	0.302	0.407	1.429	3.1	3.1	4.1	5.504
CAF351	01/18/2008	0.399	0.43	0.372	0.302	0.408	1.404	3.1	3.1	4.1	5.492
CAF351	01/19/2008	0.397	0.429	0.37	0.302	0.408	1.404	3.1	3.05	4.071	5.433
CAF351	01/20/2008	0.396	0.429	0.369	0.302	0.408	1.4	3.1	3	4	5.4
CAF351	01/21/2008	0.395	0.429	0.368	0.302	0.408	1.392	3.1	3	4	5.379
CAF351	01/22/2008	0.394	0.428	0.367	0.301	0.407	1.354	3.058	3	4	5.329
CAF351	01/23/2008	0.392	0.428	0.366	0.301	0.407	1.3	3	3	4	5.3
CAF351	01/24/2008	0.391	0.427	0.365	0.301	0.407	1.3	3	2.946	3.913	5.292
CAF351	01/25/2008	0.389	0.427	0.364	0.301	0.407	1.238	3	2.9	3.9	5.254
CAF351	01/26/2008	0.388	0.427	0.363	0.301	0.407	1.2	2.939	2.9	3.9	5.208
CAF351	01/27/2008	0.391	0.427	0.363	0.301	0.407	1.196	2.9	2.9	3.9	5.196
CAF351	01/28/2008	0.392	0.426	0.362	0.3	0.407	1.2	2.9	2.846	3.8	5.158
CAF351	01/29/2008	0.392	0.427	0.361	0.3	0.406	1.213	2.9	2.8	3.8	5.1
CAF351	01/30/2008	0.392	0.427	0.36	0.3	0.407	1.229	2.9	2.8	3.8	5.1
CAF351	01/31/2008	0.392	0.426	0.36	0.3	0.406	1.262	2.9	2.8	3.8	5.075
CAF351	02/01/2008	0.392	0.426	0.359	0.299	0.406	1.275	2.9	2.779	3.721	5.008
CAF351	02/02/2008	0.392	0.426	0.359	0.299	0.406	1.296	2.9	2.7	3.7	5
CAF351	02/03/2008	0.393	0.425	0.358	0.299	0.405	1.3	2.9	2.7	3.7	5
CAF351	02/04/2008	0.393	0.425	0.357	0.299	0.405	1.296	2.9	2.7	3.7	5
CAF351	02/05/2008	0.393	0.425	0.357	0.299	0.405	1.296	2.9	2.7	3.7	4.954
CAF351	02/06/2008	0.394	0.425	0.356	0.299	0.405	1.304	2.9	2.7	3.675	4.925
CAF351	02/07/2008	0.395	0.424	0.356	0.299	0.405	1.3	2.9	2.7	3.6	4.908
CAF351	02/08/2008	0.403	0.428	0.358	0.299	0.405	1.287	2.858	2.696	3.6	4.9
CAF351	02/09/2008	0.413	0.435	0.396	0.32	0.412	1.046	2.521	2.512	3.375	4.888
CAF351	02/10/2008	0.418	0.435	0.399	0.322	0.425	0.9125	2.325	2.304	3.025	4.779
CAF351	02/11/2008	0.413	0.434	0.387	0.315	0.424	0.9792	2.358	2.2	2.9	4.696
CAF351	02/12/2008	0.416	0.434	0.388	0.314	0.421	1.004	2.404	2.2	2.9	4.612
CAF351	02/13/2008	0.412	0.434	0.391	0.315	0.422	1.038	2.467	2.2	2.9	4.542
CAF351	02/14/2008	0.409	0.433	0.383	0.312	0.421	1.1	2.5	2.2	2.9	4.5
CAF351	02/15/2008	0.435	0.448	0.383	0.352	0.447	1.1	2.512	2.125	2.9	4.488
CAF351	02/16/2008	0.446	0.455	0.386	0.363	0.454	1.133	2.5	2.188	2.921	4.5
CAF351	02/17/2008	0.443	0.45	0.381	0.355	0.447	1.183	2.579	2.2	3	4.479
CAF351	02/18/2008	0.45	0.456	0.387	0.362	0.452	1.2	2.6	2.2	3	4.472
CAF351	02/19/2008	0.447	0.455	0.386	0.361	0.451	1.2	2.6	2.2	3	4.483
CAF351	02/20/2008	0.441	0.451	0.382	0.356	0.447	1.2	2.646	2.2	3	4.425
CAF351	02/21/2008	0.446	0.454	0.385	0.36	0.451	1.2	2.662	2.2	3	4.404
CAF351	02/22/2008	0.445	0.452	0.383	0.357	0.447	1.2	2.7	2.2	3	4.4
CAF351	02/23/2008	0.445	0.451	0.384	0.355	0.445	1.196	2.7	2.2	3	4.4
CAF351	02/24/2008	0.446	0.451	0.385	0.358	0.446	1.171	2.679	2.2	3	4.379
CAF351	02/25/2008	0.448	0.453	0.386	0.36	0.449	1.192	2.6	2.2	3	4.308
CAF351	02/26/2008	0.453	0.455	0.39	0.362	0.451	1.175	2.6	2.2	2.996	4.3
CAF351	02/27/2008	0.451	0.455	0.389	0.363	0.453	1.204	2.6	2.1	2.9	4.3
CAF351	02/28/2008	0.45	0.454	0.387	0.361	0.451	1.329	2.678	2.137	2.9	4.3
CAF351	02/29/2008	0.45	0.455	0.387	0.361	0.452	1.486	2.721	2.2	2.9	4.221
CAF351	03/01/2008	NA	NA	NA	NA	NA	NA	NA	NA	NA	NA
CAF351	11/09/2010	0.362	0.306	0.186	0.212	0.371	6.938	8.862	9.5	10	10.8
CAF351	11/10/2010	0.368	0.305	0.186	0.212	0.371	6.675	8.567	9.4	9.954	10.8
CAF351	11/11/2010	0.375	0.304	0.186	0.212	0.372	6.512	8.271	9.213	9.854	10.77
CAF351	11/12/2010	0.378	0.303	0.186	0.212	0.372	6.35	8.075	9.038	9.746	10.7
CAF351	11/13/2010	0.38	0.304	0.185	0.212	0.372	5.75	7.846	8.862	9.633	10.63
CAF351	11/14/2010	0.382	0.303	0.185	0.212	0.372	5.537	7.537	8.675	9.5	10.55
CAF351	11/15/2010	0.385	0.303	0.185	0.211	0.372	6.183	7.375	8.5	9.354	10.47
CAF351	11/16/2010	0.393	0.305	0.186	0.211	0.372	6.579	7.537	8.4	9.229	10.38
CAF351	11/17/2010	0.396	0.313	0.187	0.211	0.372	6.283	7.571	8.308	9.121	10.3
CAF351	11/18/2010	0.405	0.343	0.186	0.211	0.372	6	7.458	8.283	9.05	10.2
CAF351	11/19/2010	0.406	0.385	0.186	0.21	0.372	5.187	7.221	8.179	8.983	10.12
CAF351	11/20/2010	0.404	0.389	0.186	0.21	0.372	4.492	6.863	8.042	8.883	10.07
CAF351	11/21/2010	0.402	0.388	0.186	0.21	0.372	3.854	6.458	7.833	8.767	9.996
CAF351	11/22/2010	0.401	0.387	0.185	0.21	0.371	3.488	6.054	7.587	8.638	9.912
CAF351	11/23/2010	0.401	0.386	0.185	0.21	0.371	3.363	5.742	7.346	8.462	9.825
CAF351	11/24/2010	0.401	0.385	0.184	0.209	0.371	3.192	5.546	7.125	8.3	9.725
CAF351	11/25/2010	0.4	0.385	0.184	0.209	0.371	3	5.317	6.933	8.129	9.621
CAF351	11/26/2010	0.4	0.384	0.183	0.209	0.371	2.838	5.092	6.737	7.958	9.513
CAF351	11/27/2010	0.399	0.383	0.183	0.209	0.371	2.8	5	6.554	7.813	9.404
CAF351	11/28/2010	0.4	0.383	0.183	0.209	0.371	2.792	4.85	6.396	7.654	9.283
CAF351	11/29/2010	0.4	0.382	0.183	0.208	0.371	2.787	4.746	6.246	7.525	9.183
CAF351	11/30/2010	0.401	0.382	0.183	0.208	0.371	2.796	4.687	6.129	7.375	9.071
CAF351	12/01/2010	0.401	0.382	0.182	0.208	0.371	2.704	4.6	6.021	7.263	8.971
CAF351	12/02/2010	0.402	0.381	0.182	0.208	0.371	2.683	4.533	5.921	7.15	8.858
CAF351	12/03/2010	0.404	0.391	0.182	0.208	0.371	2.583	4.396	5.796	7.046	8.779
CAF351	12/04/2010	0.405	0.4	0.182	0.208	0.37	2.512	4.3	5.671	6.942	8.671
CAF351	12/05/2010	0.406	0.401	0.182	0.207	0.371	2.5	4.229	5.575	6.842	8.583
CAF351	12/06/2010	0.405	0.402	0.182	0.207	0.371	2.5	4.2	5.5	6.746	8.5
CAF351	12/07/2010	0.405	0.401	0.181	0.207	0.37	2.483	4.171	5.375	6.662	8.404
CAF351	12/08/2010	0.406	0.412	0.182	0.207	0.37	2.392	4.1	5.321	6.583	8.325
CAF351	12/09/2010	0.407	0.425	0.305	0.208	0.371	2.287	3.863	5.075	6.458	8.237
CAF351	12/10/2010	0.409	0.438	0.368	0.261	0.389	2.017	3.217	4.629	6.092	8.083
CAF351	12/11/2010	0.408	0.429	0.352	0.261	0.398	2	3.483	4.6	6	7.892
CAF351	12/12/2010	0.412	0.444	0.397	0.32	0.411	1.763	2.637	4.133	5.308	7.754
CAF351	12/13/2010	0.414	0.442	0.407	0.305	0.424	1.708	2.325	3.425	4.654	7.317
CAF351	12/14/2010	0.415	0.438	0.382	0.288	0.415	2.8	3.004	3.738	5.025	7.2
CAF351	12/15/2010	0.411	0.432	0.367	0.284	0.412	2.592	3.458	4.012	5.162	7.2
CAF351	12/16/2010	0.409	0.428	0.36	0.28	0.409	2.146	3.571	4.225	5.283	7.2
CAF351	12/17/2010	0.407	0.426	0.356	0.278	0.407	1.867	3.554	4.3	5.363	7.196
CAF351	12/18/2010	0.405	0.424	0.353	0.276	0.406	1.667	3.488	4.3	5.4	7.175
CAF351	12/19/2010	0.402	0.422	0.35	0.274	0.405	1.592	3.371	4.3	5.4	7.117
CAF351	12/20/2010	0.401	0.422	0.347	0.273	0.404	1.5	3.3	4.3	5.354	7.1
CAF351	12/21/2010	0.401	0.421	0.345	0.272	0.403	1.487	3.3	4.208	5.3	7.092
CAF351	12/22/2010	0.401	0.42	0.343	0.271	0.403	1.458	3.238	4.175	5.267	7
CAF351	12/23/2010	0.4	0.419	0.341	0.27	0.402	1.404	3.171	4.1	5.2	7
CAF351	12/24/2010	0.401	0.418	0.34	0.27	0.402	1.421	3.2	4.067	5.137	6.917
CAF351	12/25/2010	0.401	0.418	0.338	0.269	0.401	1.404	3.162	4	5.1	6.854
CAF351	12/26/2010	0.402	0.417	0.337	0.269	0.401	1.4	3.1	3.979	5.029	6.8
CAF351	12/27/2010	0.403	0.417	0.336	0.268	0.401	1.4	3.1	3.9	5	6.763
CAF351	12/28/2010	0.413	0.436	0.355	0.268	0.401	1.371	2.996	3.85	4.933	6.696
CAF351	12/29/2010	0.416	0.435	0.376	0.277	0.401	1.35	2.913	3.733	4.838	6.633
CAF351	12/30/2010	0.412	0.431	0.368	0.278	0.402	1.4	3	3.7	4.775	6.579
CAF351	12/31/2010	0.41	0.428	0.363	0.277	0.402	1.4	3	3.671	4.7	6.504
CAF351	01/01/2011	0.408	0.425	0.361	0.277	0.402	1.396	2.971	3.7	4.7	6.446
CAF351	01/02/2011	0.406	0.425	0.358	0.276	0.402	1.321	3	3.662	4.633	6.4
CAF351	01/03/2011	0.404	0.424	0.356	0.275	0.402	1.3	3	3.6	4.6	6.367
CAF351	01/04/2011	0.402	0.423	0.353	0.275	0.402	1.258	3	3.571	4.6	6.3
CAF351	01/05/2011	0.401	0.422	0.352	0.274	0.402	1.2	2.913	3.579	4.546	6.292
CAF351	01/06/2011	0.4	0.422	0.351	0.274	0.402	1.2	2.9	3.5	4.5	6.225
CAF351	01/07/2011	0.403	0.421	0.348	0.273	0.402	1.2	2.9	3.471	4.5	6.2
CAF351	01/08/2011	0.412	0.425	0.35	0.273	0.402	1.2	2.871	3.458	4.408	6.133
CAF351	01/09/2011	0.411	0.426	0.352	0.272	0.402	1.2	2.875	3.4	4.4	6.1
CAF351	01/10/2011	0.409	0.425	0.353	0.272	0.402	1.192	2.842	3.4	4.367	6.062
CAF351	01/11/2011	0.406	0.424	0.354	0.272	0.402	1.108	2.8	3.346	4.3	6
CAF351	01/12/2011	0.403	0.424	0.353	0.272	0.402	1.013	2.8	3.3	4.3	5.996
CAF351	01/13/2011	0.408	0.433	0.354	0.272	0.402	1	2.725	3.279	4.233	5.933
CAF351	01/14/2011	0.414	0.44	0.367	0.273	0.403	0.9958	2.65	3.2	4.2	5.892
CAF351	01/15/2011	0.416	0.44	0.374	0.278	0.403	1.013	2.6	3.142	4.112	5.821
CAF351	01/16/2011	0.424	0.441	0.404	0.291	0.408	1.654	2.546	3.017	4.008	5.788
CAF351	01/17/2011	0.416	0.434	0.376	0.287	0.417	3.408	2.954	3.008	3.9	5.658
CAF351	01/18/2011	0.414	0.429	0.37	0.284	0.416	3.254	3.329	3.158	3.946	5.6
CAF351	01/19/2011	0.413	0.429	0.366	0.282	0.415	2.717	3.6	3.346	4.008	5.587
CAF351	01/20/2011	0.412	0.428	0.364	0.281	0.414	2.167	3.521	3.446	4.1	5.587
CAF351	01/21/2011	0.417	0.432	0.366	0.28	0.414	1.804	3.325	3.5	4.142	5.592
CAF351	01/22/2011	0.418	0.436	0.378	0.282	0.414	1.9	3.171	3.413	4.2	5.6
CAF351	01/23/2011	0.415	0.431	0.371	0.283	0.414	2.062	3.2	3.4	4.1	5.596
CAF351	01/24/2011	0.413	0.429	0.367	0.282	0.415	2.154	3.287	3.4	4.1	5.587
CAF351	01/25/2011	0.417	0.428	0.365	0.281	0.414	2.458	3.258	3.4	4.1	5.554
CAF351	01/26/2011	0.415	0.429	0.364	0.28	0.414	2.704	3.454	3.4	4.1	5.508
CAF351	01/27/2011	0.414	0.428	0.364	0.279	0.414	2.8	3.562	3.492	4.133	5.5
CAF351	01/28/2011	0.413	0.426	0.363	0.279	0.414	2.983	3.642	3.504	4.2	5.5
CAF351	01/29/2011	0.413	0.427	0.361	0.279	0.413	3.142	3.771	3.6	4.2	5.5
CAF351	01/30/2011	0.422	0.434	0.361	0.278	0.413	3.062	3.867	3.654	4.237	5.5
CAF351	01/31/2011	0.416	0.434	0.369	0.279	0.413	2.513	3.854	3.7	4.3	5.5
CAF351	02/01/2011	0.413	0.431	0.368	0.279	0.413	1.875	3.679	3.7	4.3	5.5
CAF351	02/02/2011	0.411	0.429	0.366	0.279	0.413	1.496	3.408	3.667	4.3	5.5
CAF351	02/03/2011	0.408	0.427	0.363	0.279	0.413	1.262	3.25	3.575	4.3	5.5
CAF351	02/04/2011	0.406	0.426	0.361	0.279	0.413	1.15	3.083	3.483	4.242	5.5
CAF351	02/05/2011	0.405	0.424	0.359	0.278	0.413	1.1	2.95	3.396	4.2	5.5
CAF351	02/06/2011	0.405	0.424	0.357	0.278	0.413	1.096	2.9	3.3	4.117	5.496
CAF351	02/07/2011	0.406	0.423	0.355	0.277	0.412	1.1	2.817	3.204	4.092	5.471
CAF351	02/08/2011	0.41	0.423	0.353	0.277	0.412	1.096	2.771	3.175	4	5.404
CAF351	02/09/2011	0.411	0.423	0.352	0.276	0.411	1.1	2.683	3.1	4	5.4
CAF351	02/10/2011	0.411	0.423	0.351	0.276	0.411	1.108	2.7	3.071	3.9	5.367
CAF351	02/11/2011	0.41	0.422	0.351	0.275	0.411	1.175	2.642	3	3.9	5.304
CAF351	02/12/2011	0.411	0.423	0.35	0.275	0.41	1.35	2.7	3	3.829	5.3
CAF351	02/13/2011	0.411	0.422	0.349	0.275	0.41	1.95	2.754	3	3.8	5.242
CAF351	02/14/2011	0.411	0.422	0.349	0.274	0.41	2.463	2.992	3	3.8	5.204
CAF351	02/15/2011	0.411	0.423	0.348	0.274	0.41	2.704	3.221	3.062	3.8	5.2
CAF351	02/16/2011	0.415	0.429	0.348	0.274	0.409	2.292	3.3	3.125	3.8	5.2
CAF351	02/17/2011	0.417	0.429	0.354	0.274	0.409	2.042	3.3	3.2	3.85	5.192
CAF351	02/18/2011	0.416	0.428	0.357	0.274	0.409	1.946	3.204	3.2	3.9	5.183
CAF351	02/19/2011	0.415	0.428	0.357	0.274	0.409	1.837	3.2	3.2	3.9	5.162
CAF351	02/20/2011	0.415	0.427	0.356	0.274	0.409	1.7	3.121	3.171	3.9	5.179
CAF351	02/21/2011	0.414	0.426	0.357	0.274	0.409	1.638	3.1	3.2	3.9	5.167
CAF351	02/22/2011	0.414	0.426	0.357	0.274	0.409	1.504	3.004	3.167	3.9	5.158
CAF351	02/23/2011	0.413	0.425	0.356	0.274	0.409	1.5	2.971	3.1	3.825	5.117
CAF351	02/24/2011	0.413	0.424	0.355	0.274	0.409	1.5	2.938	3.1	3.8	5.104
CAF351	02/25/2011	0.412	0.424	0.355	0.274	0.408	1.5	2.9	3.096	3.8	5.1
CAF351	02/26/2011	0.412	0.424	0.354	0.274	0.408	1.458	2.9	3	3.8	5.1
CAF351	02/27/2011	0.411	0.423	0.353	0.274	0.408	1.396	2.9	3	3.8	5.1
CAF351	02/28/2011	0.411	0.423	0.352	0.274	0.408	1.375	2.821	3	3.708	5.054
CAF351	03/01/2011	0.411	0.423	0.351	0.274	0.408	1.358	2.8	2.975	3.7	5.012
CAF351	03/02/2011	0.416	0.43	0.364	0.278	0.408	1.342	2.725	2.9	3.683	5
CAF351	03/03/2011	0.423	0.439	0.377	0.284	0.409	1.246	2.671	2.8	3.6	5
CAF351	03/04/2011	0.421	0.437	0.374	0.282	0.409	1.3	2.7	2.8	3.6	4.975
CAF351	03/05/2011	0.425	0.439	0.377	0.283	0.409	1.3	2.662	2.8	3.587	4.921
CAF351	03/06/2011	0.422	0.438	0.379	0.287	0.411	1.308	2.646	2.771	3.5	4.9
CAF351	03/07/2011	0.421	0.437	0.374	0.285	0.414	1.308	2.7	2.7	3.5	4.9
CAF351	03/08/2011	0.42	0.435	0.372	0.284	0.415	1.3	2.7	2.7	3.5	4.838
CAF351	03/09/2011	0.427	0.438	0.381	0.285	0.415	1.296	2.592	2.7	3.479	4.8
CAF351	03/10/2011	0.431	0.442	0.397	0.293	0.424	1.55	2.504	2.612	3.375	4.758
CAF351	03/11/2011	0.421	0.437	0.379	0.289	0.428	1.883	2.65	2.6	3.3	4.687
CAF351	03/12/2011	0.418	0.432	0.372	0.285	0.424	2.008	2.771	2.6	3.3	4.625
CAF351	03/13/2011	0.417	0.43	0.368	0.283	0.421	2.304	2.871	2.683	3.3	4.6
CAF351	03/14/2011	0.419	0.43	0.366	0.282	0.418	2.858	3.042	2.725	3.338	4.6
CAF351	03/15/2011	0.42	0.431	0.365	0.281	0.417	3.121	3.271	2.838	3.4	4.6
CAF351	03/16/2011	0.424	0.439	0.375	0.28	0.416	3.296	3.492	2.946	3.421	4.6
CAF351	03/17/2011	0.419	0.435	0.373	0.282	0.415	3.167	3.604	3.062	3.5	4.6
CAF351	03/18/2011	0.418	0.432	0.369	0.282	0.415	3.125	3.7	3.158	3.567	4.608
CAF351	03/19/2011	0.418	0.431	0.367	0.281	0.415	3.467	3.742	3.208	3.625	4.658
CAF351	03/20/2011	0.419	0.43	0.365	0.281	0.415	3.037	3.8	3.3	3.7	4.692
CAF351	03/21/2011	0.425	0.434	0.365	0.28	0.414	3.275	3.8	3.371	3.738	4.7
CAF351	03/22/2011	0.424	0.44	0.376	0.28	0.414	3.413	3.892	3.4	3.8	4.7
CAF351	03/23/2011	0.42	0.436	0.373	0.282	0.414	3.6	3.983	3.446	3.8	4.729
CAF351	03/24/2011	0.419	0.431	0.369	0.282	0.414	4.133	4.071	3.5	3.879	4.775
CAF351	03/25/2011	0.418	0.431	0.367	0.282	0.414	4.692	4.371	3.612	3.9	4.8
CAF351	03/26/2011	0.418	0.43	0.365	0.281	0.414	4.588	4.575	3.733	3.996	4.808
CAF351	03/27/2011	0.422	0.434	0.364	0.28	0.414	4.704	4.683	3.846	4.071	4.892
CAF351	03/28/2011	0.421	0.433	0.364	0.28	0.414	4.808	4.838	3.963	4.146	4.9
CAF351	03/29/2011	0.421	0.432	0.365	0.28	0.413	4.546	4.9	4.067	4.233	4.942
CAF351	03/30/2011	0.431	0.44	0.375	0.281	0.413	4.887	4.942	4.133	4.3	5
CAF351	03/31/2011	0.424	0.439	0.376	0.285	0.414	5.892	5.154	4.225	4.392	5.008
CAF351	04/01/2011	0.421	0.435	0.371	0.285	0.415	6.238	5.467	4.35	4.454	5.1
CAF351	04/02/2011	0.428	0.44	0.376	0.286	0.415	6.829	5.867	4.542	4.558	5.104
CAF351	04/03/2011	0.423	0.439	0.375	0.287	0.416	5.638	5.942	4.75	4.675	5.179
CAF351	04/04/2011	0.425	0.437	0.372	0.286	0.417	5.1	5.8	4.871	4.821	5.25
CAF351	04/05/2011	0.43	0.442	0.382	0.289	0.417	5.1	5.667	4.9	4.9	5.308
CAF351	04/06/2011	0.423	0.437	0.374	0.288	0.42	4.758	5.583	4.9	4.983	5.396
CAF351	04/07/2011	0.421	0.435	0.371	0.286	0.418	4.412	5.45	4.9	5	5.425
CAF351	04/08/2011	0.421	0.432	0.368	0.285	0.417	4.517	5.304	4.833	5	5.496
CAF351	04/09/2011	0.42	0.432	0.366	0.284	0.416	4.946	5.371	4.8	5	5.5
CAF351	04/10/2011	0.419	0.431	0.365	0.283	0.416	5.242	5.463	4.8	5	5.554
CAF351	04/11/2011	0.418	0.43	0.363	0.282	0.415	5.417	5.571	4.871	5	5.587
CAF351	04/12/2011	0.417	0.43	0.362	0.282	0.414	5.263	5.637	4.9	5.092	5.6
CAF351	04/13/2011	0.417	0.429	0.361	0.281	0.414	5.521	5.687	4.963	5.1	5.6
CAF351	04/14/2011	0.416	0.429	0.359	0.281	0.413	4.917	5.675	5	5.108	5.637
CAF351	04/15/2011	0.417	0.428	0.358	0.28	0.413	5.25	5.567	5	5.2	5.7
CAF351	04/16/2011	0.423	0.431	0.357	0.28	0.413	5.988	5.746	5	5.2	5.7
CAF351	04/17/2011	0.423	0.431	0.356	0.279	0.412	6.246	5.988	5.092	5.2	5.704
CAF351	04/18/2011	0.42	0.431	0.356	0.279	0.411	5.658	6.1	5.183	5.283	5.779
CAF351	04/19/2011	0.419	0.431	0.357	0.279	0.411	5.256	6	5.267	5.3	5.789
CAF351	04/20/2011	NA	NA	NA	NA	NA	NA	NA	NA	NA	NA
CAF351	10/26/2011	0.295	0.311	0.193	0.233	0.389	8.36	10.84	11.3	11.7	12.2
CAF351	10/27/2011	0.294	0.31	0.192	0.233	0.389	8.062	10.52	11.15	11.67	12.2
CAF351	10/28/2011	0.294	0.309	0.192	0.233	0.389	7.671	10.13	10.89	11.53	12.12
CAF351	10/29/2011	0.295	0.309	0.192	0.233	0.389	8.008	9.837	10.63	11.36	12.03
CAF351	10/30/2011	0.295	0.309	0.191	0.233	0.389	8.05	9.771	10.44	11.19	11.95
CAF351	10/31/2011	0.296	0.308	0.191	0.233	0.389	8.533	9.7	10.28	11.05	11.85
CAF351	11/01/2011	0.294	0.308	0.191	0.233	0.389	7.496	9.658	10.19	10.92	11.74
CAF351	11/02/2011	0.293	0.307	0.191	0.233	0.389	6.413	9.258	10.04	10.79	11.64
CAF351	11/03/2011	0.292	0.306	0.19	0.232	0.389	6.175	8.767	9.808	10.65	11.55
CAF351	11/04/2011	0.293	0.305	0.189	0.231	0.389	6.287	8.575	9.571	10.48	11.45
CAF351	11/05/2011	0.291	0.305	0.189	0.231	0.389	5.437	8.337	9.358	10.32	11.34
CAF351	11/06/2011	0.29	0.304	0.189	0.231	0.389	4.904	7.929	9.125	10.15	11.23
CAF351	11/07/2011	0.29	0.303	0.188	0.231	0.389	4.454	7.567	8.879	9.967	11.12
CAF351	11/08/2011	0.29	0.302	0.188	0.23	0.389	4.287	7.212	8.604	9.771	10.99
CAF351	11/09/2011	0.291	0.302	0.188	0.23	0.388	4.742	7.037	8.367	9.579	10.86
CAF351	11/10/2011	0.291	0.302	0.187	0.23	0.388	4.896	7	8.179	9.387	10.74
CAF351	11/11/2011	0.291	0.302	0.187	0.23	0.388	5.013	6.996	8.046	9.233	10.59
CAF351	11/12/2011	0.291	0.302	0.187	0.23	0.388	4.95	6.938	7.942	9.079	10.46
CAF351	11/13/2011	0.29	0.301	0.187	0.23	0.388	4.479	6.8	7.85	8.962	10.34
CAF351	11/14/2011	0.291	0.301	0.187	0.23	0.388	4.608	6.658	7.721	8.846	10.24
CAF351	11/15/2011	0.29	0.301	0.187	0.229	0.388	4.05	6.567	7.587	8.729	10.13
CAF351	11/16/2011	0.288	0.3	0.187	0.229	0.388	3.121	6.242	7.463	8.621	10.03
CAF351	11/17/2011	0.288	0.299	0.186	0.229	0.388	2.667	5.838	7.263	8.483	9.917
CAF351	11/18/2011	0.288	0.298	0.186	0.229	0.388	2.654	5.521	7.025	8.342	9.804
CAF351	11/19/2011	0.288	0.298	0.186	0.229	0.388	2.792	5.35	6.813	8.154	9.679
CAF351	11/20/2011	0.289	0.298	0.186	0.229	0.388	2.804	5.258	6.642	7.992	9.575
CAF351	11/21/2011	0.289	0.298	0.186	0.228	0.388	2.804	5.2	6.508	7.85	9.471
CAF351	11/22/2011	0.289	0.336	0.185	0.228	0.387	2.883	5.062	6.379	7.721	9.346
CAF351	11/23/2011	0.291	0.348	0.185	0.228	0.387	4.083	5.137	6.271	7.587	9.229
CAF351	11/24/2011	0.292	0.349	0.186	0.228	0.387	4.504	5.475	6.254	7.5	9.121
CAF351	11/25/2011	0.292	0.35	0.186	0.228	0.387	4.304	5.654	6.3	7.413	9.033
CAF351	11/26/2011	0.291	0.35	0.186	0.228	0.387	3.575	5.608	6.342	7.4	8.925
CAF351	11/27/2011	0.29	0.35	0.186	0.228	0.387	3.117	5.383	6.3	7.396	8.883
CAF351	11/28/2011	0.291	0.35	0.186	0.228	0.387	3.6	5.212	6.208	7.3	8.8
CAF351	11/29/2011	0.291	0.35	0.186	0.228	0.387	3.646	5.296	6.117	7.237	8.737
CAF351	11/30/2011	0.291	0.35	0.186	0.228	0.387	3.588	5.3	6.1	7.183	8.671
CAF351	12/01/2011	0.291	0.35	0.186	0.228	0.387	3.163	5.192	6.046	7.1	8.596
CAF351	12/02/2011	0.291	0.349	0.186	0.228	0.387	2.662	5.021	5.975	7.062	8.533
CAF351	12/03/2011	0.291	0.349	0.185	0.228	0.387	2.3	4.792	5.85	6.992	8.471
CAF351	12/04/2011	0.291	0.349	0.185	0.227	0.387	1.971	4.55	5.725	6.896	8.4
CAF351	12/05/2011	0.291	0.348	0.185	0.227	0.387	1.746	4.325	5.554	6.783	8.304
CAF351	12/06/2011	0.291	0.348	0.185	0.227	0.387	1.533	4.121	5.408	6.671	8.242
CAF351	12/07/2011	0.291	0.348	0.185	0.227	0.386	1.437	3.95	5.254	6.554	8.183
CAF351	12/08/2011	0.291	0.347	0.185	0.227	0.386	1.296	3.808	5.1	6.442	8.079
CAF351	12/09/2011	0.292	0.347	0.185	0.227	0.387	1.142	3.662	4.967	6.325	8
CAF351	12/10/2011	0.292	0.347	0.185	0.227	0.387	1.083	3.525	4.842	6.187	7.9
CAF351	12/11/2011	0.293	0.346	0.184	0.226	0.386	1.054	3.404	4.721	6.075	7.8
CAF351	12/12/2011	0.294	0.345	0.184	0.226	0.386	0.9375	3.321	4.612	5.971	7.717
CAF351	12/13/2011	0.294	0.345	0.184	0.226	0.386	0.8333	3.225	4.504	5.863	7.629
CAF351	12/14/2011	0.294	0.345	0.184	0.226	0.386	0.7833	3.121	4.388	5.767	7.546
CAF351	12/15/2011	0.295	0.345	0.184	0.226	0.386	0.8	3.037	4.3	5.667	7.45
CAF351	12/16/2011	0.295	0.345	0.184	0.226	0.386	0.8125	3	4.208	5.571	7.379
CAF351	12/17/2011	0.296	0.345	0.184	0.226	0.386	0.875	2.946	4.129	5.492	7.292
CAF351	12/18/2011	0.296	0.344	0.184	0.226	0.385	0.9	2.9	4.087	5.4	7.196
CAF351	12/19/2011	0.296	0.344	0.184	0.226	0.385	0.9	2.9	4	5.325	7.121
CAF351	12/20/2011	0.297	0.344	0.184	0.226	0.385	0.9	2.9	3.983	5.271	7.054
CAF351	12/21/2011	0.297	0.344	0.184	0.226	0.385	0.9	2.9	3.9	5.2	6.983
CAF351	12/22/2011	0.298	0.344	0.184	0.226	0.385	0.8375	2.821	3.879	5.133	6.904
CAF351	12/23/2011	0.298	0.344	0.184	0.225	0.385	0.6583	2.792	3.8	5.1	6.838
CAF351	12/24/2011	0.298	0.343	0.184	0.225	0.385	0.5292	2.7	3.771	5.021	6.788
CAF351	12/25/2011	0.298	0.343	0.184	0.225	0.385	0.5833	2.617	3.7	4.992	6.708
CAF351	12/26/2011	0.299	0.343	0.184	0.225	0.385	0.6	2.6	3.633	4.9	6.662
CAF351	12/27/2011	0.299	0.342	0.184	0.225	0.385	0.6208	2.6	3.6	4.854	6.6
CAF351	12/28/2011	0.299	0.342	0.184	0.225	0.385	0.6917	2.592	3.529	4.8	6.517
CAF351	12/29/2011	0.299	0.343	0.184	0.225	0.385	0.7333	2.5	3.5	4.717	6.492
CAF351	12/30/2011	0.326	0.371	0.184	0.225	0.385	1.329	2.504	3.45	4.7	6.404
CAF351	12/31/2011	0.346	0.395	0.184	0.225	0.385	1.75	2.704	3.4	4.617	6.388
CAF351	01/01/2012	0.353	0.395	0.185	0.225	0.385	1.446	2.8	3.467	4.6	6.304
CAF351	01/02/2012	0.358	0.394	0.185	0.225	0.385	1.4	2.8	3.5	4.6	6.263
CAF351	01/03/2012	0.364	0.393	0.185	0.225	0.385	1.433	2.8	3.5	4.6	6.2
CAF351	01/04/2012	0.369	0.392	0.185	0.225	0.385	1.792	2.875	3.5	4.6	6.2
CAF351	01/05/2012	0.374	0.391	0.185	0.225	0.385	2.583	3.05	3.5	4.6	6.171
CAF351	01/06/2012	0.375	0.391	0.185	0.225	0.385	2.354	3.283	3.604	4.6	6.104
CAF351	01/07/2012	0.376	0.391	0.185	0.225	0.385	1.804	3.287	3.7	4.6	6.1
CAF351	01/08/2012	0.376	0.39	0.185	0.225	0.385	1.65	3.179	3.7	4.6	6.1
CAF351	01/09/2012	0.377	0.389	0.185	0.225	0.385	1.758	3.1	3.7	4.6	6.1
CAF351	01/10/2012	0.377	0.389	0.185	0.225	0.385	1.958	3.108	3.7	4.6	6.075
CAF351	01/11/2012	0.377	0.389	0.185	0.225	0.385	1.746	3.179	3.7	4.6	6.012
CAF351	01/12/2012	0.377	0.388	0.186	0.225	0.385	1.417	3.079	3.65	4.6	6
CAF351	01/13/2012	0.376	0.388	0.186	0.225	0.385	1.204	2.954	3.6	4.6	6
CAF351	01/14/2012	0.375	0.388	0.186	0.225	0.385	1.1	2.838	3.546	4.517	5.983
CAF351	01/15/2012	0.374	0.387	0.185	0.225	0.385	1.029	2.746	3.5	4.5	5.95
CAF351	01/16/2012	0.373	0.387	0.185	0.225	0.385	1	2.7	3.404	4.45	5.9
CAF351	01/17/2012	0.372	0.385	0.185	0.225	0.385	0.9917	2.575	3.379	4.4	5.9
CAF351	01/18/2012	0.371	0.385	0.185	0.225	0.385	0.9625	2.6	3.3	4.367	5.838
CAF351	01/19/2012	0.371	0.385	0.185	0.225	0.385	0.9083	2.471	3.258	4.3	5.8
CAF351	01/20/2012	0.371	0.384	0.186	0.225	0.385	0.9	2.5	3.2	4.3	5.796
CAF351	01/21/2012	0.371	0.385	0.186	0.225	0.385	0.9042	2.454	3.2	4.2	5.737
CAF351	01/22/2012	0.374	0.397	0.186	0.225	0.385	0.9	2.371	3.121	4.2	5.7
CAF351	01/23/2012	0.379	0.4	0.186	0.225	0.384	0.9	2.371	3.1	4.129	5.675
CAF351	01/24/2012	0.382	0.401	0.186	0.225	0.384	0.9	2.4	3.092	4.1	5.617
CAF351	01/25/2012	0.386	0.401	0.186	0.225	0.385	0.9042	2.363	3	4.1	5.6
CAF351	01/26/2012	0.404	0.408	0.186	0.224	0.384	0.9	2.3	3	4.012	5.587
CAF351	01/27/2012	0.408	0.412	0.187	0.225	0.384	0.9	2.3	2.917	4	5.5
CAF351	01/28/2012	0.405	0.409	0.187	0.225	0.385	0.9542	2.3	2.9	3.933	5.496
CAF351	01/29/2012	0.403	0.407	0.189	0.225	0.385	0.975	2.3	2.9	3.9	5.417
CAF351	01/30/2012	0.406	0.413	0.21	0.225	0.385	0.9833	2.225	2.813	3.863	5.4
CAF351	01/31/2012	0.409	0.416	0.298	0.231	0.387	0.9125	2.1	2.7	3.796	5.367
CAF351	02/01/2012	0.411	0.416	0.309	0.236	0.388	0.9	2.1	2.7	3.7	5.288
CAF351	02/02/2012	0.411	0.418	0.319	0.238	0.389	0.9208	2.1	2.7	3.7	5.204
CAF351	02/03/2012	0.408	0.417	0.321	0.24	0.389	0.9833	2.1	2.7	3.692	5.196
CAF351	02/04/2012	0.406	0.415	0.321	0.242	0.39	1	2.121	2.7	3.6	5.121
CAF351	02/05/2012	0.405	0.414	0.32	0.244	0.39	1	2.2	2.7	3.6	5.1
CAF351	02/06/2012	0.404	0.413	0.319	0.244	0.391	1	2.2	2.7	3.6	5.1
CAF351	02/07/2012	0.403	0.412	0.317	0.244	0.391	1.025	2.2	2.7	3.6	5.096
CAF351	02/08/2012	0.402	0.411	0.316	0.244	0.391	1.075	2.2	2.7	3.6	5.017
CAF351	02/09/2012	0.402	0.41	0.315	0.244	0.391	1.154	2.2	2.696	3.546	5
CAF351	02/10/2012	0.404	0.41	0.314	0.244	0.391	1.667	2.246	2.633	3.5	4.979
CAF351	02/11/2012	0.406	0.41	0.314	0.244	0.391	2.292	2.442	2.7	3.5	4.904
CAF351	02/12/2012	0.409	0.41	0.313	0.244	0.391	2.4	2.667	2.742	3.512	4.9
CAF351	02/13/2012	0.408	0.411	0.312	0.245	0.391	2.433	2.85	2.846	3.6	4.9
CAF351	02/14/2012	0.408	0.412	0.312	0.245	0.392	2.208	2.9	2.925	3.608	4.9
CAF351	02/15/2012	0.407	0.412	0.312	0.245	0.391	2.054	2.9	3	3.7	4.9
CAF351	02/16/2012	0.406	0.413	0.313	0.245	0.391	1.921	2.9	3	3.7	4.9
CAF351	02/17/2012	0.404	0.412	0.314	0.245	0.391	1.713	2.804	3	3.7	4.9
CAF351	02/18/2012	0.405	0.412	0.313	0.245	0.392	2.129	2.8	3	3.7	4.9
CAF351	02/19/2012	0.405	0.411	0.314	0.245	0.391	2.008	2.871	3	3.7	4.908
CAF351	02/20/2012	0.404	0.411	0.313	0.245	0.392	1.833	2.833	3	3.721	4.9
CAF351	02/21/2012	0.411	0.416	0.313	0.245	0.391	1.738	2.767	3	3.8	4.9
CAF351	02/22/2012	0.412	0.42	0.316	0.245	0.392	3.017	2.838	3	3.771	4.9
CAF351	02/23/2012	0.409	0.42	0.322	0.245	0.392	2.783	3.154	3.075	3.762	4.9
CAF351	02/24/2012	0.406	0.418	0.324	0.246	0.392	2.271	3.179	3.183	3.8	4.9
CAF351	02/25/2012	0.405	0.417	0.324	0.246	0.392	2.267	3.1	3.2	3.8	4.904
CAF351	02/26/2012	0.404	0.416	0.324	0.247	0.392	1.942	3.054	3.2	3.8	4.9
CAF351	02/27/2012	0.403	0.415	0.323	0.247	0.392	1.692	2.933	3.2	3.863	4.9
CAF351	02/28/2012	0.402	0.415	0.323	0.247	0.392	1.55	2.821	3.171	3.8	4.904
CAF351	02/29/2012	0.402	0.414	0.322	0.248	0.393	1.5	2.733	3.1	3.8	4.917
CAF351	03/01/2012	0.402	0.413	0.321	0.248	0.393	1.483	2.692	3.067	3.8	4.9
CAF351	03/02/2012	0.402	0.413	0.321	0.248	0.393	1.429	2.6	3	3.8	4.9
CAF351	03/03/2012	0.402	0.413	0.32	0.248	0.393	1.392	2.6	2.996	3.721	4.9
CAF351	03/04/2012	0.407	0.411	0.319	0.248	0.393	1.942	2.583	2.9	3.7	4.9
CAF351	03/05/2012	0.408	0.412	0.319	0.248	0.393	3.137	2.804	2.908	3.7	4.867
CAF351	03/06/2012	0.41	0.413	0.318	0.248	0.393	2.8	3.125	3.025	3.7	4.829
CAF351	03/07/2012	0.408	0.413	0.318	0.248	0.393	2.092	3.117	3.1	3.7	4.8
CAF351	03/08/2012	0.406	0.414	0.318	0.248	0.393	1.908	2.963	3.121	3.787	4.8
CAF351	03/09/2012	0.405	0.414	0.318	0.248	0.393	2.617	2.946	3.1	3.8	4.8
CAF351	03/10/2012	0.404	0.414	0.318	0.248	0.393	3.442	3.183	3.133	3.8	4.8
CAF351	03/11/2012	0.402	0.414	0.318	0.248	0.393	3.796	3.471	3.229	3.8	4.8
CAF351	03/12/2012	0.402	0.414	0.319	0.248	0.393	3.129	3.658	3.363	3.838	4.804
CAF351	03/13/2012	0.406	0.414	0.319	0.248	0.393	2.971	3.55	3.45	3.9	4.838
CAF351	03/14/2012	0.41	0.414	0.318	0.248	0.393	2.779	3.5	3.5	3.967	4.892
CAF351	03/15/2012	0.416	0.415	0.319	0.248	0.393	3.217	3.5	3.5	4	4.896
CAF351	03/16/2012	0.421	0.423	0.328	0.249	0.393	4.046	3.696	3.5	4	4.9
CAF351	03/17/2012	0.415	0.423	0.343	0.25	0.393	4.179	3.946	3.592	4.004	4.9
CAF351	03/18/2012	0.412	0.421	0.342	0.254	0.393	3.646	4.071	3.704	4.1	4.925
CAF351	03/19/2012	0.41	0.42	0.34	0.256	0.393	3.038	3.963	3.8	4.137	4.967
CAF351	03/20/2012	0.409	0.419	0.339	0.257	0.394	2.721	3.796	3.8	4.2	5
CAF351	03/21/2012	0.419	0.42	0.337	0.257	0.395	2.387	3.629	3.733	4.2	5
CAF351	03/22/2012	0.423	0.433	0.356	0.262	0.396	2.05	3.383	3.662	4.2	5
CAF351	03/23/2012	0.42	0.428	0.356	0.271	0.4	2.008	3.188	3.533	4.108	5
CAF351	03/24/2012	0.417	0.425	0.354	0.272	0.408	2.429	3.1	3.438	4.083	5
CAF351	03/25/2012	0.414	0.422	0.349	0.272	0.411	3.683	3.296	3.4	4	5
CAF351	03/26/2012	0.423	0.428	0.354	0.272	0.411	4.758	3.775	3.446	4	4.95
CAF351	03/27/2012	0.418	0.425	0.354	0.275	0.416	4.325	4.1	3.608	4	4.904
CAF351	03/28/2012	0.42	0.424	0.349	0.273	0.416	4.942	4.283	3.754	4.096	4.9
CAF351	03/29/2012	0.419	0.424	0.35	0.272	0.416	5.167	4.537	3.904	4.175	4.9
CAF351	03/30/2012	0.43	0.432	0.359	0.275	0.416	5.538	4.783	4.058	4.275	4.971
CAF351	03/31/2012	0.423	0.428	0.357	0.278	0.422	5.583	5.037	4.237	4.367	5
CAF351	04/01/2012	0.423	0.426	0.354	0.276	0.421	5.317	5.171	4.367	4.479	5.004
CAF351	04/02/2012	0.419	0.425	0.352	0.275	0.419	4.6	5.071	4.5	4.592	5.058
CAF351	04/03/2012	0.417	0.423	0.349	0.274	0.418	4.933	5	4.5	4.692	5.108
CAF351	04/04/2012	0.415	0.423	0.347	0.273	0.417	4.95	5.062	4.6	4.712	5.192
CAF351	04/05/2012	0.415	0.423	0.347	0.272	0.416	3.892	4.929	4.6	4.8	5.2
CAF351	04/06/2012	0.416	0.423	0.346	0.272	0.415	3.908	4.708	4.583	4.8	5.279
CAF351	04/07/2012	0.418	0.423	0.346	0.272	0.414	3.687	4.558	4.5	4.8	5.3
CAF351	04/08/2012	0.416	0.422	0.346	0.271	0.414	4.592	4.562	4.433	4.8	5.3
CAF351	04/09/2012	0.414	0.422	0.344	0.271	0.413	5.5	4.783	4.433	4.8	5.304
CAF351	04/10/2012	0.413	0.421	0.343	0.271	0.413	6.65	5.2	4.537	4.8	5.363
CAF351	04/11/2012	0.411	0.421	0.341	0.271	0.412	7.329	5.671	4.712	4.883	5.396
CAF351	04/12/2012	0.409	0.421	0.34	0.27	0.411	7.642	6.092	4.946	4.975	5.4
CAF351	04/13/2012	0.408	0.421	0.339	0.27	0.411	7.45	6.371	5.187	5.121	5.458
CAF351	04/14/2012	0.407	0.421	0.338	0.27	0.411	7.383	6.558	5.392	5.263	5.5
CAF351	04/15/2012	0.406	0.42	0.337	0.27	0.411	7.396	6.65	5.546	5.408	5.579
CAF351	04/16/2012	0.404	0.42	0.336	0.27	0.41	7.212	6.7	5.675	5.529	5.629
CAF351	04/17/2012	0.404	0.419	0.335	0.269	0.41	6.933	6.7	5.788	5.642	5.717
CAF351	04/18/2012	0.405	0.419	0.333	0.269	0.41	7.512	6.75	5.821	5.729	5.8
CAF351	04/19/2012	0.408	0.419	0.332	0.269	0.409	7.775	6.883	5.925	5.804	5.875
CAF351	04/20/2012	0.41	0.418	0.331	0.269	0.409	8.454	7.108	6.037	5.9	5.925
CAF351	04/21/2012	0.412	0.418	0.331	0.269	0.409	9.1	7.413	6.175	5.992	6.004
CAF351	04/22/2012	0.412	0.419	0.33	0.269	0.409	10.34	7.867	6.375	6.108	6.062
CAF351	04/23/2012	0.412	0.42	0.33	0.269	0.409	11.77	8.475	6.633	6.246	6.142
CAF351	04/24/2012	0.412	0.421	0.33	0.269	0.408	12.69	9.192	6.988	6.454	6.221
CAF351	04/25/2012	0.41	0.421	0.329	0.269	0.408	12.49	9.742	7.4	6.687	6.338
CAF351	04/26/2012	0.41	0.422	0.329	0.269	0.408	12.25	10.04	7.775	6.95	6.463
CAF351	04/27/2012	0.418	0.422	0.329	0.269	0.408	10.2	10.01	8.058	7.204	6.6
CAF351	04/28/2012	0.416	0.422	0.329	0.269	0.408	9.263	9.567	8.2	7.429	6.746
CAF351	04/29/2012	0.414	0.422	0.328	0.269	0.408	9.525	9.258	8.133	7.558	6.879
CAF351	04/30/2012	0.416	0.422	0.328	0.269	0.408	10.2	9.258	8.1	7.6	7.025
CAF351	05/01/2012	0.417	0.423	0.328	0.269	0.407	9.421	9.288	8.1	7.671	7.108
CAF351	05/02/2012	0.415	0.423	0.329	0.269	0.407	8.646	9.096	8.1	7.7	7.204
CAF351	05/03/2012	0.414	0.423	0.329	0.269	0.407	8.612	8.867	8.096	7.758	7.292
CAF351	05/04/2012	0.419	0.426	0.329	0.269	0.407	8.554	8.754	8	7.8	7.354
CAF351	05/05/2012	0.417	0.425	0.329	0.269	0.407	8.221	8.625	7.95	7.7	7.4
CAF351	05/06/2012	0.415	0.424	0.33	0.269	0.407	8.167	8.5	7.9	7.7	7.422
CAF351	05/07/2012	NA	NA	NA	NA	NA	NA	NA	NA	NA	NA
CAF351	11/09/2013	0.153	0.302	0.251	0.253	0.391	6.25	7.492	8.412	9.425	10.63
CAF351	11/10/2013	0.155	0.303	0.251	0.254	0.391	6.517	7.463	8.325	9.308	10.52
CAF351	11/11/2013	0.157	0.303	0.251	0.254	0.391	6.904	7.537	8.254	9.208	10.42
CAF351	11/12/2013	0.159	0.304	0.251	0.253	0.391	7.2	7.671	8.2	9.129	10.33
CAF351	11/13/2013	0.159	0.304	0.251	0.253	0.391	7.167	7.75	8.2	9.1	10.26
CAF351	11/14/2013	0.159	0.304	0.251	0.252	0.391	6.837	7.754	8.2	9.021	10.2
CAF351	11/15/2013	0.159	0.304	0.251	0.252	0.391	6.475	7.621	8.2	9	10.11
CAF351	11/16/2013	0.216	0.304	0.251	0.252	0.391	5.496	7.383	8.129	8.954	10.08
CAF351	11/17/2013	0.236	0.304	0.251	0.252	0.391	5.275	7.021	7.992	8.887	10
CAF351	11/18/2013	0.23	0.303	0.251	0.252	0.391	5.467	6.833	7.833	8.779	9.946
CAF351	11/19/2013	0.228	0.303	0.251	0.252	0.391	5.662	6.746	7.675	8.675	9.883
CAF351	11/20/2013	0.229	0.303	0.251	0.252	0.391	5.629	6.763	7.6	8.579	9.8
CAF351	11/21/2013	0.226	0.303	0.251	0.251	0.391	4.525	6.567	7.5	8.5	9.721
CAF351	11/22/2013	0.222	0.302	0.251	0.251	0.391	3.725	6.104	7.35	8.4	9.646
CAF351	11/23/2013	0.218	0.301	0.25	0.251	0.391	3.225	5.637	7.117	8.258	9.588
CAF351	11/24/2013	0.215	0.301	0.25	0.251	0.39	2.888	5.313	6.875	8.108	9.492
CAF351	11/25/2013	0.212	0.3	0.25	0.251	0.39	2.667	4.987	6.621	7.938	9.4
CAF351	11/26/2013	0.209	0.3	0.25	0.25	0.39	2.537	4.779	6.396	7.75	9.296
CAF351	11/27/2013	0.208	0.299	0.25	0.25	0.39	2.458	4.587	6.192	7.579	9.179
CAF351	11/28/2013	0.206	0.299	0.249	0.25	0.39	2.358	4.408	6.012	7.417	9.05
CAF351	11/29/2013	0.205	0.299	0.249	0.25	0.39	2.262	4.288	5.838	7.25	8.937
CAF351	11/30/2013	0.204	0.299	0.249	0.249	0.39	2.2	4.15	5.687	7.108	8.833
CAF351	12/01/2013	0.227	0.299	0.249	0.249	0.39	2.146	4.046	5.546	6.963	8.7
CAF351	12/02/2013	0.248	0.299	0.249	0.249	0.39	2.75	3.987	5.425	6.838	8.588
CAF351	12/03/2013	0.236	0.299	0.249	0.249	0.39	2.804	4.071	5.333	6.717	8.475
CAF351	12/04/2013	0.232	0.299	0.249	0.249	0.39	2.692	4.1	5.3	6.625	8.362
CAF351	12/05/2013	0.228	0.299	0.249	0.249	0.39	2.558	4.008	5.246	6.554	8.271
CAF351	12/06/2013	0.224	0.299	0.249	0.248	0.39	2.413	3.925	5.167	6.488	8.183
CAF351	12/07/2013	0.221	0.299	0.249	0.248	0.389	2.196	3.804	5.087	6.392	8.1
CAF351	12/08/2013	0.217	0.299	0.249	0.248	0.389	1.933	3.679	4.983	6.3	8.017
CAF351	12/09/2013	0.214	0.299	0.248	0.248	0.389	1.646	3.483	4.867	6.204	7.946
CAF351	12/10/2013	0.21	0.299	0.248	0.248	0.389	1.513	3.312	4.742	6.112	7.858
CAF351	12/11/2013	0.207	0.299	0.248	0.248	0.389	1.404	3.158	4.621	5.996	7.767
CAF351	12/12/2013	0.205	0.299	0.248	0.248	0.389	1.4	3.054	4.479	5.888	7.692
CAF351	12/13/2013	0.204	0.299	0.248	0.247	0.389	1.4	2.975	4.363	5.783	7.604
CAF351	12/14/2013	0.203	0.299	0.248	0.247	0.389	1.4	2.9	4.288	5.683	7.512
CAF351	12/15/2013	0.203	0.299	0.248	0.247	0.389	1.4	2.817	4.2	5.592	7.417
CAF351	12/16/2013	0.205	0.299	0.248	0.247	0.389	1.4	2.8	4.104	5.5	7.329
CAF351	12/17/2013	0.208	0.299	0.248	0.247	0.389	1.4	2.8	4.054	5.413	7.267
CAF351	12/18/2013	0.21	0.298	0.248	0.247	0.389	1.4	2.742	4	5.346	7.175
CAF351	12/19/2013	0.211	0.299	0.248	0.247	0.389	1.421	2.758	3.938	5.288	7.1
CAF351	12/20/2013	0.211	0.3	0.248	0.247	0.389	1.5	2.671	3.9	5.2	7.017
CAF351	12/21/2013	0.21	0.299	0.248	0.247	0.389	1.5	2.671	3.796	5.154	6.958
CAF351	12/22/2013	0.208	0.301	0.248	0.246	0.389	1.5	2.7	3.8	5.1	6.9
CAF351	12/23/2013	0.217	0.301	0.248	0.246	0.389	1.471	2.671	3.8	5.05	6.804
CAF351	12/24/2013	0.23	0.3	0.248	0.246	0.389	1.462	2.671	3.7	5	6.754
CAF351	12/25/2013	0.228	0.301	0.248	0.246	0.389	1.5	2.625	3.7	4.954	6.696
CAF351	12/26/2013	0.225	0.301	0.248	0.246	0.389	1.5	2.6	3.65	4.9	6.604
CAF351	12/27/2013	0.222	0.301	0.248	0.246	0.388	1.5	2.542	3.6	4.842	6.592
CAF351	12/28/2013	0.22	0.301	0.248	0.246	0.388	1.5	2.6	3.6	4.8	6.512
CAF351	12/29/2013	0.218	0.301	0.248	0.246	0.388	1.462	2.6	3.583	4.796	6.483
CAF351	12/30/2013	0.216	0.301	0.247	0.245	0.389	1.4	2.6	3.471	4.7	6.404
CAF351	12/31/2013	0.213	0.302	0.248	0.246	0.388	1.4	2.6	3.5	4.7	6.396
CAF351	01/01/2014	0.212	0.301	0.248	0.245	0.388	1.4	2.483	3.5	4.667	6.313
CAF351	01/02/2014	0.212	0.302	0.248	0.245	0.388	1.4	2.5	3.438	4.6	6.3
CAF351	01/03/2014	0.212	0.302	0.248	0.245	0.388	1.4	2.5	3.4	4.6	6.237
CAF351	01/04/2014	0.212	0.302	0.248	0.245	0.388	1.4	2.5	3.4	4.542	6.2
CAF351	01/05/2014	0.211	0.302	0.248	0.245	0.388	1.367	2.5	3.4	4.5	6.183
CAF351	01/06/2014	0.209	0.302	0.248	0.245	0.388	1.267	2.446	3.321	4.5	6.112
CAF351	01/07/2014	0.207	0.302	0.248	0.245	0.388	1.2	2.4	3.3	4.45	6.1
CAF351	01/08/2014	0.206	0.302	0.248	0.245	0.388	1.2	2.358	3.275	4.4	6.096
CAF351	01/09/2014	0.205	0.303	0.248	0.245	0.388	1.2	2.3	3.2	4.4	6.037
CAF351	01/10/2014	0.205	0.303	0.248	0.245	0.388	1.2	2.3	3.2	4.325	6
CAF351	01/11/2014	0.228	0.303	0.248	0.245	0.388	1.158	2.3	3.179	4.3	6
CAF351	01/12/2014	0.232	0.305	0.248	0.245	0.388	1.2	2.3	3.1	4.275	5.917
CAF351	01/13/2014	0.229	0.308	0.248	0.245	0.388	1.208	2.3	3.1	4.2	5.9
CAF351	01/14/2014	0.23	0.311	0.248	0.245	0.388	1.283	2.3	3.1	4.2	5.85
CAF351	01/15/2014	0.233	0.315	0.249	0.245	0.388	1.308	2.3	3.096	4.2	5.8
CAF351	01/16/2014	0.234	0.318	0.249	0.245	0.388	1.4	2.3	3	4.104	5.796
CAF351	01/17/2014	0.234	0.32	0.249	0.245	0.388	1.421	2.3	3	4.1	5.758
CAF351	01/18/2014	0.233	0.323	0.249	0.245	0.388	1.5	2.3	3	4.1	5.7
CAF351	01/19/2014	0.231	0.325	0.25	0.245	0.388	1.5	2.3	3	4.1	5.7
CAF351	01/20/2014	0.23	0.327	0.25	0.245	0.388	1.5	2.3	3	4.071	5.654
CAF351	01/21/2014	0.229	0.328	0.25	0.245	0.388	1.5	2.3	3	4	5.604
CAF351	01/22/2014	0.229	0.33	0.25	0.245	0.388	1.517	2.3	3	4	5.6
CAF351	01/23/2014	0.227	0.331	0.251	0.245	0.388	1.558	2.3	3	4	5.592
CAF351	01/24/2014	0.225	0.333	0.251	0.245	0.388	1.571	2.3	3	4	5.533
CAF351	01/25/2014	0.225	0.334	0.251	0.245	0.388	1.596	2.3	3	4	5.5
CAF351	01/26/2014	0.224	0.335	0.251	0.245	0.388	1.6	2.304	3	4	5.5
CAF351	01/27/2014	0.223	0.336	0.251	0.245	0.388	1.588	2.3	3	3.9	5.488
CAF351	01/28/2014	0.221	0.337	0.251	0.245	0.388	1.517	2.3	2.95	3.9	5.433
CAF351	01/29/2014	0.229	0.337	0.252	0.245	0.388	1.475	2.3	2.9	3.9	5.4
CAF351	01/30/2014	0.245	0.339	0.252	0.245	0.388	1.475	2.3	2.9	3.9	5.4
CAF351	01/31/2014	0.241	0.344	0.252	0.245	0.389	1.5	2.3	2.9	3.9	5.4
CAF351	02/01/2014	0.24	0.352	0.253	0.245	0.388	1.5	2.3	2.9	3.9	5.379
CAF351	02/02/2014	0.239	0.357	0.254	0.245	0.389	1.5	2.3	2.9	3.821	5.325
CAF351	02/03/2014	0.238	0.361	0.255	0.245	0.388	1.5	2.3	2.9	3.8	5.3
CAF351	02/04/2014	0.238	0.364	0.256	0.245	0.389	1.5	2.3	2.838	3.8	5.3
CAF351	02/05/2014	0.237	0.366	0.257	0.245	0.388	1.5	2.271	2.8	3.8	5.3
CAF351	02/06/2014	0.234	0.368	0.258	0.245	0.389	1.5	2.3	2.8	3.8	5.267
CAF351	02/07/2014	0.232	0.369	0.258	0.245	0.388	1.5	2.3	2.8	3.8	5.2
CAF351	02/08/2014	0.229	0.37	0.259	0.245	0.389	1.5	2.237	2.8	3.762	5.2
CAF351	02/09/2014	0.227	0.37	0.26	0.245	0.389	1.5	2.2	2.8	3.7	5.2
CAF351	02/10/2014	0.225	0.37	0.26	0.245	0.389	1.5	2.2	2.8	3.7	5.196
CAF351	02/11/2014	0.225	0.371	0.261	0.245	0.389	1.479	2.2	2.742	3.7	5.142
CAF351	02/12/2014	0.319	0.384	0.337	0.258	0.403	0.9583	2.054	2.404	3.575	5.062
CAF351	02/13/2014	0.281	0.4	0.334	0.265	0.412	1.167	1.921	2.379	3.454	4.988
CAF351	02/14/2014	0.272	0.404	0.337	0.263	0.408	1.304	2	2.492	3.5	4.988
CAF351	02/15/2014	0.267	0.408	0.34	0.263	0.407	1.462	2	2.5	3.5	4.95
CAF351	02/16/2014	0.263	0.411	0.344	0.262	0.406	1.904	2.037	2.5	3.496	4.904
CAF351	02/17/2014	0.263	0.412	0.339	0.263	0.405	2.012	2.188	2.537	3.4	4.9
CAF351	02/18/2014	0.268	0.415	0.344	0.262	0.405	2.217	2.292	2.6	3.4	4.9
CAF351	02/19/2014	0.259	0.417	0.35	0.263	0.405	2.4	2.396	2.612	3.4	4.896
CAF351	02/20/2014	0.253	0.416	0.343	0.264	0.406	2.087	2.5	2.7	3.496	4.871
CAF351	02/21/2014	0.255	0.416	0.341	0.264	0.407	1.921	2.429	2.7	3.5	4.842
CAF351	02/22/2014	0.25	0.416	0.341	0.264	0.407	1.967	2.4	2.7	3.5	4.813
CAF351	02/23/2014	0.248	0.416	0.339	0.264	0.407	1.925	2.4	2.7	3.5	4.8
CAF351	02/24/2014	0.247	0.415	0.338	0.264	0.407	1.842	2.4	2.7	3.5	4.8
CAF351	02/25/2014	0.247	0.415	0.336	0.264	0.407	1.8	2.4	2.7	3.5	4.8
CAF351	02/26/2014	0.248	0.415	0.336	0.264	0.407	1.821	2.371	2.7	3.5	4.8
CAF351	02/27/2014	0.249	0.415	0.335	0.264	0.407	1.808	2.4	2.671	3.5	4.8
CAF351	02/28/2014	0.252	0.415	0.336	0.264	0.407	1.8	2.4	2.7	3.5	4.796
CAF351	03/01/2014	0.255	0.415	0.339	0.265	0.407	1.787	2.304	2.7	3.5	4.796
CAF351	03/02/2014	0.25	0.416	0.342	0.265	0.407	1.7	2.271	2.7	3.483	4.796
CAF351	03/03/2014	0.269	0.418	0.35	0.266	0.407	1.654	2.3	2.688	3.4	4.733
CAF351	03/04/2014	0.262	0.421	0.357	0.273	0.409	1.804	2.204	2.6	3.4	4.708
CAF351	03/05/2014	0.256	0.419	0.349	0.274	0.412	2.971	2.375	2.6	3.367	4.7
CAF351	03/06/2014	0.268	0.421	0.352	0.273	0.413	4.004	2.775	2.671	3.342	4.683
CAF351	03/07/2014	0.261	0.421	0.352	0.274	0.414	4.429	3.258	2.838	3.4	4.629
CAF351	03/08/2014	0.254	0.42	0.347	0.274	0.415	4.5	3.587	3.017	3.471	4.612
CAF351	03/09/2014	0.268	0.421	0.347	0.273	0.414	5.158	3.813	3.238	3.583	4.65
CAF351	03/10/2014	0.259	0.422	0.352	0.274	0.414	5.792	4.225	3.438	3.717	4.7
CAF351	03/11/2014	0.256	0.422	0.347	0.274	0.415	5.212	4.488	3.675	3.842	4.7
CAF351	03/12/2014	0.252	0.421	0.345	0.274	0.415	5.183	4.5	3.842	3.975	4.779
CAF351	03/13/2014	0.25	0.42	0.342	0.273	0.414	5.304	4.583	3.971	4.108	4.833
CAF351	03/14/2014	0.248	0.419	0.34	0.272	0.413	5.35	4.675	4.071	4.208	4.9
CAF351	03/15/2014	0.249	0.418	0.339	0.272	0.413	4.908	4.7	4.171	4.304	4.975
CAF351	03/16/2014	0.248	0.418	0.337	0.271	0.412	5.038	4.7	4.2	4.4	5.017
CAF351	03/17/2014	0.252	0.417	0.336	0.271	0.411	5.179	4.737	4.3	4.463	5.096
CAF351	03/18/2014	0.252	0.418	0.335	0.271	0.411	4.596	4.658	4.271	4.5	5.129
CAF351	03/19/2014	0.249	0.418	0.335	0.271	0.411	4.483	4.583	4.3	4.587	5.2
CAF351	03/20/2014	0.247	0.417	0.335	0.27	0.41	4.346	4.5	4.3	4.6	5.225
CAF351	03/21/2014	0.244	0.417	0.335	0.27	0.41	3.975	4.333	4.3	4.6	5.296
CAF351	03/22/2014	0.242	0.417	0.334	0.27	0.409	3.896	4.25	4.271	4.6	5.3
CAF351	03/23/2014	0.24	0.416	0.333	0.27	0.409	4.167	4.2	4.2	4.6	5.3
CAF351	03/24/2014	0.239	0.415	0.332	0.269	0.409	4.533	4.225	4.2	4.6	5.317
CAF351	03/25/2014	0.238	0.415	0.331	0.269	0.409	4.95	4.404	4.2	4.6	5.342
CAF351	03/26/2014	0.236	0.415	0.331	0.269	0.409	5.133	4.546	4.288	4.6	5.383
CAF351	03/27/2014	0.235	0.415	0.33	0.269	0.409	5.454	4.688	4.329	4.629	5.4
CAF351	03/28/2014	0.235	0.415	0.329	0.269	0.408	5.35	4.892	4.433	4.7	5.4
CAF351	03/29/2014	0.239	0.415	0.329	0.269	0.408	5.662	4.963	4.504	4.733	5.4
CAF351	03/30/2014	0.244	0.415	0.328	0.268	0.408	5.833	5.117	4.6	4.8	5.429
CAF351	03/31/2014	0.243	0.415	0.327	0.268	0.408	5.575	5.2	4.696	4.858	5.492
CAF351	04/01/2014	0.242	0.415	0.326	0.268	0.408	5.879	5.254	4.75	4.917	5.5
CAF351	04/02/2014	0.241	0.415	0.326	0.268	0.408	6.046	5.371	4.817	5	5.512
CAF351	04/03/2014	0.24	0.415	0.326	0.268	0.408	5.917	5.4	4.9	5.042	5.592
CAF351	04/04/2014	0.239	0.415	0.325	0.268	0.408	6.421	5.512	4.975	5.1	5.608
CAF351	04/05/2014	0.238	0.415	0.325	0.268	0.407	6.213	5.667	5.046	5.158	5.65
CAF351	04/06/2014	0.237	0.415	0.325	0.268	0.407	6.529	5.712	5.1	5.2	5.7
CAF351	04/07/2014	0.237	0.415	0.325	0.268	0.407	6.871	5.871	5.204	5.3	5.717
CAF351	04/08/2014	0.237	0.415	0.324	0.268	0.407	8.104	6.162	5.321	5.346	5.796
CAF351	04/09/2014	0.236	0.416	0.324	0.268	0.407	8.746	6.642	5.488	5.433	5.8
CAF351	04/10/2014	0.234	0.416	0.324	0.268	0.407	8.279	6.963	5.721	5.554	5.888
CAF351	04/11/2014	0.232	0.416	0.324	0.268	0.407	8.271	7	5.908	5.708	5.925
CAF351	04/12/2014	0.23	0.416	0.323	0.268	0.407	8.158	7.087	6.05	5.838	6.004
CAF351	04/13/2014	0.229	0.416	0.323	0.268	0.407	7.988	7.087	6.154	5.942	6.092
CAF351	04/14/2014	0.227	0.416	0.323	0.268	0.407	8.158	7.092	6.204	6.037	6.158
CAF351	04/15/2014	0.226	0.415	0.322	0.268	0.407	8.4	7.179	6.3	6.1	6.237
CAF351	04/16/2014	0.224	0.415	0.322	0.268	0.407	7.812	7.242	6.367	6.2	6.3
CAF351	04/17/2014	0.223	0.415	0.322	0.268	0.407	7.729	7.108	6.4	6.25	6.358
CAF351	04/18/2014	0.223	0.415	0.321	0.268	0.407	7.629	7.1	6.4	6.3	6.4
CAF351	04/19/2014	0.224	0.415	0.321	0.268	0.407	7.287	7.058	6.4	6.3	6.483
CAF351	04/20/2014	0.224	0.414	0.321	0.268	0.407	7.654	7	6.4	6.388	6.508
CAF351	04/21/2014	0.225	0.414	0.32	0.268	0.407	8.404	7.137	6.4	6.4	6.567
CAF351	04/22/2014	0.224	0.414	0.319	0.268	0.407	8.517	7.358	6.496	6.4	6.6
CAF351	04/23/2014	0.223	0.414	0.319	0.268	0.407	7.546	7.371	6.587	6.492	6.604
CAF351	04/24/2014	0.226	0.414	0.319	0.268	0.407	7.308	7.179	6.6	6.5	6.671
CAF351	04/25/2014	0.237	0.413	0.318	0.268	0.407	7.429	7.1	6.6	6.592	6.7
CAF351	04/26/2014	0.239	0.413	0.318	0.268	0.407	7.354	7.083	6.6	6.6	6.717
CAF351	04/27/2014	0.238	0.413	0.318	0.268	0.406	7.175	7.046	6.504	6.6	6.796
CAF351	04/28/2014	0.237	0.413	0.317	0.268	0.406	6.875	6.954	6.5	6.6	6.8
CAF351	04/29/2014	0.236	0.413	0.317	0.267	0.406	7.175	6.871	6.5	6.6	6.8
CAF351	04/30/2014	0.236	0.413	0.317	0.267	0.406	8.333	7.012	6.5	6.6	6.808
CAF351	05/01/2014	0.236	0.413	0.316	0.267	0.406	9.646	7.437	6.537	6.6	6.842
CAF351	05/02/2014	0.235	0.414	0.316	0.267	0.405	10.65	8.004	6.712	6.621	6.888
CAF351	05/03/2014	0.237	0.415	0.316	0.267	0.405	11.01	8.417	6.925	6.7	6.892
CAF351	05/04/2014	0.235	NA	NA	NA	NA	10.69	NA	NA	NA	NA
CAF351	09/26/2014	0.17	0.322	0.205	0.195	0.378	17.8	16.87	15.8	15.2	14.5
CAF351	09/27/2014	0.169	0.321	0.205	0.196	0.378	17.52	16.77	15.8	15.2	14.51
CAF351	09/28/2014	0.169	0.321	0.205	0.196	0.379	17.5	16.66	15.7	15.2	14.52
CAF351	09/29/2014	0.169	0.321	0.205	0.196	0.379	17.7	16.64	15.67	15.13	14.51
CAF351	09/30/2014	0.167	0.321	0.205	0.196	0.379	16.75	16.54	15.6	15.1	14.51
CAF351	10/01/2014	0.166	0.32	0.204	0.196	0.379	15.13	16.1	15.54	15.1	14.5
CAF351	10/02/2014	0.165	0.318	0.204	0.196	0.379	14.26	15.44	15.31	15	14.5
CAF351	10/03/2014	0.164	0.317	0.204	0.196	0.379	13.92	14.91	15	14.86	14.5
CAF351	10/04/2014	0.165	0.316	0.203	0.196	0.379	14.25	14.55	14.7	14.69	14.46
CAF351	10/05/2014	0.165	0.316	0.203	0.196	0.379	14.77	14.49	14.46	14.51	14.4
CAF351	10/06/2014	0.166	0.316	0.202	0.196	0.379	15.32	14.57	14.32	14.35	14.3
CAF351	10/07/2014	0.167	0.316	0.202	0.196	0.379	15.9	14.73	14.3	14.24	14.22
CAF351	10/08/2014	0.167	0.317	0.202	0.196	0.379	16.02	14.95	14.3	14.2	14.17
CAF351	10/09/2014	0.166	0.317	0.202	0.196	0.378	15.31	14.95	14.3	14.11	14.1
CAF351	10/10/2014	0.165	0.317	0.202	0.196	0.378	15.03	14.77	14.3	14.1	14.04
CAF351	10/11/2014	0.165	0.316	0.202	0.197	0.378	15.2	14.67	14.22	14.1	14
CAF351	10/12/2014	0.164	0.316	0.202	0.197	0.378	14.42	14.55	14.17	14.01	13.99
CAF351	10/13/2014	0.164	0.315	0.202	0.197	0.378	14.1	14.29	14.06	13.98	13.91
CAF351	10/14/2014	0.164	0.315	0.202	0.197	0.378	14.24	14.12	13.93	13.9	13.9
CAF351	10/15/2014	0.163	0.315	0.202	0.197	0.378	13.81	14.04	13.82	13.8	13.82
CAF351	10/16/2014	0.162	0.314	0.201	0.197	0.378	12.56	13.71	13.69	13.73	13.8
CAF351	10/17/2014	0.161	0.313	0.201	0.197	0.378	12.03	13.21	13.49	13.63	13.72
CAF351	10/18/2014	0.161	0.312	0.2	0.197	0.378	12.44	12.9	13.24	13.48	13.69
CAF351	10/19/2014	0.162	0.312	0.2	0.197	0.378	12.99	12.89	13.05	13.35	13.61
CAF351	10/20/2014	0.163	0.312	0.199	0.197	0.378	13.35	12.98	12.95	13.22	13.53
CAF351	10/21/2014	0.163	0.313	0.199	0.198	0.378	13.53	13.08	12.9	13.11	13.45
CAF351	10/22/2014	0.161	0.312	0.199	0.198	0.378	12.6	13.03	12.9	13.06	13.38
CAF351	10/23/2014	0.161	0.312	0.199	0.198	0.378	12.49	12.79	12.83	13	13.3
CAF351	10/24/2014	0.159	0.311	0.199	0.198	0.378	11.8	12.6	12.7	12.93	13.26
CAF351	10/25/2014	0.159	0.311	0.199	0.198	0.378	11.54	12.3	12.55	12.84	13.2
CAF351	10/26/2014	0.159	0.31	0.199	0.198	0.378	11.48	12.12	12.39	12.74	13.13
CAF351	10/27/2014	0.158	0.309	0.198	0.198	0.378	10.63	11.87	12.25	12.62	13.09
CAF351	10/28/2014	0.157	0.309	0.198	0.199	0.378	10.1	11.5	12.06	12.49	13
CAF351	10/29/2014	0.155	0.307	0.198	0.199	0.378	9.996	11.15	11.82	12.35	12.92
CAF351	10/30/2014	0.157	0.307	0.197	0.199	0.378	10.41	11	11.61	12.2	12.84
CAF351	10/31/2014	0.157	0.307	0.197	0.199	0.378	10.95	11.05	11.46	12.05	12.75
CAF351	11/01/2014	0.157	0.308	0.197	0.199	0.378	11.21	11.22	11.4	11.93	12.66
CAF351	11/02/2014	0.156	0.308	0.197	0.199	0.378	10.17	11.13	11.4	11.85	12.58
CAF351	11/03/2014	0.155	0.307	0.197	0.199	0.378	9.521	10.78	11.27	11.79	12.5
CAF351	11/04/2014	0.155	0.306	0.197	0.199	0.378	9.538	10.49	11.11	11.68	12.41
CAF351	11/05/2014	0.156	0.306	0.196	0.199	0.378	9.879	10.4	10.95	11.56	12.35
CAF351	11/06/2014	0.156	0.306	0.196	0.2	0.378	10.35	10.45	10.83	11.45	12.27
CAF351	11/07/2014	0.156	0.306	0.196	0.2	0.378	10.25	10.55	10.8	11.37	12.19
CAF351	11/08/2014	0.155	0.306	0.196	0.2	0.378	9.429	10.43	10.77	11.3	12.1
CAF351	11/09/2014	0.155	0.306	0.196	0.2	0.378	9.221	10.16	10.66	11.23	12.04
CAF351	11/10/2014	0.154	0.305	0.196	0.2	0.378	8.633	9.95	10.54	11.15	11.99
CAF351	11/11/2014	0.153	0.304	0.196	0.201	0.378	7.404	9.562	10.37	11.05	11.9
CAF351	11/12/2014	0.15	0.303	0.196	0.201	0.378	5.75	8.875	10.12	10.92	11.83
CAF351	11/13/2014	0.149	0.301	0.195	0.201	0.377	4.467	8.05	9.733	10.72	11.75
CAF351	11/14/2014	0.148	0.3	0.194	0.2	0.377	3.771	7.25	9.271	10.47	11.65
CAF351	11/15/2014	0.148	0.299	0.194	0.2	0.377	3.108	6.642	8.787	10.18	11.53
CAF351	11/16/2014	0.147	0.297	0.193	0.2	0.377	2.196	5.996	8.325	9.854	11.37
CAF351	11/17/2014	0.147	0.296	0.192	0.2	0.377	1.683	5.383	7.871	9.537	11.21
CAF351	11/18/2014	0.147	0.295	0.192	0.199	0.377	1.604	4.938	7.417	9.188	11.03
CAF351	11/19/2014	0.147	0.295	0.191	0.199	0.377	1.858	4.65	7.037	8.867	10.83
CAF351	11/20/2014	0.147	0.294	0.191	0.199	0.377	2.167	4.558	6.733	8.575	10.64
CAF351	11/21/2014	0.147	0.294	0.191	0.198	0.376	2.388	4.5	6.521	8.317	10.45
CAF351	11/22/2014	0.147	0.307	0.19	0.198	0.376	2.883	4.517	6.35	8.096	10.25
CAF351	11/23/2014	0.148	0.307	0.19	0.198	0.376	3.567	4.717	6.263	7.925	10.08
CAF351	11/24/2014	0.148	0.305	0.19	0.198	0.376	3.583	4.875	6.2	7.783	9.929
CAF351	11/25/2014	0.186	0.305	0.19	0.199	0.376	3.992	4.908	6.2	7.692	9.775
CAF351	11/26/2014	0.252	0.31	0.19	0.199	0.376	4.862	5.146	6.2	7.6	9.658
CAF351	11/27/2014	0.24	0.317	0.19	0.199	0.376	5.662	5.508	6.275	7.575	9.538
CAF351	11/28/2014	0.237	0.32	0.19	0.199	0.376	6.454	5.942	6.421	7.533	9.442
CAF351	11/29/2014	0.255	0.321	0.19	0.199	0.376	6.45	6.338	6.596	7.6	9.379
CAF351	11/30/2014	0.248	0.322	0.191	0.2	0.376	5.167	6.317	6.763	7.633	9.3
CAF351	12/01/2014	0.242	0.322	0.191	0.2	0.376	4.383	5.942	6.775	7.7	9.292
CAF351	12/02/2014	0.238	0.322	0.191	0.2	0.376	3.883	5.542	6.654	7.679	9.233
CAF351	12/03/2014	0.235	0.321	0.191	0.201	0.376	3.554	5.212	6.483	7.6	9.2
CAF351	12/04/2014	0.233	0.321	0.19	0.201	0.376	3.3	4.95	6.296	7.483	9.146
CAF351	12/05/2014	0.246	0.328	0.19	0.201	0.376	3.121	4.696	6.121	7.363	9.092
CAF351	12/06/2014	0.264	0.379	0.19	0.201	0.375	3.521	4.525	5.942	7.242	9
CAF351	12/07/2014	0.257	0.393	0.191	0.201	0.375	3.796	4.592	5.8	7.112	8.921
CAF351	12/08/2014	0.253	0.39	0.19	0.201	0.375	4.087	4.675	5.746	7	8.842
CAF351	12/09/2014	0.25	0.388	0.191	0.201	0.375	4.675	4.867	5.7	6.921	8.733
CAF351	12/10/2014	0.249	0.388	0.191	0.202	0.375	5.329	5.162	5.792	6.9	8.687
CAF351	12/11/2014	0.248	0.387	0.191	0.202	0.375	5.904	5.512	5.879	6.9	8.6
CAF351	12/12/2014	0.256	0.39	0.191	0.202	0.375	6.367	5.871	6.05	6.9	8.554
CAF351	12/13/2014	0.264	0.411	0.192	0.203	0.375	6.046	6.092	6.221	6.988	8.5
CAF351	12/14/2014	0.255	0.404	0.192	0.203	0.375	5.237	6.054	6.333	7.046	8.5
CAF351	12/15/2014	0.251	0.401	0.192	0.203	0.375	4.55	5.775	6.338	7.1	8.5
CAF351	12/16/2014	0.248	0.399	0.192	0.203	0.375	4.025	5.433	6.246	7.1	8.5
CAF351	12/17/2014	0.248	0.397	0.192	0.204	0.375	3.888	5.154	6.096	7.037	8.492
CAF351	12/18/2014	0.248	0.396	0.192	0.204	0.375	4.104	5	5.942	6.963	8.425
CAF351	12/19/2014	0.259	0.406	0.192	0.204	0.375	4.45	5	5.821	6.883	8.4
CAF351	12/20/2014	0.264	0.413	0.192	0.204	0.375	4.35	5.067	5.8	6.8	8.354
CAF351	12/21/2014	0.27	0.423	0.242	0.204	0.375	4.704	4.996	5.712	6.746	8.3
CAF351	12/22/2014	0.26	0.415	0.239	0.204	0.375	5.075	5.196	5.675	6.7	8.246
CAF351	12/23/2014	0.255	0.413	0.241	0.204	0.375	4.521	5.279	5.7	6.7	8.2
CAF351	12/24/2014	0.266	0.42	0.243	0.204	0.375	4.275	5.137	5.7	6.604	8.171
CAF351	12/25/2014	0.264	0.42	0.25	0.205	0.375	3.929	4.992	5.608	6.6	8.1
CAF351	12/26/2014	0.257	0.416	0.259	0.205	0.375	3.512	4.804	5.525	6.562	8.1
CAF351	12/27/2014	0.253	0.414	0.266	0.205	0.375	3.246	4.592	5.413	6.496	8.033
CAF351	12/28/2014	0.251	0.413	0.271	0.205	0.375	3.033	4.396	5.267	6.4	8
CAF351	12/29/2014	0.25	0.411	0.274	0.205	0.375	2.917	4.229	5.133	6.288	7.921
CAF351	12/30/2014	0.249	0.41	0.276	0.205	0.375	2.792	4.075	5	6.187	7.883
CAF351	12/31/2014	0.246	0.41	0.277	0.205	0.375	2.596	3.946	4.875	6.087	7.804
CAF351	01/01/2015	0.242	0.409	0.278	0.205	0.375	2.367	3.779	4.754	5.983	7.733
CAF351	01/02/2015	0.239	0.408	0.278	0.205	0.375	2.158	3.604	4.633	5.875	7.675
CAF351	01/03/2015	0.236	0.407	0.279	0.205	0.375	2.025	3.433	4.479	5.767	7.6
CAF351	01/04/2015	0.234	0.407	0.279	0.205	0.375	1.904	3.287	4.342	5.65	7.508
CAF351	01/05/2015	0.234	0.406	0.279	0.205	0.375	1.829	3.171	4.225	5.537	7.442
CAF351	01/06/2015	0.244	0.406	0.28	0.205	0.375	1.725	3.037	4.062	5.425	7.354
CAF351	01/07/2015	0.254	0.408	0.281	0.205	0.375	1.729	2.925	3.954	5.304	7.263
CAF351	01/08/2015	0.257	0.41	0.282	0.205	0.375	2	2.9	3.846	5.192	7.179
CAF351	01/09/2015	0.258	0.411	0.284	0.205	0.375	1.979	2.9	3.8	5.1	7.096
CAF351	01/10/2015	0.256	0.411	0.286	0.205	0.375	1.967	2.829	3.704	5.012	7.008
CAF351	01/11/2015	0.257	0.412	0.288	0.205	0.375	2.037	2.8	3.7	4.95	6.921
CAF351	01/12/2015	0.257	0.412	0.29	0.206	0.375	2.233	2.875	3.633	4.9	6.858
CAF351	01/13/2015	0.256	0.412	0.293	0.206	0.375	2.225	2.9	3.6	4.808	6.792
CAF351	01/14/2015	0.255	0.412	0.295	0.206	0.375	2.262	2.9	3.6	4.8	6.712
CAF351	01/15/2015	0.252	0.412	0.297	0.206	0.375	2.137	2.9	3.6	4.721	6.675
CAF351	01/16/2015	0.255	0.411	0.299	0.206	0.375	2.125	2.9	3.6	4.7	6.6
CAF351	01/17/2015	0.262	0.412	0.3	0.206	0.375	2.237	2.9	3.6	4.7	6.575
CAF351	01/18/2015	0.276	0.424	0.339	0.206	0.375	2.346	2.829	3.521	4.629	6.5
CAF351	01/19/2015	0.263	0.417	0.34	0.208	0.375	2.921	2.979	3.5	4.517	6.475
CAF351	01/20/2015	0.265	0.415	0.336	0.223	0.375	2.946	3.167	3.537	4.5	6.404
CAF351	01/21/2015	0.262	0.414	0.334	0.234	0.375	2.742	3.2	3.6	4.5	6.354
CAF351	01/22/2015	0.259	0.413	0.332	0.239	0.375	2.379	3.188	3.675	4.5	6.3
CAF351	01/23/2015	0.257	0.412	0.33	0.242	0.376	2.288	3.1	3.658	4.5	6.3
CAF351	01/24/2015	0.258	0.412	0.328	0.245	0.376	3.137	3.129	3.6	4.5	6.242
CAF351	01/25/2015	0.259	0.411	0.327	0.247	0.377	4.054	3.425	3.65	4.5	6.2
CAF351	01/26/2015	0.258	0.411	0.326	0.249	0.377	4.629	3.804	3.758	4.5	6.2
CAF351	01/27/2015	0.257	0.412	0.325	0.25	0.378	4.883	4.137	3.942	4.562	6.179
CAF351	01/28/2015	0.255	0.412	0.324	0.251	0.378	4.95	4.363	4.121	4.654	6.187
CAF351	01/29/2015	0.253	0.411	0.324	0.252	0.379	4.779	4.558	4.271	4.754	6.192
CAF351	01/30/2015	0.252	0.411	0.323	0.252	0.379	4.392	4.5	4.392	4.854	6.2
CAF351	01/31/2015	0.251	0.411	0.322	0.253	0.38	3.954	4.446	4.479	4.942	6.204
CAF351	02/01/2015	0.25	0.41	0.321	0.253	0.38	3.638	4.296	4.5	5	6.263
CAF351	02/02/2015	0.253	0.409	0.32	0.254	0.381	3.25	4.125	4.425	5	6.296
CAF351	02/03/2015	0.262	0.409	0.32	0.254	0.381	3.513	4	4.371	5	6.3
CAF351	02/04/2015	0.262	0.409	0.319	0.254	0.381	3.863	4.046	4.3	5	6.3
CAF351	02/05/2015	0.262	0.409	0.319	0.254	0.382	4.179	4.133	4.3	5	6.3
CAF351	02/06/2015	0.262	0.409	0.319	0.255	0.383	5.008	4.342	4.346	5	6.3
CAF351	02/07/2015	0.271	0.41	0.318	0.255	0.383	5.542	4.671	4.454	5	6.3
CAF351	02/08/2015	0.272	0.413	0.318	0.255	0.383	5.908	5.008	4.617	5.05	6.3
CAF351	02/09/2015	0.286	0.424	0.333	0.255	0.383	6.242	5.254	4.775	5.129	6.3
CAF351	02/10/2015	0.283	0.424	0.35	0.263	0.384	6.4	5.504	4.95	5.221	6.3
CAF351	02/11/2015	0.274	0.42	0.346	0.269	0.384	6.267	5.667	5.104	5.329	6.346
CAF351	02/12/2015	0.269	0.419	0.343	0.271	0.388	6.483	5.733	5.242	5.438	6.392
CAF351	02/13/2015	0.266	0.417	0.34	0.271	0.392	6.629	5.875	5.35	5.529	6.4
CAF351	02/14/2015	0.263	0.417	0.338	0.271	0.394	6.433	5.958	5.458	5.621	6.446
CAF351	02/15/2015	0.261	0.416	0.336	0.271	0.395	6.429	5.983	5.529	5.704	6.5
CAF351	02/16/2015	0.259	0.415	0.335	0.271	0.396	5.929	5.975	5.6	5.8	6.554
CAF351	02/17/2015	0.256	0.414	0.334	0.271	0.396	5.342	5.783	5.6	5.833	6.6
CAF351	02/18/2015	0.254	0.414	0.332	0.271	0.396	5.079	5.562	5.596	5.9	6.604
CAF351	02/19/2015	0.252	0.413	0.331	0.271	0.397	4.954	5.388	5.5	5.9	6.683
CAF351	02/20/2015	0.252	0.413	0.33	0.27	0.397	5.171	5.3	5.433	5.85	6.7
CAF351	02/21/2015	0.253	0.412	0.329	0.27	0.397	5.167	5.333	5.4	5.8	6.7
CAF351	02/22/2015	0.251	0.412	0.328	0.27	0.397	4.475	5.263	5.4	5.8	6.7
CAF351	02/23/2015	0.249	0.411	0.327	0.27	0.397	3.575	4.958	5.308	5.8	6.7
CAF351	02/24/2015	0.246	0.41	0.326	0.269	0.397	3.175	4.596	5.154	5.733	6.7
CAF351	02/25/2015	0.245	0.41	0.325	0.269	0.397	3.167	4.329	4.988	5.654	6.687
CAF351	02/26/2015	0.244	0.41	0.324	0.269	0.396	3.483	4.2	4.838	5.55	6.625
CAF351	02/27/2015	0.244	0.409	0.323	0.269	0.396	3.846	4.2	4.717	5.458	6.6
CAF351	02/28/2015	0.243	0.409	0.323	0.268	0.396	3.917	4.292	4.7	5.4	6.575
CAF351	03/01/2015	0.241	0.409	0.322	0.268	0.396	3.513	4.279	4.633	5.3	6.5
CAF351	03/02/2015	0.24	0.408	0.321	0.268	0.396	3.146	4.129	4.6	5.3	6.496
CAF351	03/03/2015	0.239	0.408	0.32	0.268	0.396	3.096	3.992	4.512	5.221	6.413
CAF351	03/04/2015	0.237	0.408	0.32	0.267	0.396	2.967	3.896	4.425	5.187	6.4
CAF351	03/05/2015	0.237	0.408	0.319	0.267	0.396	2.838	3.779	4.338	5.1	6.383
CAF351	03/06/2015	0.236	0.407	0.319	0.267	0.396	3.392	3.762	4.279	5.054	6.308
CAF351	03/07/2015	0.236	0.407	0.318	0.267	0.396	4.196	3.917	4.2	5	6.296
CAF351	03/08/2015	0.236	0.407	0.318	0.267	0.396	4.854	4.208	4.275	5	6.225
CAF351	03/09/2015	0.236	0.407	0.317	0.267	0.396	5.321	4.517	4.358	5	6.2
CAF351	03/10/2015	0.236	0.407	0.317	0.267	0.396	5.875	4.825	4.517	5	6.2
CAF351	03/11/2015	0.236	0.408	0.317	0.267	0.396	6.692	5.167	4.675	5.079	6.196
CAF351	03/12/2015	0.236	0.408	0.317	0.267	0.396	7.05	5.542	4.875	5.158	6.2
CAF351	03/13/2015	0.235	0.408	0.316	0.267	0.396	7.275	5.863	5.083	5.271	6.2
CAF351	03/14/2015	0.235	0.408	0.316	0.267	0.396	7.817	6.129	5.3	5.408	6.237
CAF351	03/15/2015	0.235	0.409	0.316	0.267	0.396	8.004	6.442	5.5	5.542	6.3
CAF351	03/16/2015	0.239	0.409	0.316	0.267	0.396	7.804	6.658	5.704	5.675	6.333
CAF351	03/17/2015	0.244	0.408	0.316	0.267	0.396	7.908	6.763	5.858	5.833	6.4
CAF351	03/18/2015	0.263	0.408	0.316	0.267	0.396	7.375	6.8	6.012	5.95	6.492
CAF351	03/19/2015	0.264	0.408	0.316	0.267	0.396	7.296	6.779	6.1	6.067	6.558
CAF351	03/20/2015	0.261	0.408	0.315	0.268	0.396	7.487	6.771	6.154	6.15	6.612
CAF351	03/21/2015	0.259	0.408	0.315	0.268	0.396	7.921	6.867	6.2	6.2	6.687
CAF351	03/22/2015	0.256	0.409	0.315	0.267	0.396	7.538	7	6.292	6.296	6.746
CAF351	03/23/2015	0.256	0.409	0.315	0.268	0.396	7.429	6.983	6.383	6.354	6.8
CAF351	03/24/2015	0.275	0.415	0.315	0.268	0.396	6.763	6.875	6.4	6.4	6.829
CAF351	03/25/2015	0.272	0.421	0.317	0.268	0.396	6.158	6.629	6.4	6.5	6.9
CAF351	03/26/2015	0.27	0.419	0.327	0.268	0.396	6.937	6.5	6.3	6.5	6.913
CAF351	03/27/2015	0.266	0.418	0.334	0.268	0.396	8.321	6.75	6.3	6.5	6.979
CAF351	03/28/2015	0.268	0.418	0.336	0.269	0.396	9.246	7.254	6.379	6.5	7
CAF351	03/29/2015	0.266	0.419	0.336	0.27	0.396	8.446	7.546	6.579	6.546	7
CAF351	03/30/2015	0.263	0.418	0.337	0.27	0.396	8.808	7.579	6.725	6.65	7.054
CAF351	03/31/2015	0.26	0.418	0.336	0.271	0.397	9.158	7.792	6.85	6.742	7.1
CAF351	04/01/2015	0.256	0.418	0.336	0.271	0.397	8	7.833	6.979	6.842	7.158
CAF351	04/02/2015	0.253	0.417	0.335	0.272	0.397	7.338	7.567	7	6.917	7.2
CAF351	04/03/2015	0.25	0.416	0.334	0.272	0.397	6.992	7.308	7	7	7.275
CAF351	04/04/2015	0.249	0.415	0.333	0.272	0.398	7.421	7.196	6.9	7	7.3
CAF351	04/05/2015	0.247	0.415	0.331	0.272	0.398	7.575	7.2	6.9	7	7.338
CAF351	04/06/2015	0.245	0.414	0.33	0.272	0.398	7.571	7.25	6.838	7	7.396
CAF351	04/07/2015	0.244	0.414	0.329	0.272	0.398	7.083	7.167	6.854	7	7.4
CAF351	04/08/2015	0.244	0.414	0.328	0.272	0.398	7.658	7.15	6.8	7	7.4
CAF351	04/09/2015	0.243	0.413	0.328	0.272	0.398	7.729	7.2	6.8	7	7.4
CAF351	04/10/2015	0.242	0.413	0.327	0.272	0.398	8.138	7.317	6.821	7	7.4
CAF351	04/11/2015	0.241	0.413	0.326	0.271	0.398	8.687	7.525	6.9	7	7.408
CAF351	04/12/2015	0.239	0.413	0.326	0.271	0.398	7.95	7.662	6.992	7	7.442
CAF351	04/13/2015	0.238	0.413	0.325	0.271	0.398	7.804	7.558	7	7.083	7.496
CAF351	04/14/2015	0.237	0.413	0.324	0.271	0.398	8.338	7.567	7.037	7.1	7.5
CAF351	04/15/2015	0.235	0.412	0.324	0.271	0.398	7.529	7.575	7.1	7.1	7.5
CAF351	04/16/2015	0.234	0.412	0.323	0.271	0.398	7.787	7.475	7.1	7.15	7.512
CAF351	04/17/2015	0.234	0.412	0.322	0.271	0.398	8.996	7.596	7.1	7.2	7.571
CAF351	04/18/2015	0.234	0.412	0.321	0.271	0.398	9.862	8	7.15	7.2	7.6
CAF351	04/19/2015	0.233	0.412	0.321	0.271	0.398	10.18	8.392	7.329	7.229	7.6
CAF351	04/20/2015	0.232	0.413	0.32	0.271	0.398	10.83	8.7	7.517	7.333	7.6
CAF351	04/21/2015	0.231	0.414	0.32	0.271	0.398	11.57	9.096	7.733	7.458	7.683
CAF351	04/22/2015	0.23	0.415	0.32	0.272	0.398	11.99	9.542	7.988	7.6	7.708
CAF351	04/23/2015	0.227	0.415	0.32	0.272	0.398	11.26	9.767	8.233	7.758	7.8
CAF351	04/24/2015	0.225	0.415	0.319	0.272	0.398	10.67	9.696	8.425	7.942	7.875
CAF351	04/25/2015	0.223	0.414	0.319	0.273	0.398	10.5	9.633	8.5	8.067	7.963
CAF351	04/26/2015	0.221	0.414	0.318	0.278	0.398	10.22	9.563	8.546	8.167	8.046
CAF351	04/27/2015	0.22	0.414	0.318	0.278	0.398	10.7	9.525	8.6	8.217	8.113
CAF351	04/28/2015	0.219	0.413	0.317	0.278	0.398	11.76	9.729	8.608	8.3	8.196
CAF351	04/29/2015	0.219	0.412	0.317	0.265	0.382	12.69	10.16	8.729	8.371	8.258
CAF351	04/30/2015	0.218	0.412	0.316	0.254	0.369	12.07	10.47	8.929	8.458	8.367
CAF351	05/01/2015	0.216	0.411	0.315	0.254	0.369	12.31	10.55	9.067	8.583	8.467
CAF351	05/02/2015	0.214	0.41	NA	0.254	0.369	12.72	10.73	NA	8.717	8.546
