CAF003	11/16/2010	0.312	0.229	0.249	0.269	0.34	7.26	8.35	9.42	10.53	11.63
CAF003	11/17/2010	0.308	0.231	0.25	0.27	0.342	6.78	8.4	9.4	10.45	11.51
CAF003	11/18/2010	0.321	0.231	0.25	0.27	0.342	6.28	8.3	9.37	10.37	11.4
CAF003	11/19/2010	0.314	0.23	0.25	0.27	0.341	5.33	8.05	9.24	10.28	11.3
CAF003	11/20/2010	0.307	0.23	0.249	0.269	0.341	4.76	7.69	9.03	10.17	11.21
CAF003	11/21/2010	0.301	0.23	0.249	0.269	0.341	4.16	7.34	8.79	10.04	11.11
CAF003	11/22/2010	0.296	0.229	0.248	0.268	0.34	3.65	6.95	8.51	9.86	10.99
CAF003	11/23/2010	0.293	0.228	0.248	0.268	0.34	3.47	6.62	8.23	9.68	10.86
CAF003	11/24/2010	0.291	0.228	0.247	0.267	0.34	3.26	6.36	7.99	9.49	10.73
CAF003	11/25/2010	0.288	0.228	0.247	0.267	0.339	3	6.12	7.77	9.3	10.57
CAF003	11/26/2010	0.285	0.228	0.247	0.266	0.339	2.83	5.89	7.48	9.13	10.43
CAF003	11/27/2010	0.283	0.227	0.246	0.266	0.338	2.77	5.7	7.35	8.95	10.27
CAF003	11/28/2010	0.282	0.227	0.246	0.265	0.338	2.74	5.54	7.16	8.74	10.13
CAF003	11/29/2010	0.281	0.227	0.246	0.264	0.337	2.8	5.42	7.03	8.59	9.95
CAF003	11/30/2010	0.282	0.227	0.246	0.264	0.337	2.8	5.32	6.88	8.47	9.85
CAF003	12/01/2010	0.282	0.227	0.246	0.263	0.336	2.8	5.24	6.77	8.34	9.72
CAF003	12/02/2010	0.302	0.226	0.246	0.263	0.336	2.71	5.16	6.67	8.22	9.59
CAF003	12/03/2010	0.32	0.226	0.246	0.262	0.335	2.6	5.02	6.56	8.1	9.47
CAF003	12/04/2010	0.314	0.227	0.245	0.262	0.335	2.6	4.91	6.45	7.99	9.36
CAF003	12/05/2010	0.308	0.227	0.245	0.261	0.335	2.6	4.83	6.35	7.88	9.25
CAF003	12/06/2010	0.305	0.228	0.245	0.261	0.335	2.54	4.76	6.25	7.77	9.15
CAF003	12/07/2010	0.304	0.233	0.245	0.261	0.334	2.5	4.67	6.14	7.67	9.05
CAF003	12/08/2010	0.33	0.306	0.245	0.26	0.334	2.35	4.27	5.89	7.55	8.95
CAF003	12/09/2010	0.323	0.308	0.245	0.259	0.334	2.97	4.35	5.78	7.37	8.83
CAF003	12/10/2010	0.325	0.311	0.249	0.258	0.334	3.44	4.56	5.8	7.3	8.72
CAF003	12/11/2010	0.314	0.306	0.271	0.258	0.333	3.07	4.7	5.87	7.24	8.62
CAF003	12/12/2010	0.331	0.312	0.296	0.258	0.333	3.01	4.63	5.85	7.2	8.55
CAF003	12/13/2010	0.333	0.317	0.314	0.257	0.333	4.27	4.67	5.77	7.14	8.49
CAF003	12/14/2010	0.341	0.328	0.33	0.257	0.332	4.86	4.94	5.8	7.1	8.4
CAF003	12/15/2010	0.323	0.317	0.331	0.257	0.332	3.9	5.17	5.97	7.1	8.33
CAF003	12/16/2010	0.316	0.311	0.329	0.257	0.332	3.14	5.06	6	7.1	8.3
CAF003	12/17/2010	0.31	0.308	0.328	0.257	0.332	2.66	4.86	5.94	7.05	8.28
CAF003	12/18/2010	0.305	0.306	0.326	0.257	0.332	2.25	4.63	5.82	7	8.2
CAF003	12/19/2010	0.301	0.305	0.325	0.257	0.332	2.04	4.43	5.66	6.9	8.17
CAF003	12/20/2010	0.298	0.303	0.324	0.257	0.332	1.93	4.24	5.52	6.8	8.09
CAF003	12/21/2010	0.295	0.302	0.323	0.257	0.332	1.9	4.1	5.38	6.68	8
CAF003	12/22/2010	0.294	0.301	0.323	0.257	0.332	1.81	3.99	5.26	6.58	7.9
CAF003	12/23/2010	0.293	0.3	0.322	0.256	0.331	1.8	3.9	5.15	6.48	7.81
CAF003	12/24/2010	0.293	0.3	0.321	0.256	0.331	1.8	3.8	5.07	6.38	7.72
CAF003	12/25/2010	0.294	0.299	0.321	0.256	0.331	1.81	3.76	5	6.3	7.64
CAF003	12/26/2010	0.294	0.298	0.32	0.256	0.331	1.9	3.7	4.9	6.2	7.56
CAF003	12/27/2010	0.297	0.298	0.32	0.256	0.33	1.9	3.69	4.85	6.12	7.48
CAF003	12/28/2010	0.332	0.311	0.322	0.256	0.33	1.85	3.58	4.79	6.06	7.4
CAF003	12/29/2010	0.327	0.321	0.332	0.256	0.329	1.93	3.5	4.7	5.97	7.32
CAF003	12/30/2010	0.319	0.314	0.33	0.263	0.329	1.94	3.5	4.6	5.83	7.24
CAF003	12/31/2010	0.313	0.31	0.328	0.282	0.329	1.9	3.5	4.57	5.8	7.17
CAF003	01/01/2011	0.309	0.308	0.327	0.291	0.329	1.87	3.5	4.6	5.77	7.1
CAF003	01/02/2011	0.305	0.306	0.326	0.295	0.329	1.78	3.45	4.5	5.7	7.01
CAF003	01/03/2011	0.301	0.305	0.326	0.297	0.329	1.65	3.4	4.47	5.66	6.97
CAF003	01/04/2011	0.298	0.304	0.325	0.298	0.329	1.57	3.35	4.46	5.6	6.87
CAF003	01/05/2011	0.295	0.303	0.324	0.298	0.329	1.5	3.3	4.4	5.56	6.84
CAF003	01/06/2011	0.292	0.303	0.324	0.299	0.329	1.5	3.24	4.36	5.5	6.8
CAF003	01/07/2011	0.295	0.302	0.323	0.299	0.329	1.5	3.2	4.3	5.45	6.71
CAF003	01/08/2011	0.321	0.304	0.324	0.299	0.328	1.5	3.2	4.27	5.4	6.69
CAF003	01/09/2011	0.316	0.304	0.323	0.3	0.328	1.58	3.1	4.2	5.35	6.6
CAF003	01/10/2011	0.312	0.303	0.323	0.3	0.329	1.57	3.1	4.2	5.3	6.58
CAF003	01/11/2011	0.307	0.303	0.323	0.3	0.329	1.44	3.1	4.14	5.25	6.5
CAF003	01/12/2011	0.302	0.303	0.323	0.3	0.329	1.3	3.03	4.07	5.2	6.47
CAF003	01/13/2011	0.323	0.306	0.324	0.3	0.328	1.21	2.94	4.04	5.15	6.4
CAF003	01/14/2011	0.339	0.318	0.327	0.301	0.328	1.2	2.85	3.93	5.1	6.36
CAF003	01/15/2011	0.333	0.32	0.332	0.309	0.328	2.21	2.81	3.9	5.02	6.3
CAF003	01/16/2011	0.346	0.331	0.338	0.322	0.352	4.22	3.07	3.85	4.94	6.22
CAF003	01/17/2011	0.328	0.32	0.334	0.322	0.4	5.44	3.66	4.07	4.9	6.11
CAF003	01/18/2011	0.321	0.317	0.332	0.319	0.398	4.45	4.14	4.4	4.97	6.1
CAF003	01/19/2011	0.319	0.314	0.332	0.318	0.388	3.52	4.18	4.62	5.11	6.1
CAF003	01/20/2011	0.315	0.312	0.331	0.317	0.36	2.85	4.05	4.7	5.2	6.19
CAF003	01/21/2011	0.324	0.315	0.331	0.317	0.351	2.27	3.84	4.62	5.29	6.2
CAF003	01/22/2011	0.329	0.323	0.337	0.322	0.359	2.4	3.6	4.51	5.26	6.2
CAF003	01/23/2011	0.322	0.317	0.334	0.322	0.388	2.97	3.59	4.4	5.2	6.2
CAF003	01/24/2011	0.323	0.314	0.332	0.321	0.393	3.04	3.67	4.4	5.2	6.17
CAF003	01/25/2011	0.331	0.314	0.332	0.32	0.39	3.5	3.7	4.4	5.2	6.2
CAF003	01/26/2011	0.324	0.314	0.332	0.32	0.379	3.71	3.86	4.49	5.2	6.15
CAF003	01/27/2011	0.32	0.314	0.331	0.32	0.372	3.74	3.96	4.55	5.2	6.1
CAF003	01/28/2011	0.317	0.313	0.331	0.32	0.373	3.95	4.05	4.55	5.2	6.1
CAF003	01/29/2011	0.32	0.312	0.331	0.32	0.37	4.11	4.15	4.69	5.22	6.16
CAF003	01/30/2011	0.337	0.316	0.332	0.32	0.364	3.85	4.2	4.76	5.3	6.2
CAF003	01/31/2011	0.324	0.319	0.334	0.321	0.365	3.05	4.18	4.8	5.3	6.2
CAF003	02/01/2011	0.316	0.315	0.333	0.322	0.379	2.21	3.97	4.74	5.3	6.2
CAF003	02/02/2011	0.31	0.312	0.331	0.321	0.385	1.7	3.7	4.61	5.3	6.2
CAF003	02/03/2011	0.305	0.311	0.33	0.321	0.38	1.44	3.45	4.45	5.25	6.2
CAF003	02/04/2011	0.301	0.309	0.329	0.32	0.37	1.31	3.25	4.29	5.17	6.14
CAF003	02/05/2011	0.3	0.308	0.328	0.319	0.364	1.3	3.12	4.15	5.08	6.1
CAF003	02/06/2011	0.299	0.307	0.327	0.318	0.359	1.3	3.01	4.05	5	6.02
CAF003	02/07/2011	0.319	0.306	0.327	0.318	0.357	1.66	2.92	3.95	4.9	6
CAF003	02/08/2011	0.32	0.305	0.326	0.317	0.354	1.98	2.98	3.9	4.84	5.9
CAF003	02/09/2011	0.316	0.305	0.326	0.316	0.352	1.88	3	3.9	4.8	5.88
CAF003	02/10/2011	0.311	0.305	0.326	0.316	0.351	1.82	3	3.9	4.77	5.8
CAF003	02/11/2011	0.309	0.305	0.325	0.315	0.35	2.03	3	3.9	4.7	5.8
CAF003	02/12/2011	0.308	0.305	0.325	0.315	0.349	2.59	3.05	3.89	4.7	5.73
CAF003	02/13/2011	0.308	0.305	0.325	0.315	0.348	3.37	3.2	3.9	4.7	5.7
CAF003	02/14/2011	0.307	0.305	0.325	0.314	0.348	3.9	3.46	4.01	4.7	5.7
CAF003	02/15/2011	0.306	0.306	0.326	0.314	0.347	3.8	3.7	4.15	4.7	5.7
CAF003	02/16/2011	0.324	0.308	0.327	0.314	0.347	2.89	3.74	4.28	4.8	5.7
CAF003	02/17/2011	0.326	0.309	0.327	0.314	0.346	2.47	3.6	4.3	4.8	5.7
CAF003	02/18/2011	0.325	0.311	0.327	0.314	0.346	2.32	3.46	4.21	4.8	5.7
CAF003	02/19/2011	0.328	0.314	0.329	0.315	0.346	2.14	3.36	4.16	4.8	5.7
CAF003	02/20/2011	0.328	0.317	0.331	0.316	0.346	2.05	3.25	4.09	4.8	5.7
CAF003	02/21/2011	0.323	0.317	0.332	0.319	0.347	2.03	3.2	4	4.75	5.7
CAF003	02/22/2011	0.318	0.314	0.331	0.319	0.349	1.81	3.11	3.97	4.7	5.7
CAF003	02/23/2011	0.315	0.312	0.329	0.318	0.348	1.71	3.03	3.87	4.66	5.61
CAF003	02/24/2011	0.313	0.31	0.329	0.318	0.348	1.7	2.97	3.81	4.6	5.6
CAF003	02/25/2011	0.311	0.309	0.328	0.317	0.348	1.7	2.9	3.77	4.6	5.6
CAF003	02/26/2011	0.31	0.308	0.327	0.316	0.348	1.7	2.9	3.67	4.5	5.5
CAF003	02/27/2011	0.308	0.308	0.327	0.316	0.347	1.6	2.8	3.7	4.5	5.5
CAF003	02/28/2011	0.306	0.307	0.326	0.315	0.347	1.6	2.8	3.6	4.43	5.48
CAF003	03/01/2011	0.309	0.307	0.326	0.315	0.346	1.6	2.76	3.6	4.4	5.4
CAF003	03/02/2011	0.329	0.312	0.327	0.315	0.346	1.56	2.7	3.57	4.4	5.4
CAF003	03/03/2011	0.336	0.322	0.332	0.317	0.346	1.5	2.62	3.5	4.33	5.38
CAF003	03/04/2011	0.335	0.322	0.335	0.324	0.377	1.53	2.6	3.43	4.3	5.3
CAF003	03/05/2011	0.336	0.323	0.337	0.358	0.403	2.05	2.56	3.4	4.2	5.26
CAF003	03/06/2011	0.327	0.319	0.336	0.432	0.403	2.89	2.67	3.38	4.2	5.2
CAF003	03/07/2011	0.322	0.316	0.333	0.431	0.403	3.1	2.91	3.46	4.2	5.19
CAF003	03/08/2011	0.318	0.314	0.332	0.43	0.404	2.83	3.07	3.57	4.2	5.1
CAF003	03/09/2011	0.326	0.313	0.332	0.424	0.404	2.78	3.1	3.69	4.2	5.1
CAF003	03/10/2011	0.339	0.318	0.333	0.428	0.404	3.59	3.18	3.7	4.26	5.15
CAF003	03/11/2011	0.329	0.322	0.337	0.434	0.403	3.43	3.37	3.81	4.3	5.2
CAF003	03/12/2011	0.324	0.318	0.336	0.434	0.403	3.36	3.46	3.9	4.32	5.2
CAF003	03/13/2011	0.321	0.317	0.336	0.434	0.404	3.75	3.5	3.98	4.4	5.2
CAF003	03/14/2011	0.323	0.315	0.335	0.433	0.404	4.33	3.66	4.05	4.4	5.2
CAF003	03/15/2011	0.329	0.315	0.335	0.433	0.404	4.46	3.86	4.17	4.5	5.24
CAF003	03/16/2011	0.336	0.321	0.337	0.434	0.404	4.47	4	4.3	4.55	5.3
CAF003	03/17/2011	0.327	0.32	0.337	0.435	0.405	4.22	4.1	4.4	4.62	5.3
CAF003	03/18/2011	0.323	0.318	0.337	0.435	0.405	4.21	4.1	4.48	4.7	5.4
CAF003	03/19/2011	0.321	0.317	0.336	0.434	0.405	4.52	4.17	4.51	4.73	5.4
CAF003	03/20/2011	0.32	0.316	0.336	0.434	0.406	3.8	4.2	4.54	4.8	5.47
CAF003	03/21/2011	0.333	0.316	0.336	0.434	0.406	4.19	4.12	4.6	4.82	5.5
CAF003	03/22/2011	0.334	0.323	0.338	0.435	0.406	4.38	4.2	4.6	4.9	5.5
CAF003	03/23/2011	0.327	0.32	0.338	0.437	0.406	4.63	4.28	4.64	4.9	5.53
CAF003	03/24/2011	0.324	0.319	0.338	0.437	0.406	5.39	4.41	4.72	4.9	5.6
CAF003	03/25/2011	0.321	0.318	0.338	0.436	0.406	5.83	4.7	4.85	4.98	5.6
CAF003	03/26/2011	0.318	0.317	0.337	0.436	0.407	5.57	4.88	5.01	5.05	5.62
CAF003	03/27/2011	0.321	0.317	0.337	0.435	0.407	5.74	4.98	5.1	5.13	5.7
CAF003	03/28/2011	0.322	0.317	0.337	0.427	0.407	5.79	5.13	5.24	5.22	5.74
CAF003	03/29/2011	0.321	0.316	0.337	0.389	0.408	5.32	5.18	5.33	5.3	5.8
CAF003	03/30/2011	0.344	0.324	0.339	0.397	0.408	5.82	5.14	5.37	5.39	5.84
CAF003	03/31/2011	0.334	0.325	0.342	0.432	0.407	7.13	5.34	5.44	5.4	5.9
CAF003	04/01/2011	0.329	0.324	0.342	0.432	0.407	7.48	5.68	5.61	5.5	5.95
CAF003	04/02/2011	0.342	0.329	0.345	0.434	0.407	8.06	6.07	5.8	5.6	6.01
CAF003	04/03/2011	0.332	0.328	0.347	0.436	0.407	6.25	6.24	6.07	5.74	6.1
CAF003	04/04/2011	0.334	0.327	0.347	0.436	0.407	5.67	6.01	6.07	5.86	6.2
CAF003	04/05/2011	0.341	0.334	0.402	0.437	0.408	5.75	5.81	6.05	5.9	6.28
CAF003	04/06/2011	0.331	0.33	0.399	0.436	0.408	5.18	5.69	6	5.93	6.3
CAF003	04/07/2011	0.327	0.327	0.368	0.437	0.407	4.85	5.5	5.92	5.97	6.4
CAF003	04/08/2011	0.326	0.325	0.359	0.437	0.407	5.33	5.38	5.81	5.9	6.4
CAF003	04/09/2011	0.324	0.324	0.355	0.437	0.407	6.03	5.46	5.8	5.9	6.4
CAF003	04/10/2011	0.32	0.323	0.352	0.437	0.408	6.29	5.62	5.84	5.9	6.4
CAF003	04/11/2011	0.317	0.323	0.35	0.437	0.408	6.35	5.75	5.93	5.9	6.4
CAF003	04/12/2011	0.314	0.322	0.349	0.437	0.408	6.21	5.8	6	5.99	6.4
CAF003	04/13/2011	0.311	0.322	0.348	0.437	0.408	6.35	5.88	6.05	6	6.47
CAF003	04/14/2011	0.307	0.321	0.346	0.437	0.409	5.45	5.87	6.1	6.05	6.5
CAF003	04/15/2011	0.306	0.32	0.345	0.437	0.409	5.99	5.73	6.1	6.1	6.5
CAF003	04/16/2011	0.311	0.32	0.345	0.437	0.409	6.99	5.85	6.1	6.07	6.52
CAF003	04/17/2011	0.315	0.32	0.345	0.437	0.41	7.1	6.12	6.17	6.07	6.6
CAF003	04/18/2011	0.312	0.32	0.344	0.437	0.41	6.2	6.2	6.3	6.19	6.6
CAF003	04/19/2011	0.31	0.32	0.344	0.437	0.41	5.52	6.1	6.3	6.2	6.6
CAF003	04/20/2011	NA	NA	NA	NA	NA	NA	NA	NA	NA	NA
CAF003	10/27/2011	0.198	0.225	0.245	0.243	0.296	9.44	11.46	12.69	12.97	13.51
CAF003	10/28/2011	0.197	0.225	0.245	0.243	0.296	8.85	11.25	12.52	12.85	13.47
CAF003	10/29/2011	0.197	0.224	0.244	0.243	0.296	9.26	10.97	12.28	12.68	13.36
CAF003	10/30/2011	0.198	0.224	0.244	0.243	0.295	9.32	10.89	12.11	12.53	13.24
CAF003	10/31/2011	0.198	0.224	0.244	0.242	0.295	9.77	10.8	11.99	12.37	13.13
CAF003	11/01/2011	0.197	0.224	0.244	0.242	0.295	8.64	10.77	11.9	12.27	13.02
CAF003	11/02/2011	0.195	0.224	0.243	0.242	0.294	7.63	10.45	11.75	12.17	12.91
CAF003	11/03/2011	0.195	0.223	0.243	0.242	0.294	7.47	10.07	11.5	12.04	12.82
CAF003	11/04/2011	0.195	0.223	0.243	0.242	0.294	7.37	9.83	11.27	11.86	12.7
CAF003	11/05/2011	0.194	0.222	0.242	0.241	0.293	6.31	9.55	11.06	11.71	12.54
CAF003	11/06/2011	0.193	0.222	0.242	0.241	0.293	5.83	9.17	10.76	11.54	12.45
CAF003	11/07/2011	0.193	0.221	0.242	0.241	0.292	5.4	8.83	10.52	11.35	12.33
CAF003	11/08/2011	0.193	0.221	0.241	0.24	0.292	5.32	8.48	10.24	11.15	12.17
CAF003	11/09/2011	0.194	0.22	0.241	0.24	0.291	5.96	8.3	10	10.95	12.03
CAF003	11/10/2011	0.194	0.22	0.24	0.24	0.291	6.12	8.3	9.85	10.76	11.86
CAF003	11/11/2011	0.194	0.22	0.24	0.24	0.291	6.18	8.28	9.75	10.63	11.73
CAF003	11/12/2011	0.195	0.221	0.24	0.239	0.29	5.84	8.2	9.66	10.5	11.59
CAF003	11/13/2011	0.195	0.221	0.24	0.239	0.29	5.28	8.02	9.52	10.38	11.47
CAF003	11/14/2011	0.196	0.22	0.239	0.239	0.289	5.47	7.85	9.39	10.26	11.36
CAF003	11/15/2011	0.195	0.22	0.239	0.239	0.289	4.69	7.73	9.26	10.14	11.25
CAF003	11/16/2011	0.195	0.22	0.239	0.239	0.289	3.69	7.4	9.09	10.03	11.14
CAF003	11/17/2011	0.195	0.219	0.238	0.238	0.288	3.3	6.99	8.83	9.86	11.03
CAF003	11/18/2011	0.196	0.219	0.238	0.238	0.288	3.52	6.69	8.56	9.69	10.89
CAF003	11/19/2011	0.197	0.218	0.238	0.238	0.287	3.6	6.54	8.35	9.51	10.75
CAF003	11/20/2011	0.198	0.218	0.237	0.237	0.287	3.6	6.42	8.17	9.35	10.62
CAF003	11/21/2011	0.2	0.218	0.237	0.237	0.286	3.6	6.32	8.05	9.19	10.47
CAF003	11/22/2011	0.249	0.217	0.237	0.237	0.286	3.72	6.2	7.93	9.05	10.35
CAF003	11/23/2011	0.273	0.217	0.237	0.237	0.285	5.12	6.22	7.8	8.93	10.22
CAF003	11/24/2011	0.273	0.217	0.236	0.236	0.285	5.37	6.5	7.84	8.83	10.11
CAF003	11/25/2011	0.274	0.218	0.237	0.236	0.285	5.07	6.6	7.9	8.8	10.01
CAF003	11/26/2011	0.272	0.218	0.236	0.236	0.285	4.22	6.57	7.9	8.77	9.93
CAF003	11/27/2011	0.27	0.217	0.236	0.236	0.284	3.77	6.34	7.85	8.7	9.88
CAF003	11/28/2011	0.271	0.217	0.236	0.236	0.284	4.4	6.2	7.71	8.63	9.8
CAF003	11/29/2011	0.272	0.217	0.236	0.236	0.284	4.49	6.2	7.6	8.54	9.72
CAF003	11/30/2011	0.271	0.217	0.236	0.236	0.284	4.35	6.2	7.6	8.47	9.65
CAF003	12/01/2011	0.27	0.217	0.236	0.236	0.284	3.75	6.1	7.53	8.4	9.58
CAF003	12/02/2011	0.268	0.217	0.236	0.236	0.283	3.25	5.89	7.44	8.33	9.5
CAF003	12/03/2011	0.267	0.217	0.235	0.236	0.283	2.91	5.66	7.27	8.24	9.42
CAF003	12/04/2011	0.264	0.216	0.235	0.236	0.283	2.52	5.43	7.11	8.14	9.34
CAF003	12/05/2011	0.262	0.216	0.235	0.235	0.283	2.28	5.2	6.93	8.02	9.25
CAF003	12/06/2011	0.259	0.216	0.234	0.235	0.282	2.05	4.99	6.75	7.88	9.15
CAF003	12/07/2011	0.257	0.216	0.234	0.235	0.282	1.95	4.81	6.59	7.75	9.05
CAF003	12/08/2011	0.256	0.216	0.234	0.235	0.281	1.8	4.65	6.44	7.62	8.94
CAF003	12/09/2011	0.254	0.215	0.234	0.235	0.281	1.65	4.51	6.29	7.48	8.83
CAF003	12/10/2011	0.253	0.215	0.233	0.234	0.281	1.6	4.36	6.15	7.36	8.72
CAF003	12/11/2011	0.252	0.215	0.233	0.234	0.281	1.6	4.25	6.03	7.24	8.62
CAF003	12/12/2011	0.251	0.215	0.233	0.234	0.28	1.53	4.16	5.92	7.12	8.51
CAF003	12/13/2011	0.25	0.215	0.233	0.234	0.28	1.41	4.06	5.82	7.02	8.4
CAF003	12/14/2011	0.249	0.215	0.233	0.234	0.28	1.33	3.97	5.72	6.91	8.3
CAF003	12/15/2011	0.249	0.215	0.233	0.234	0.279	1.36	3.89	5.62	6.81	8.2
CAF003	12/16/2011	0.248	0.215	0.232	0.233	0.279	1.4	3.8	5.53	6.71	8.11
CAF003	12/17/2011	0.248	0.215	0.232	0.233	0.279	1.44	3.8	5.47	6.62	8.02
CAF003	12/18/2011	0.249	0.215	0.232	0.233	0.279	1.54	3.7	5.4	6.54	7.93
CAF003	12/19/2011	0.249	0.215	0.232	0.233	0.278	1.6	3.7	5.35	6.47	7.85
CAF003	12/20/2011	0.249	0.215	0.232	0.233	0.278	1.65	3.7	5.3	6.4	7.78
CAF003	12/21/2011	0.249	0.215	0.232	0.233	0.278	1.68	3.7	5.3	6.32	7.7
CAF003	12/22/2011	0.249	0.215	0.232	0.233	0.278	1.58	3.7	5.21	6.3	7.62
CAF003	12/23/2011	0.248	0.215	0.232	0.233	0.278	1.38	3.61	5.2	6.2	7.57
CAF003	12/24/2011	0.248	0.215	0.232	0.233	0.278	1.3	3.54	5.13	6.18	7.5
CAF003	12/25/2011	0.248	0.214	0.232	0.232	0.277	1.3	3.48	5.08	6.1	7.43
CAF003	12/26/2011	0.248	0.214	0.232	0.232	0.277	1.3	3.4	5	6.04	7.39
CAF003	12/27/2011	0.248	0.214	0.232	0.232	0.277	1.35	3.4	4.97	6	7.3
CAF003	12/28/2011	0.25	0.214	0.232	0.232	0.277	1.82	3.4	4.9	5.9	7.25
CAF003	12/29/2011	0.291	0.214	0.232	0.232	0.277	3.36	3.51	4.9	5.89	7.2
CAF003	12/30/2011	0.321	0.215	0.231	0.232	0.277	3.75	3.84	4.98	5.8	7.11
CAF003	12/31/2011	0.307	0.216	0.232	0.232	0.277	3.33	4.1	5.16	5.89	7.1
CAF003	01/01/2012	0.299	0.216	0.232	0.232	0.277	2.7	4.1	5.29	5.9	7.1
CAF003	01/02/2012	0.297	0.216	0.232	0.232	0.277	2.58	4	5.3	5.9	7.1
CAF003	01/03/2012	0.296	0.216	0.232	0.232	0.277	2.8	3.9	5.2	5.9	7.1
CAF003	01/04/2012	0.295	0.216	0.232	0.232	0.277	3.34	3.98	5.2	5.9	7.07
CAF003	01/05/2012	0.293	0.217	0.232	0.232	0.277	4.09	4.15	5.26	5.9	7
CAF003	01/06/2012	0.29	0.218	0.233	0.232	0.276	3.46	4.37	5.37	5.9	7
CAF003	01/07/2012	0.286	0.218	0.233	0.232	0.276	2.81	4.28	5.4	5.98	7
CAF003	01/08/2012	0.285	0.218	0.233	0.232	0.276	2.8	4.14	5.39	6	7
CAF003	01/09/2012	0.283	0.219	0.232	0.232	0.276	2.91	4.1	5.3	5.93	7
CAF003	01/10/2012	0.283	0.219	0.232	0.232	0.277	3.09	4.1	5.27	5.9	7
CAF003	01/11/2012	0.285	0.219	0.232	0.232	0.276	2.56	4.07	5.27	5.9	6.98
CAF003	01/12/2012	0.281	0.219	0.232	0.232	0.276	2.05	3.93	5.23	5.9	6.9
CAF003	01/13/2012	0.278	0.219	0.232	0.232	0.276	1.7	3.73	5.14	5.82	6.9
CAF003	01/14/2012	0.275	0.22	0.232	0.232	0.276	1.56	3.55	5.02	5.79	6.87
CAF003	01/15/2012	0.274	0.22	0.232	0.232	0.276	1.5	3.42	4.9	5.7	6.8
CAF003	01/16/2012	0.274	0.22	0.232	0.232	0.276	1.5	3.31	4.8	5.62	6.79
CAF003	01/17/2012	0.273	0.22	0.232	0.232	0.276	1.5	3.24	4.71	5.55	6.7
CAF003	01/18/2012	0.273	0.22	0.232	0.231	0.275	1.5	3.2	4.65	5.5	6.66
CAF003	01/19/2012	0.285	0.22	0.231	0.231	0.275	1.43	3.12	4.59	5.4	6.6
CAF003	01/20/2012	0.311	0.248	0.231	0.231	0.275	1.27	2.85	4.39	5.33	6.53
CAF003	01/21/2012	0.32	0.293	0.231	0.231	0.275	1.26	2.82	4.3	5.24	6.48
CAF003	01/22/2012	0.313	0.298	0.232	0.231	0.275	1.35	2.83	4.28	5.2	6.4
CAF003	01/23/2012	0.309	0.296	0.232	0.231	0.275	1.44	2.9	4.3	5.1	6.36
CAF003	01/24/2012	0.308	0.295	0.232	0.231	0.274	1.5	2.9	4.3	5.1	6.3
CAF003	01/25/2012	0.322	0.304	0.233	0.231	0.275	1.37	2.8	4.17	5.06	6.28
CAF003	01/26/2012	0.327	0.309	0.252	0.23	0.275	1.36	2.7	4.1	5	6.2
CAF003	01/27/2012	0.314	0.306	0.291	0.23	0.275	1.4	2.7	4.08	4.9	6.15
CAF003	01/28/2012	0.307	0.302	0.301	0.23	0.274	1.39	2.79	4.1	4.9	6.1
CAF003	01/29/2012	0.302	0.3	0.303	0.23	0.274	1.41	2.8	4.07	4.88	6.08
CAF003	01/30/2012	0.328	0.306	0.306	0.23	0.275	1.42	2.74	4.04	4.8	6
CAF003	01/31/2012	0.321	0.307	0.311	0.229	0.275	1.63	2.7	4	4.8	6
CAF003	02/01/2012	0.325	0.306	0.311	0.229	0.275	1.97	2.78	4	4.72	5.91
CAF003	02/02/2012	0.322	0.308	0.314	0.229	0.274	2.22	2.88	4	4.7	5.9
CAF003	02/03/2012	0.315	0.306	0.314	0.229	0.274	2.54	3	4.07	4.7	5.88
CAF003	02/04/2012	0.311	0.305	0.314	0.229	0.274	2.42	3.1	4.14	4.7	5.8
CAF003	02/05/2012	0.308	0.303	0.314	0.229	0.274	2.53	3.14	4.2	4.7	5.8
CAF003	02/06/2012	0.305	0.303	0.314	0.229	0.274	2.61	3.2	4.2	4.7	5.77
CAF003	02/07/2012	0.303	0.302	0.314	0.229	0.274	2.64	3.25	4.28	4.74	5.8
CAF003	02/08/2012	0.301	0.301	0.314	0.229	0.274	2.57	3.3	4.3	4.8	5.8
CAF003	02/09/2012	0.299	0.301	0.314	0.229	0.274	2.76	3.3	4.3	4.8	5.8
CAF003	02/10/2012	0.3	0.301	0.314	0.229	0.274	3.48	3.38	4.34	4.8	5.8
CAF003	02/11/2012	0.3	0.301	0.314	0.229	0.274	3.9	3.61	4.44	4.8	5.8
CAF003	02/12/2012	0.303	0.301	0.314	0.23	0.274	3.79	3.78	4.57	4.83	5.8
CAF003	02/13/2012	0.304	0.301	0.314	0.23	0.275	3.54	3.88	4.67	4.9	5.8
CAF003	02/14/2012	0.303	0.301	0.314	0.23	0.275	3.23	3.9	4.7	4.94	5.8
CAF003	02/15/2012	0.303	0.3	0.314	0.23	0.275	2.97	3.8	4.7	5	5.85
CAF003	02/16/2012	0.302	0.3	0.314	0.23	0.275	2.72	3.76	4.7	5	5.9
CAF003	02/17/2012	0.3	0.3	0.314	0.23	0.275	2.57	3.64	4.7	5	5.9
CAF003	02/18/2012	0.301	0.3	0.314	0.23	0.275	3.2	3.6	4.6	5	5.9
CAF003	02/19/2012	0.302	0.3	0.314	0.23	0.275	2.95	3.7	4.6	5	5.9
CAF003	02/20/2012	0.302	0.3	0.314	0.231	0.275	2.65	3.66	4.6	4.95	5.87
CAF003	02/21/2012	0.322	0.303	0.314	0.23	0.275	2.71	3.55	4.6	4.9	5.8
CAF003	02/22/2012	0.32	0.31	0.316	0.231	0.276	4.25	3.61	4.6	4.9	5.8
CAF003	02/23/2012	0.313	0.31	0.317	0.231	0.276	3.59	3.88	4.67	4.9	5.8
CAF003	02/24/2012	0.308	0.31	0.318	0.231	0.276	3.14	3.89	4.77	4.95	5.8
CAF003	02/25/2012	0.306	0.308	0.318	0.231	0.275	3.14	3.8	4.8	5	5.8
CAF003	02/26/2012	0.304	0.307	0.318	0.231	0.276	2.57	3.76	4.73	5	5.8
CAF003	02/27/2012	0.302	0.306	0.317	0.231	0.275	2.26	3.62	4.7	5	5.8
CAF003	02/28/2012	0.302	0.305	0.317	0.231	0.276	2.1	3.47	4.6	4.91	5.8
CAF003	02/29/2012	0.304	0.304	0.316	0.231	0.276	2	3.35	4.52	4.9	5.8
CAF003	03/01/2012	0.306	0.304	0.316	0.231	0.275	1.93	3.25	4.44	4.83	5.8
CAF003	03/02/2012	0.31	0.304	0.316	0.231	0.276	2	3.2	4.38	4.8	5.7
CAF003	03/03/2012	0.31	0.304	0.316	0.231	0.275	2.31	3.13	4.3	4.7	5.7
CAF003	03/04/2012	0.31	0.305	0.316	0.231	0.275	3.32	3.23	4.3	4.7	5.68
CAF003	03/05/2012	0.31	0.305	0.316	0.232	0.275	4.44	3.51	4.35	4.7	5.6
CAF003	03/06/2012	0.317	0.307	0.317	0.232	0.275	3.59	3.78	4.55	4.7	5.6
CAF003	03/07/2012	0.31	0.307	0.318	0.232	0.275	2.98	3.78	4.64	4.75	5.6
CAF003	03/08/2012	0.306	0.307	0.318	0.233	0.275	3.24	3.7	4.6	4.8	5.6
CAF003	03/09/2012	0.304	0.307	0.318	0.233	0.275	4.16	3.75	4.62	4.8	5.61
CAF003	03/10/2012	0.302	0.307	0.318	0.233	0.275	4.96	3.99	4.73	4.8	5.68
CAF003	03/11/2012	0.299	0.307	0.319	0.234	0.276	5.13	4.3	4.88	4.87	5.7
CAF003	03/12/2012	0.299	0.307	0.319	0.234	0.276	3.97	4.43	5.05	4.91	5.7
CAF003	03/13/2012	0.313	0.307	0.319	0.235	0.276	3.87	4.32	5.1	5	5.71
CAF003	03/14/2012	0.315	0.307	0.319	0.236	0.276	3.53	4.24	5.1	5.09	5.8
CAF003	03/15/2012	0.326	0.308	0.319	0.236	0.276	4.19	4.2	5.05	5.1	5.8
CAF003	03/16/2012	0.33	0.319	0.326	0.237	0.277	5.01	4.3	5.07	5.1	5.8
CAF003	03/17/2012	0.319	0.317	0.328	0.255	0.277	5.06	4.54	5.16	5.1	5.8
CAF003	03/18/2012	0.313	0.315	0.327	0.282	0.277	4.32	4.64	5.28	5.13	5.8
CAF003	03/19/2012	0.308	0.313	0.327	0.295	0.277	3.71	4.53	5.3	5.2	5.88
CAF003	03/20/2012	0.309	0.311	0.326	0.3	0.277	3.51	4.38	5.29	5.2	5.9
CAF003	03/21/2012	0.329	0.315	0.326	0.302	0.277	3.03	4.22	5.2	5.2	5.9
CAF003	03/22/2012	0.332	0.325	0.337	0.314	0.278	2.71	3.95	5.04	5.18	5.9
CAF003	03/23/2012	0.328	0.321	0.335	0.325	0.308	3.16	3.8	4.91	5.1	5.87
CAF003	03/24/2012	0.323	0.32	0.333	0.327	0.357	3.69	3.8	4.85	5.01	5.8
CAF003	03/25/2012	0.32	0.317	0.33	0.328	0.399	5.07	4.02	4.87	5	5.8
CAF003	03/26/2012	0.333	0.323	0.336	0.369	0.4	6.05	4.47	5.03	5	5.8
CAF003	03/27/2012	0.325	0.322	0.338	0.437	0.4	5.37	4.79	5.28	5.05	5.8
CAF003	03/28/2012	0.329	0.321	0.336	0.438	0.402	6.02	4.93	5.44	5.15	5.8
CAF003	03/29/2012	0.328	0.323	0.337	0.439	0.402	6.14	5.16	5.58	5.25	5.8
CAF003	03/30/2012	0.343	0.33	0.372	0.441	0.402	6.47	5.36	5.75	5.35	5.9
CAF003	03/31/2012	0.336	0.331	0.406	0.441	0.403	6.45	5.55	5.89	5.44	5.94
CAF003	04/01/2012	0.337	0.327	0.403	0.442	0.403	5.95	5.66	6.02	5.54	6
CAF003	04/02/2012	0.329	0.326	0.383	0.443	0.404	5.27	5.55	6.1	5.63	6.09
CAF003	04/03/2012	0.323	0.324	0.369	0.443	0.404	5.75	5.48	6.1	5.7	6.12
CAF003	04/04/2012	0.325	0.322	0.356	0.443	0.405	5.62	5.53	6.1	5.7	6.2
CAF003	04/05/2012	0.329	0.323	0.353	0.444	0.405	4.47	5.4	6.1	5.78	6.2
CAF003	04/06/2012	0.329	0.322	0.351	0.444	0.406	4.6	5.19	6	5.8	6.25
CAF003	04/07/2012	0.328	0.322	0.35	0.445	0.406	4.59	5.06	5.93	5.76	6.3
CAF003	04/08/2012	0.322	0.321	0.348	0.445	0.407	5.75	5.08	5.9	5.7	6.3
CAF003	04/09/2012	0.318	0.32	0.346	0.445	0.407	6.92	5.35	5.93	5.7	6.3
CAF003	04/10/2012	0.314	0.32	0.344	0.445	0.408	8.16	5.78	6.1	5.73	6.3
CAF003	04/11/2012	0.309	0.32	0.343	0.445	0.408	8.69	6.26	6.38	5.83	6.3
CAF003	04/12/2012	0.306	0.32	0.342	0.445	0.409	8.87	6.66	6.67	5.96	6.35
CAF003	04/13/2012	0.305	0.319	0.341	0.445	0.41	8.7	6.95	6.93	6.14	6.44
CAF003	04/14/2012	0.302	0.318	0.341	0.445	0.411	8.69	7.13	7.15	6.3	6.54
CAF003	04/15/2012	0.298	0.318	0.34	0.445	0.412	8.63	7.25	7.31	6.45	6.65
CAF003	04/16/2012	0.295	0.318	0.339	0.445	0.413	8.2	7.3	7.44	6.57	6.75
CAF003	04/17/2012	0.295	0.317	0.339	0.443	0.413	7.97	7.27	7.5	6.69	6.85
CAF003	04/18/2012	0.299	0.317	0.338	0.435	0.414	8.68	7.28	7.54	6.78	6.94
CAF003	04/19/2012	0.301	0.317	0.338	0.392	0.414	9.03	7.47	7.64	6.85	7
CAF003	04/20/2012	0.305	0.318	0.337	0.373	0.414	9.8	7.68	7.77	6.93	7.1
CAF003	04/21/2012	0.307	0.319	0.337	0.365	0.415	10.53	7.96	7.96	7.04	7.17
CAF003	04/22/2012	0.304	0.32	0.337	0.362	0.415	11.95	8.38	8.19	7.16	7.25
CAF003	04/23/2012	0.3	0.321	0.338	0.359	0.415	13.35	8.95	8.54	7.33	7.35
CAF003	04/24/2012	0.298	0.323	0.339	0.355	0.416	14.13	9.62	8.95	7.55	7.47
CAF003	04/25/2012	0.293	0.325	0.34	0.353	0.416	13.8	10.12	9.4	7.8	7.64
CAF003	04/26/2012	0.292	0.326	0.34	0.352	0.417	13.3	10.42	9.75	8.09	7.82
CAF003	04/27/2012	0.296	0.328	0.341	0.349	0.417	10.96	10.4	9.98	8.33	8.01
CAF003	04/28/2012	0.296	0.326	0.34	0.348	0.418	10.14	9.98	9.98	8.53	8.19
CAF003	04/29/2012	0.295	0.325	0.339	0.347	0.418	10.43	9.68	9.86	8.6	8.34
CAF003	04/30/2012	0.297	0.325	0.339	0.347	0.418	11.08	9.65	9.8	8.63	8.43
CAF003	05/01/2012	0.299	0.325	0.339	0.345	0.416	10.13	9.67	9.8	8.7	8.5
CAF003	05/02/2012	0.298	0.323	0.338	0.344	0.414	9.39	9.47	9.78	8.7	8.59
CAF003	05/03/2012	0.299	0.323	0.338	0.344	0.411	9.3	9.25	9.67	8.7	8.6
CAF003	05/04/2012	0.315	0.324	0.337	0.343	0.39	9.21	9.09	9.57	8.7	8.69
CAF003	05/05/2012	0.314	0.324	0.337	0.342	0.381	8.9	8.97	9.48	8.7	8.7
CAF003	05/06/2012	0.311	0.324	0.336	0.341	0.38	8.84	8.88	9.4	8.68	8.7
CAF003	05/07/2012	NA	NA	NA	NA	NA	NA	NA	NA	NA	NA
CAF003	11/07/2012	0.302	0.26	0.244	0.244	0.278	10.9	11.1	11.87	11.7	12.2
CAF003	11/08/2012	0.299	0.258	0.244	0.244	0.278	9.38	11.02	11.87	11.7	12.2
CAF003	11/09/2012	0.298	0.255	0.244	0.244	0.278	8	10.55	11.71	11.65	12.2
CAF003	11/10/2012	0.299	0.252	0.243	0.243	0.278	6.89	10.02	11.44	11.57	12.17
CAF003	11/11/2012	0.297	0.25	0.243	0.243	0.278	5.87	9.47	11.1	11.43	12.1
CAF003	11/12/2012	0.295	0.249	0.242	0.243	0.278	5.35	8.9	10.73	11.24	12
CAF003	11/13/2012	0.32	0.286	0.242	0.242	0.278	4.59	7.78	10.11	11	11.87
CAF003	11/14/2012	0.328	0.298	0.242	0.241	0.277	5.02	7.69	9.71	10.7	11.71
CAF003	11/15/2012	0.321	0.297	0.242	0.241	0.277	5.65	7.7	9.53	10.47	11.54
CAF003	11/16/2012	0.318	0.295	0.242	0.241	0.276	6.04	7.78	9.43	10.27	11.37
CAF003	11/17/2012	0.316	0.295	0.242	0.24	0.276	6.43	7.85	9.4	10.13	11.23
CAF003	11/18/2012	0.328	0.294	0.242	0.24	0.275	6.45	7.9	9.35	10.01	11.08
CAF003	11/19/2012	0.339	0.302	0.242	0.24	0.275	6.15	7.87	9.3	9.91	10.98
CAF003	11/20/2012	0.346	0.314	0.255	0.24	0.275	6.79	7.8	9.22	9.83	10.88
CAF003	11/21/2012	0.34	0.314	0.302	0.239	0.274	7.14	7.9	9.2	9.74	10.79
CAF003	11/22/2012	0.329	0.31	0.314	0.239	0.274	6.24	7.97	9.2	9.7	10.7
CAF003	11/23/2012	0.324	0.307	0.316	0.239	0.274	5.68	7.78	9.14	9.61	10.62
CAF003	11/24/2012	0.337	0.311	0.319	0.239	0.274	5.97	7.55	9.01	9.55	10.56
CAF003	11/25/2012	0.329	0.31	0.321	0.239	0.274	5.99	7.5	8.9	9.45	10.48
CAF003	11/26/2012	0.324	0.308	0.322	0.239	0.273	5.27	7.45	8.81	9.36	10.4
CAF003	11/27/2012	0.321	0.306	0.321	0.239	0.273	4.85	7.2	8.68	9.28	10.31
CAF003	11/28/2012	0.319	0.305	0.321	0.238	0.273	4.92	6.99	8.52	9.16	10.22
CAF003	11/29/2012	0.319	0.304	0.32	0.238	0.273	5.3	6.9	8.37	9.05	10.13
CAF003	11/30/2012	0.334	0.303	0.319	0.238	0.272	6.12	6.92	8.3	8.93	10.03
CAF003	12/01/2012	0.33	0.304	0.32	0.238	0.272	6.68	7.1	8.3	8.85	9.94
CAF003	12/02/2012	0.343	0.319	0.327	0.238	0.272	6.48	7.2	8.3	8.8	9.87
CAF003	12/03/2012	0.332	0.315	0.329	0.238	0.272	6.15	7.2	8.38	8.79	9.8
CAF003	12/04/2012	0.338	0.316	0.329	0.238	0.271	6.05	7.2	8.37	8.7	9.74
CAF003	12/05/2012	0.339	0.317	0.33	0.238	0.271	6.45	7.2	8.3	8.7	9.7
CAF003	12/06/2012	0.331	0.316	0.33	0.238	0.271	5.65	7.19	8.3	8.69	9.65
CAF003	12/07/2012	0.339	0.316	0.33	0.239	0.271	4.85	6.97	8.27	8.6	9.6
CAF003	12/08/2012	0.333	0.318	0.332	0.247	0.271	4.24	6.66	8.09	8.56	9.55
CAF003	12/09/2012	0.326	0.314	0.33	0.273	0.271	3.72	6.4	7.92	8.46	9.5
CAF003	12/10/2012	0.322	0.311	0.329	0.288	0.271	3.4	6.1	7.72	8.34	9.4
CAF003	12/11/2012	0.329	0.309	0.328	0.296	0.271	3.3	5.86	7.51	8.2	9.31
CAF003	12/12/2012	0.342	0.314	0.329	0.301	0.27	3.32	5.64	7.31	8.05	9.2
CAF003	12/13/2012	0.333	0.316	0.331	0.312	0.27	3.49	5.49	7.13	7.9	9.08
CAF003	12/14/2012	0.328	0.313	0.329	0.315	0.27	3.38	5.4	7	7.76	8.95
CAF003	12/15/2012	0.325	0.311	0.328	0.315	0.27	3.16	5.33	6.9	7.64	8.84
CAF003	12/16/2012	0.324	0.309	0.327	0.315	0.27	3.2	5.21	6.8	7.54	8.73
CAF003	12/17/2012	0.33	0.31	0.327	0.315	0.27	3.24	5.14	6.7	7.44	8.63
CAF003	12/18/2012	0.327	0.311	0.327	0.315	0.271	2.99	5.07	6.61	7.34	8.53
CAF003	12/19/2012	0.322	0.31	0.327	0.315	0.272	2.68	4.95	6.52	7.25	8.44
CAF003	12/20/2012	0.318	0.309	0.326	0.315	0.276	2.52	4.8	6.41	7.15	8.35
CAF003	12/21/2012	0.317	0.308	0.326	0.315	0.283	2.5	4.67	6.28	7.05	8.25
CAF003	12/22/2012	0.317	0.307	0.325	0.314	0.295	2.51	4.57	6.18	6.95	8.16
CAF003	12/23/2012	0.318	0.306	0.324	0.314	0.306	2.61	4.5	6.1	6.85	8.07
CAF003	12/24/2012	0.32	0.305	0.324	0.314	0.314	2.73	4.5	6	6.75	7.99
CAF003	12/25/2012	0.321	0.305	0.323	0.313	0.319	2.81	4.5	6	6.69	7.9
CAF003	12/26/2012	0.321	0.305	0.323	0.313	0.322	2.9	4.41	5.9	6.6	7.8
CAF003	12/27/2012	0.321	0.305	0.323	0.313	0.324	2.95	4.4	5.9	6.56	7.74
CAF003	12/28/2012	0.322	0.305	0.323	0.313	0.327	3	4.4	5.9	6.5	7.7
CAF003	12/29/2012	0.321	0.305	0.323	0.313	0.328	2.94	4.4	5.86	6.46	7.6
CAF003	12/30/2012	0.32	0.305	0.323	0.312	0.329	2.82	4.4	5.8	6.4	7.57
CAF003	12/31/2012	0.319	0.305	0.323	0.312	0.33	2.75	4.38	5.8	6.4	7.5
CAF003	01/01/2013	0.318	0.305	0.323	0.312	0.331	2.7	4.3	5.75	6.3	7.47
CAF003	01/02/2013	0.317	0.305	0.323	0.312	0.332	2.6	4.28	5.7	6.3	7.4
CAF003	01/03/2013	0.316	0.305	0.322	0.312	0.332	2.49	4.2	5.65	6.21	7.36
CAF003	01/04/2013	0.314	0.304	0.322	0.312	0.332	2.32	4.12	5.6	6.2	7.3
CAF003	01/05/2013	0.312	0.304	0.322	0.311	0.333	2.23	4.03	5.51	6.1	7.25
CAF003	01/06/2013	0.311	0.303	0.322	0.311	0.333	2.2	3.95	5.44	6.05	7.2
CAF003	01/07/2013	0.31	0.303	0.321	0.311	0.333	2.2	3.89	5.38	6	7.12
CAF003	01/08/2013	0.315	0.302	0.32	0.311	0.333	2.18	3.8	5.3	5.9	7.08
CAF003	01/09/2013	0.341	0.32	0.329	0.325	0.348	2.09	3.65	5.18	5.83	6.97
CAF003	01/10/2013	0.33	0.316	0.33	0.329	0.356	2.15	3.5	5.01	5.67	6.88
CAF003	01/11/2013	0.324	0.311	0.327	0.324	0.351	2.01	3.5	5	5.6	6.8
CAF003	01/12/2013	0.321	0.309	0.326	0.321	0.349	1.94	3.5	4.95	5.55	6.71
CAF003	01/13/2013	0.318	0.308	0.325	0.32	0.348	1.9	3.5	4.9	5.5	6.7
CAF003	01/14/2013	0.315	0.307	0.324	0.318	0.347	1.83	3.42	4.9	5.49	6.6
CAF003	01/15/2013	0.313	0.306	0.323	0.317	0.346	1.8	3.4	4.84	5.4	6.6
CAF003	01/16/2013	0.311	0.305	0.323	0.317	0.346	1.8	3.38	4.8	5.4	6.51
CAF003	01/17/2013	0.309	0.305	0.322	0.316	0.345	1.76	3.3	4.8	5.33	6.5
CAF003	01/18/2013	0.307	0.304	0.322	0.315	0.345	1.7	3.3	4.72	5.3	6.42
CAF003	01/19/2013	0.305	0.303	0.322	0.315	0.344	1.7	3.29	4.7	5.27	6.4
CAF003	01/20/2013	0.303	0.303	0.321	0.314	0.344	1.63	3.2	4.69	5.2	6.36
CAF003	01/21/2013	0.3	0.303	0.321	0.314	0.344	1.6	3.2	4.6	5.2	6.3
CAF003	01/22/2013	0.298	0.302	0.321	0.313	0.343	1.52	3.14	4.6	5.12	6.28
CAF003	01/23/2013	0.295	0.302	0.32	0.313	0.343	1.44	3.1	4.55	5.1	6.2
CAF003	01/24/2013	0.293	0.301	0.32	0.312	0.343	1.4	3.07	4.5	5.05	6.2
CAF003	01/25/2013	0.293	0.301	0.319	0.312	0.342	1.4	3	4.49	5	6.12
CAF003	01/26/2013	0.316	0.304	0.32	0.312	0.342	1.4	3	4.4	5	6.1
CAF003	01/27/2013	0.32	0.306	0.32	0.312	0.342	1.5	3	4.4	4.9	6.05
CAF003	01/28/2013	0.32	0.305	0.321	0.312	0.342	1.5	2.9	4.38	4.9	6
CAF003	01/29/2013	0.32	0.305	0.321	0.313	0.342	1.57	2.9	4.3	4.85	5.98
CAF003	01/30/2013	0.339	0.314	0.325	0.318	0.352	1.66	2.9	4.3	4.8	5.9
CAF003	01/31/2013	0.331	0.314	0.326	0.323	0.352	2.42	2.93	4.21	4.73	5.84
CAF003	02/01/2013	0.328	0.311	0.325	0.321	0.349	3	3.12	4.3	4.7	5.8
CAF003	02/02/2013	0.325	0.31	0.324	0.319	0.348	3.05	3.33	4.41	4.7	5.8
CAF003	02/03/2013	0.322	0.309	0.324	0.318	0.348	3.14	3.46	4.5	4.76	5.8
CAF003	02/04/2013	0.321	0.308	0.324	0.318	0.348	3.47	3.56	4.6	4.8	5.8
CAF003	02/05/2013	0.32	0.308	0.324	0.317	0.348	3.74	3.72	4.68	4.83	5.8
CAF003	02/06/2013	0.319	0.307	0.323	0.317	0.348	3.64	3.86	4.79	4.9	5.8
CAF003	02/07/2013	0.318	0.307	0.323	0.316	0.348	3.52	3.9	4.88	4.95	5.8
CAF003	02/08/2013	0.318	0.307	0.323	0.316	0.347	3.31	3.9	4.9	5	5.86
CAF003	02/09/2013	0.321	0.306	0.323	0.316	0.347	3.03	3.9	4.91	5.01	5.9
CAF003	02/10/2013	0.325	0.305	0.323	0.316	0.347	2.69	3.82	4.9	5.1	5.9
CAF003	02/11/2013	0.323	0.305	0.323	0.315	0.347	2.45	3.72	4.9	5.1	5.9
CAF003	02/12/2013	0.324	0.305	0.322	0.315	0.346	2.71	3.6	4.84	5.07	5.9
CAF003	02/13/2013	0.324	0.305	0.322	0.315	0.346	3.37	3.66	4.8	5	5.9
CAF003	02/14/2013	0.322	0.306	0.323	0.315	0.346	3.29	3.79	4.85	5	5.9
CAF003	02/15/2013	0.32	0.306	0.323	0.315	0.346	3.33	3.8	4.9	5	5.9
CAF003	02/16/2013	0.32	0.306	0.323	0.315	0.345	3.84	3.9	4.9	5	5.9
CAF003	02/17/2013	0.319	0.306	0.323	0.315	0.345	3.83	4.05	4.99	5.05	5.9
CAF003	02/18/2013	0.317	0.306	0.323	0.315	0.345	3.4	4.1	5.05	5.1	5.9
CAF003	02/19/2013	0.315	0.306	0.323	0.315	0.345	3.11	4.02	5.1	5.1	5.9
CAF003	02/20/2013	0.316	0.305	0.323	0.314	0.345	3.19	3.96	5.01	5.1	5.9
CAF003	02/21/2013	0.315	0.305	0.323	0.314	0.345	3.01	3.93	5	5.1	5.9
CAF003	02/22/2013	0.323	0.307	0.323	0.314	0.345	2.6	3.85	5	5.1	5.9
CAF003	02/23/2013	0.335	0.314	0.326	0.316	0.345	2.46	3.69	4.92	5.1	5.9
CAF003	02/24/2013	0.329	0.314	0.327	0.32	0.347	2.42	3.6	4.84	5.05	5.9
CAF003	02/25/2013	0.326	0.312	0.326	0.32	0.349	2.38	3.54	4.8	5	5.9
CAF003	02/26/2013	0.325	0.311	0.326	0.319	0.349	2.4	3.5	4.71	5	5.83
CAF003	02/27/2013	0.322	0.31	0.325	0.319	0.349	2.53	3.5	4.7	4.9	5.8
CAF003	02/28/2013	0.331	0.309	0.324	0.318	0.349	3	3.5	4.7	4.9	5.8
CAF003	03/01/2013	0.336	0.314	0.326	0.319	0.35	3.52	3.59	4.7	4.9	5.79
CAF003	03/02/2013	0.331	0.314	0.327	0.321	0.353	4.25	3.8	4.75	4.9	5.7
CAF003	03/03/2013	0.327	0.313	0.327	0.321	0.357	4.33	4.04	4.87	4.9	5.7
CAF003	03/04/2013	0.323	0.312	0.327	0.32	0.358	3.63	4.1	4.99	4.92	5.7
CAF003	03/05/2013	0.32	0.311	0.326	0.32	0.361	3.36	4.09	5	5	5.74
CAF003	03/06/2013	0.319	0.31	0.326	0.32	0.363	3.57	4	5	5	5.8
CAF003	03/07/2013	0.333	0.309	0.325	0.319	0.361	3.93	4.05	5	5	5.8
CAF003	03/08/2013	0.327	0.31	0.325	0.319	0.361	4.05	4.16	5.06	5	5.8
CAF003	03/09/2013	0.323	0.31	0.325	0.319	0.359	4.03	4.2	5.1	5.08	5.8
CAF003	03/10/2013	0.321	0.309	0.325	0.319	0.358	3.96	4.27	5.16	5.1	5.8
CAF003	03/11/2013	0.319	0.309	0.325	0.319	0.358	4.12	4.3	5.2	5.1	5.8
CAF003	03/12/2013	0.319	0.309	0.325	0.318	0.357	4.67	4.36	5.2	5.1	5.8
CAF003	03/13/2013	0.319	0.309	0.325	0.318	0.356	5.49	4.55	5.3	5.16	5.83
CAF003	03/14/2013	0.319	0.309	0.325	0.318	0.356	6.2	4.86	5.45	5.2	5.9
CAF003	03/15/2013	0.318	0.31	0.326	0.318	0.355	6.58	5.18	5.63	5.29	5.9
CAF003	03/16/2013	0.316	0.31	0.326	0.318	0.354	6.45	5.44	5.83	5.39	5.95
CAF003	03/17/2013	0.314	0.31	0.326	0.318	0.354	5.35	5.5	5.99	5.51	6
CAF003	03/18/2013	0.314	0.309	0.326	0.318	0.353	4.43	5.34	6	5.6	6.1
CAF003	03/19/2013	0.313	0.308	0.326	0.318	0.352	4.05	5.11	5.98	5.68	6.15
CAF003	03/20/2013	0.325	0.307	0.326	0.318	0.352	4.79	4.98	5.9	5.7	6.2
CAF003	03/21/2013	0.329	0.308	0.325	0.317	0.351	4.44	5	5.85	5.66	6.2
CAF003	03/22/2013	0.324	0.308	0.325	0.317	0.35	3.88	4.9	5.8	5.61	6.2
CAF003	03/23/2013	0.321	0.308	0.325	0.317	0.35	3.69	4.75	5.77	5.6	6.2
CAF003	03/24/2013	0.319	0.308	0.325	0.317	0.35	3.91	4.61	5.69	5.6	6.2
CAF003	03/25/2013	0.317	0.308	0.325	0.316	0.349	4.07	4.6	5.6	5.6	6.2
CAF003	03/26/2013	0.305	0.308	0.326	0.317	0.349	5.66	4.65	5.6	5.52	6.2
CAF003	03/27/2013	0.296	NA	0.326	0.318	0.348	6.6	5.07	5.68	5.5	6.2
