CAF079	05/22/2009	0.36	0.368	0.353	0.374	0.387	11.58	9.6	8.6	8.1	7.4
CAF079	05/23/2009	0.361	0.369	0.353	0.382	0.388	11.8	9.72	8.66	8.12	7.48
CAF079	05/24/2009	0.362	0.37	0.353	0.391	0.39	12.4	9.98	8.81	8.21	7.57
CAF079	05/25/2009	0.362	0.371	0.354	0.396	0.392	12.68	10.27	8.99	8.33	7.66
CAF079	05/26/2009	0.363	0.372	0.354	0.4	0.393	13.03	10.54	9.19	8.46	7.77
CAF079	05/27/2009	0.363	0.372	0.355	0.402	0.393	12.98	10.75	9.38	8.61	7.86
CAF079	05/28/2009	0.364	0.373	0.356	0.404	0.392	13.35	10.92	9.55	8.75	7.97
CAF079	05/29/2009	0.365	0.373	0.357	0.405	0.39	14.08	11.18	9.72	8.9	8.08
CAF079	05/30/2009	0.367	0.373	0.358	0.406	0.389	14.89	11.52	9.92	9.04	8.2
CAF079	05/31/2009	0.367	0.374	0.359	0.407	0.39	15.38	11.95	10.17	9.21	8.32
CAF079	06/01/2009	0.367	0.374	0.36	0.408	0.392	15.36	12.25	10.44	9.4	8.43
CAF079	06/02/2009	0.367	0.374	0.361	0.409	0.395	15.26	12.45	10.68	9.6	8.56
CAF079	06/03/2009	0.367	0.374	0.361	0.409	0.398	15.36	12.57	10.86	9.79	8.7
CAF079	06/04/2009	0.368	0.374	0.362	0.41	0.398	15.94	12.75	11.04	9.95	8.84
CAF079	06/05/2009	0.369	0.375	0.362	0.411	0.398	16.34	13.03	11.24	10.13	8.96
CAF079	06/06/2009	0.368	0.375	0.363	0.411	0.398	16.22	13.3	11.46	10.3	9.08
CAF079	06/07/2009	0.365	0.375	0.364	0.412	0.399	14.74	13.27	11.66	10.47	9.23
CAF079	06/08/2009	0.365	0.375	0.364	0.412	0.399	14.57	13.03	11.7	10.62	9.36
CAF079	06/09/2009	0.364	0.374	0.365	0.412	0.4	14.03	12.87	11.7	10.7	9.48
CAF079	06/10/2009	0.365	0.374	0.365	0.412	0.4	14.49	12.75	11.7	10.77	9.58
CAF079	06/11/2009	0.367	0.375	0.367	0.412	0.4	15.69	13.29	12.03	11.02	9.83
CAF079	06/12/2009	0.368	0.375	0.369	0.413	0.401	16.76	13.86	12.41	11.27	10.06
CAF079	06/13/2009	0.369	0.375	0.37	0.413	0.402	17.14	14.13	12.57	11.39	10.15
CAF079	06/14/2009	0.368	0.375	0.37	0.413	0.401	17.05	14.35	12.76	11.53	10.26
CAF079	06/15/2009	0.367	0.375	0.371	0.413	0.399	17.02	14.47	12.93	11.66	10.35
CAF079	06/16/2009	0.364	0.375	0.371	0.413	0.4	16	14.43	13.06	11.78	10.46
CAF079	06/17/2009	0.363	0.374	0.372	0.413	0.402	15.68	14.26	13.1	11.9	10.57
CAF079	06/18/2009	0.36	0.374	0.372	0.413	0.401	14.32	13.98	13.08	11.93	10.66
CAF079	06/19/2009	0.36	0.373	0.372	0.413	0.403	14.19	13.6	12.96	12	10.73
CAF079	06/20/2009	0.362	0.373	0.372	0.412	0.403	15.42	13.55	12.84	11.91	10.8
CAF079	06/21/2009	0.363	0.373	0.372	0.412	0.403	16.55	13.86	12.85	11.9	10.8
CAF079	06/22/2009	0.362	0.373	0.372	0.412	0.403	16.43	14.17	12.98	11.96	10.88
CAF079	06/23/2009	0.36	0.372	0.373	0.412	0.403	16.33	14.28	13.13	12.05	10.9
CAF079	06/24/2009	0.358	0.371	0.373	0.412	0.403	16.86	14.38	13.22	12.12	10.98
CAF079	06/25/2009	0.356	0.371	0.373	0.412	0.403	17.01	14.57	13.34	12.2	11.02
CAF079	06/26/2009	0.353	0.37	0.373	0.411	0.402	17.03	14.71	13.45	12.29	11.1
CAF079	06/27/2009	0.35	0.369	0.373	0.412	0.403	16.94	14.79	13.56	12.38	11.17
CAF079	06/28/2009	0.347	0.368	0.372	0.412	0.403	17.1	14.87	13.65	12.47	11.23
CAF079	06/29/2009	0.344	0.366	0.372	0.412	0.403	17.51	14.97	13.74	12.54	11.3
CAF079	06/30/2009	0.338	0.365	0.372	0.412	0.403	17.98	15.18	13.85	12.62	11.39
CAF079	07/01/2009	0.332	0.364	0.371	0.412	0.404	18.53	15.42	14	12.72	11.45
CAF079	07/02/2009	0.326	0.363	0.371	0.412	0.404	18.38	15.66	14.15	12.83	11.52
CAF079	07/03/2009	0.319	0.361	0.37	0.412	0.404	17.48	15.66	14.29	12.94	11.6
CAF079	07/04/2009	0.313	0.359	0.369	0.412	0.405	17	15.47	14.37	13.03	11.7
CAF079	07/05/2009	0.305	0.358	0.368	0.412	0.405	16.7	15.34	14.33	13.1	11.78
CAF079	07/06/2009	0.297	0.356	0.367	0.412	0.405	16.85	15.2	14.3	13.1	11.84
CAF079	07/07/2009	0.287	0.354	0.366	0.411	0.405	17.26	15.26	14.3	13.16	11.9
CAF079	07/08/2009	0.276	0.352	0.365	0.411	0.405	17.8	15.36	14.36	13.2	11.95
CAF079	07/09/2009	0.27	0.352	0.365	0.412	0.405	17.55	15.56	14.45	13.2	12
CAF079	07/10/2009	0.275	0.35	0.365	0.412	0.405	16.29	15.39	14.5	13.29	12.03
CAF079	07/11/2009	0.274	0.349	0.364	0.413	0.405	16.55	15.18	14.5	13.3	12.1
CAF079	07/12/2009	0.269	0.347	0.363	0.413	0.405	17.04	15.18	14.5	13.3	12.12
CAF079	07/13/2009	0.263	0.345	0.362	0.413	0.404	17.56	15.34	14.5	13.3	12.2
CAF079	07/14/2009	0.255	0.343	0.36	0.413	0.401	18.02	15.52	14.6	13.35	12.2
CAF079	07/15/2009	0.249	0.34	0.359	0.413	0.397	18.3	15.73	14.72	13.4	12.22
CAF079	07/16/2009	0.245	0.338	0.358	0.413	0.396	17.94	15.84	14.84	13.47	12.3
CAF079	07/17/2009	0.243	0.334	0.357	0.414	0.395	17.88	15.83	14.92	13.54	12.33
CAF079	07/18/2009	0.24	0.33	0.356	0.414	0.395	18.02	15.88	15	13.6	12.4
CAF079	07/19/2009	0.237	0.325	0.355	0.414	0.395	18.22	15.96	15.06	13.65	12.43
CAF079	07/20/2009	0.235	0.319	0.354	0.414	0.395	18.08	16	15.13	13.7	12.5
CAF079	07/21/2009	0.234	0.314	0.352	0.413	0.396	18.07	16	15.2	13.76	12.55
CAF079	07/22/2009	0.233	0.308	0.351	0.413	0.397	17.96	16.02	15.25	13.8	12.6
CAF079	07/23/2009	0.232	0.301	0.35	0.412	0.399	17.78	15.98	15.3	13.82	12.63
CAF079	07/24/2009	0.231	0.289	0.348	0.413	0.401	18.16	15.99	15.3	13.9	12.7
CAF079	07/25/2009	0.23	0.273	0.346	0.41	0.401	18.52	16.09	15.35	13.9	12.72
CAF079	07/26/2009	0.228	0.256	0.344	0.406	0.401	18.32	16.2	15.42	13.91	12.8
CAF079	07/27/2009	0.227	0.245	0.342	0.406	0.401	18.31	16.2	15.5	14	12.8
CAF079	07/28/2009	0.225	0.236	0.34	0.405	0.401	18.64	16.27	15.5	14	12.85
CAF079	07/29/2009	0.223	0.228	0.337	0.405	0.401	18.84	16.38	15.6	14.05	12.9
CAF079	07/30/2009	0.221	0.22	0.335	0.405	0.401	18.81	16.48	15.65	14.1	12.91
CAF079	07/31/2009	0.219	0.213	0.332	0.404	0.401	18.72	16.5	15.7	14.12	13
CAF079	08/01/2009	0.218	0.208	0.329	0.403	0.401	18.83	16.5	15.76	14.2	13
CAF079	08/02/2009	0.217	0.203	0.326	0.402	0.402	18.96	16.59	15.8	14.2	13.06
CAF079	08/03/2009	0.215	0.2	0.324	0.401	0.402	17.87	16.57	15.85	14.25	13.1
CAF079	08/04/2009	0.216	0.2	0.322	0.4	0.4	16.66	16.19	15.83	14.3	13.12
CAF079	08/05/2009	0.218	0.2	0.32	0.398	0.399	16.57	15.83	15.72	14.3	13.2
CAF079	08/06/2009	0.219	0.2	0.318	0.396	0.399	16.72	15.7	15.6	14.2	13.2
CAF079	08/07/2009	0.219	0.2	0.317	0.393	0.401	16.68	15.66	15.52	14.2	13.2
CAF079	08/08/2009	0.219	0.2	0.315	0.39	0.401	16.78	15.6	15.5	14.1	13.2
CAF079	08/09/2009	0.218	0.2	0.314	0.388	0.401	16.68	15.6	15.47	14.1	13.2
CAF079	08/10/2009	0.218	0.2	0.312	0.385	0.401	16.05	15.46	15.4	14.1	13.2
CAF079	08/11/2009	0.217	0.199	0.31	0.382	0.401	15.21	15.18	15.35	14.05	13.2
CAF079	08/12/2009	0.216	0.199	0.308	0.378	0.4	15.04	14.88	15.23	14	13.2
CAF079	08/13/2009	0.216	0.198	0.306	0.373	0.4	15.24	14.76	15.1	13.91	13.12
CAF079	08/14/2009	0.215	0.197	0.304	0.368	0.4	15.6	14.72	15	13.85	13.1
CAF079	08/15/2009	0.215	0.195	0.301	0.36	0.4	16.18	14.85	15	13.8	13.1
CAF079	08/16/2009	0.215	0.193	0.299	0.35	0.4	17.05	15.06	15	13.8	13.08
CAF079	08/17/2009	0.215	0.191	0.296	0.336	0.4	17.86	15.42	15.07	13.8	13
CAF079	08/18/2009	0.214	0.189	0.293	0.326	0.399	17.58	15.68	15.2	13.8	13
CAF079	08/19/2009	0.213	0.187	0.291	0.317	0.399	16.8	15.66	15.3	13.86	13
CAF079	08/20/2009	0.212	0.185	0.289	0.308	0.399	16.08	15.42	15.3	13.9	13.08
CAF079	08/21/2009	0.211	0.183	0.286	0.299	0.399	16.13	15.2	15.24	13.9	13.1
CAF079	08/22/2009	0.211	0.182	0.283	0.291	0.399	16.01	15.15	15.2	13.9	13.1
CAF079	08/23/2009	0.211	0.18	0.28	0.282	0.399	16.17	15.1	15.14	13.86	13.1
CAF079	08/24/2009	0.211	0.179	0.278	0.274	0.398	16.76	15.16	15.1	13.8	13.1
CAF079	08/25/2009	0.211	0.178	0.276	0.269	0.398	17.23	15.36	15.15	13.8	13.1
CAF079	08/26/2009	0.211	0.178	0.274	0.266	0.398	17.09	15.5	15.2	13.82	13.1
CAF079	08/27/2009	0.211	0.177	0.273	0.263	0.398	17.42	15.58	15.27	13.9	13.1
CAF079	08/28/2009	0.212	0.177	0.271	0.26	0.397	17.82	15.74	15.3	13.9	13.1
CAF079	08/29/2009	0.211	0.176	0.27	0.256	0.396	17.9	15.88	15.4	13.92	13.1
CAF079	08/30/2009	0.211	0.176	0.269	0.254	0.395	17.95	15.99	15.47	14	13.1
CAF079	08/31/2009	0.21	0.176	0.268	0.253	0.395	17.01	15.95	15.5	14.01	13.17
CAF079	09/01/2009	0.21	0.176	0.267	0.252	0.395	16.74	15.7	15.5	14.1	13.2
CAF079	09/02/2009	0.21	0.176	0.266	0.252	0.394	16.5	15.58	15.49	14.1	13.2
CAF079	09/03/2009	0.209	0.176	0.265	0.252	0.394	15.57	15.36	15.4	14.1	13.2
CAF079	09/04/2009	0.208	0.176	0.264	0.252	0.393	14.66	14.93	15.3	14	13.2
CAF079	09/05/2009	0.208	0.176	0.264	0.252	0.393	14.55	14.64	15.19	14	13.2
CAF079	09/06/2009	NA	NA	NA	NA	NA	NA	NA	NA	NA	NA
CAF079	09/02/2011	0.18	0.188	0.246	0.254	0.279	16.44	15.7	15.8	14.1	12.92
CAF079	09/03/2011	0.18	0.188	0.246	0.254	0.278	16.14	15.59	15.72	14.1	13
CAF079	09/04/2011	0.179	0.187	0.246	0.254	0.279	15.9	15.33	15.59	14.06	12.98
CAF079	09/05/2011	0.18	0.187	0.246	0.254	0.285	16.04	15.24	15.5	14	13.05
CAF079	09/06/2011	0.18	0.187	0.246	0.254	0.274	16.23	15.28	15.4	13.98	13.04
CAF079	09/07/2011	0.18	0.188	0.246	0.254	0.276	16.42	15.35	15.4	13.9	13.01
CAF079	09/08/2011	0.18	0.188	0.246	0.254	0.279	16.74	15.47	15.4	13.9	13.05
CAF079	09/09/2011	0.18	0.188	0.246	0.254	0.278	17.01	15.65	15.49	13.9	13.06
CAF079	09/10/2011	0.18	0.188	0.246	0.254	0.276	17.1	15.74	15.51	13.95	13.09
CAF079	09/11/2011	0.18	0.188	0.246	0.254	0.279	17.24	15.85	15.6	14	13.07
CAF079	09/12/2011	0.18	0.188	0.246	0.254	0.276	17.33	15.91	15.63	14	13.15
CAF079	09/13/2011	0.18	0.188	0.246	0.255	0.277	17.31	15.97	15.7	14.08	13.15
CAF079	09/14/2011	0.18	0.188	0.247	0.255	0.276	17.13	15.95	15.7	14.1	13.12
CAF079	09/15/2011	0.18	0.188	0.247	0.255	0.278	17.08	15.9	15.7	14.1	13.13
CAF079	09/16/2011	0.179	0.188	0.247	0.255	0.278	16.27	15.7	15.7	14.1	13.17
CAF079	09/17/2011	0.178	0.188	0.247	0.255	0.28	15.53	15.31	15.64	14.1	13.19
CAF079	09/18/2011	0.178	0.187	0.247	0.255	0.28	15.2	14.96	15.5	14.1	13.25
CAF079	09/19/2011	0.178	0.187	0.246	0.255	0.278	15.26	14.8	15.36	14.03	13.2
CAF079	09/20/2011	0.178	0.187	0.246	0.255	0.279	15.09	14.74	15.29	14	13.2
CAF079	09/21/2011	0.178	0.187	0.246	0.255	0.28	14.82	14.56	15.19	13.9	13.18
CAF079	09/22/2011	0.178	0.187	0.246	0.255	0.279	14.82	14.4	15.1	13.87	13.11
CAF079	09/23/2011	0.178	0.187	0.246	0.255	0.277	15.18	14.47	15	13.8	13.19
CAF079	09/24/2011	0.178	0.187	0.246	0.255	0.279	15.59	14.63	15	13.77	13.08
CAF079	09/25/2011	0.178	0.187	0.246	0.255	0.277	15.97	14.84	15.04	13.7	13.11
CAF079	09/26/2011	0.178	0.188	0.246	0.255	0.281	15.45	14.84	15.1	13.7	13.06
CAF079	09/27/2011	0.177	0.187	0.246	0.255	0.282	14.95	14.6	15.09	13.74	13.02
CAF079	09/28/2011	0.177	0.187	0.246	0.255	0.282	14.44	14.35	15	13.7	13.11
CAF079	09/29/2011	0.176	0.187	0.246	0.255	0.285	13.74	13.99	14.87	13.7	13.04
CAF079	09/30/2011	0.176	0.187	0.246	0.255	0.288	13.49	13.66	14.72	13.6	12.96
CAF079	10/01/2011	0.176	0.187	0.246	0.255	0.286	13.81	13.57	14.57	13.52	12.97
CAF079	10/02/2011	0.176	0.187	0.246	0.254	0.287	14.01	13.67	14.5	13.44	12.91
CAF079	10/03/2011	0.176	0.187	0.246	0.254	0.287	13.96	13.63	14.5	13.4	12.9
CAF079	10/04/2011	0.176	0.187	0.246	0.254	0.288	13.83	13.59	14.4	13.33	12.85
CAF079	10/05/2011	0.175	0.187	0.246	0.254	0.291	13.34	13.42	14.4	13.3	12.8
CAF079	10/06/2011	0.174	0.186	0.246	0.254	0.291	12.65	13.13	14.36	13.24	12.77
CAF079	10/07/2011	0.174	0.186	0.245	0.254	0.29	11.9	12.69	14.21	13.17	12.72
CAF079	10/08/2011	0.173	0.186	0.245	0.254	0.289	11.51	12.34	14.01	13.06	12.78
CAF079	10/09/2011	0.173	0.185	0.245	0.254	0.286	11.31	12.06	13.82	12.95	12.65
CAF079	10/10/2011	0.173	0.185	0.245	0.253	0.286	11.3	11.9	13.63	12.83	12.53
CAF079	10/11/2011	0.173	0.185	0.245	0.253	0.286	11.3	11.8	13.47	12.71	12.43
CAF079	10/12/2011	0.173	0.185	0.245	0.253	0.29	11.19	11.75	13.35	12.6	12.41
CAF079	10/13/2011	0.173	0.185	0.245	0.253	0.292	10.95	11.6	13.29	12.51	12.3
CAF079	10/14/2011	0.172	0.185	0.245	0.252	0.292	10.9	11.47	13.2	12.42	12.34
CAF079	10/15/2011	0.172	0.185	0.245	0.252	0.293	10.99	11.4	13.12	12.34	12.09
CAF079	10/16/2011	0.173	0.185	0.244	0.252	0.294	10.98	11.4	13.08	12.26	12.1
CAF079	10/17/2011	0.172	0.185	0.244	0.252	0.293	10.48	11.23	13	12.2	11.98
CAF079	10/18/2011	0.172	0.185	0.244	0.252	0.29	10	10.94	12.88	12.11	11.92
CAF079	10/19/2011	0.172	0.185	0.244	0.252	0.29	9.83	10.71	12.68	12.02	11.83
CAF079	10/20/2011	0.172	0.185	0.244	0.252	0.285	9.91	10.6	12.53	11.92	11.69
CAF079	10/21/2011	0.172	0.185	0.244	0.251	0.289	10.13	10.6	12.42	11.82	11.7
CAF079	10/22/2011	0.172	0.185	0.244	0.251	0.287	10.42	10.69	12.4	11.73	11.63
CAF079	10/23/2011	0.172	0.185	0.244	0.251	0.288	10.64	10.8	12.31	11.7	11.51
CAF079	10/24/2011	0.173	0.185	0.244	0.251	0.284	10.75	10.9	12.31	11.63	11.47
CAF079	10/25/2011	0.172	0.185	0.244	0.251	0.29	9.8	10.74	12.31	11.6	11.41
CAF079	10/26/2011	0.171	0.185	0.244	0.251	0.288	8.53	10.16	12.2	11.58	11.34
CAF079	10/27/2011	0.17	0.184	0.244	0.251	0.286	7.86	9.55	11.95	11.47	11.25
CAF079	10/28/2011	0.17	0.184	0.243	0.251	0.287	7.36	9.13	11.7	11.34	11.26
CAF079	10/29/2011	0.17	0.184	0.243	0.251	0.286	7.48	8.85	11.45	11.16	11.17
CAF079	10/30/2011	0.17	0.184	0.243	0.25	0.286	7.55	8.82	11.26	11.03	11.06
CAF079	10/31/2011	0.171	0.184	0.243	0.25	0.286	7.98	8.84	11.14	10.87	10.96
CAF079	11/01/2011	0.171	0.184	0.243	0.25	0.285	7.61	8.85	11.1	10.78	10.79
CAF079	11/02/2011	0.17	0.184	0.243	0.25	0.29	6.53	8.44	10.96	10.69	10.72
CAF079	11/03/2011	0.17	0.184	0.242	0.25	0.277	5.98	7.95	10.75	10.57	10.6
CAF079	11/04/2011	0.17	0.183	0.242	0.25	0.274	6.13	7.74	10.52	10.43	10.49
CAF079	11/05/2011	0.169	0.183	0.242	0.25	0.28	5.76	7.6	10.35	10.26	10.37
CAF079	11/06/2011	0.169	0.183	0.242	0.25	0.283	5.22	7.29	10.18	10.13	10.26
CAF079	11/07/2011	0.169	0.183	0.242	0.25	0.286	4.78	6.98	9.98	9.97	10.24
CAF079	11/08/2011	0.169	0.183	0.241	0.25	0.29	4.53	6.7	9.77	9.83	10.11
CAF079	11/09/2011	0.169	0.183	0.241	0.249	0.292	4.64	6.57	9.58	9.66	10.05
CAF079	11/10/2011	0.169	0.183	0.241	0.249	0.289	4.75	6.5	9.43	9.51	9.9
CAF079	11/11/2011	0.169	0.183	0.241	0.249	0.289	4.85	6.5	9.31	9.37	9.85
CAF079	11/12/2011	0.169	0.183	0.241	0.249	0.289	4.96	6.5	9.22	9.25	9.74
CAF079	11/13/2011	0.169	0.183	0.241	0.249	0.288	4.85	6.45	9.17	9.15	9.58
CAF079	11/14/2011	0.17	0.183	0.241	0.249	0.288	4.94	6.4	9.09	9.05	9.53
CAF079	11/15/2011	0.17	0.183	0.241	0.249	0.287	4.77	6.38	9	8.97	9.47
CAF079	11/16/2011	0.17	0.183	0.241	0.249	0.285	4.13	6.14	8.94	8.89	9.37
CAF079	11/17/2011	0.17	0.183	0.241	0.249	0.281	3.7	5.83	8.78	8.78	9.23
CAF079	11/18/2011	0.17	0.183	0.241	0.249	0.282	3.51	5.6	8.62	8.66	9.13
CAF079	11/19/2011	0.17	0.183	0.241	0.249	0.285	3.5	5.45	8.46	8.54	9.03
CAF079	11/20/2011	0.171	0.183	0.241	0.249	0.285	3.5	5.4	8.34	8.42	9.01
CAF079	11/21/2011	0.171	0.183	0.241	0.249	0.285	3.6	5.3	8.24	8.29	8.88
CAF079	11/22/2011	0.172	0.182	0.241	0.249	0.289	3.59	5.25	8.13	8.2	8.78
CAF079	11/23/2011	0.173	0.183	0.241	0.249	0.287	4.25	5.3	8.05	8.1	8.62
CAF079	11/24/2011	0.174	0.183	0.241	0.249	0.286	4.96	5.67	8.07	8.01	8.58
CAF079	11/25/2011	0.175	0.184	0.242	0.249	0.286	5	5.87	8.11	8	8.52
CAF079	11/26/2011	0.176	0.185	0.242	0.249	0.286	4.5	5.83	8.2	8	8.44
CAF079	11/27/2011	0.178	0.186	0.242	0.249	0.282	4.05	5.57	8.1	7.96	8.35
CAF079	11/28/2011	0.179	0.187	0.242	0.249	0.283	4.18	5.46	8.01	7.9	8.35
CAF079	11/29/2011	0.181	0.189	0.242	0.249	0.281	4.1	5.45	7.95	7.83	8.3
CAF079	11/30/2011	0.183	0.19	0.242	0.248	0.281	4.13	5.4	7.83	7.8	8.25
CAF079	12/01/2011	0.186	0.192	0.242	0.248	0.283	3.93	5.35	7.78	7.7	8.14
CAF079	12/02/2011	0.188	0.193	0.242	0.248	0.277	3.53	5.14	7.7	7.67	8.08
CAF079	12/03/2011	0.19	0.194	0.242	0.248	0.275	3.21	4.92	7.58	7.6	8.04
CAF079	12/04/2011	0.192	0.195	0.242	0.248	0.281	2.97	4.71	7.46	7.51	7.93
CAF079	12/05/2011	0.195	0.196	0.241	0.248	0.283	2.78	4.52	7.34	7.43	7.85
CAF079	12/06/2011	0.197	0.197	0.241	0.248	0.281	2.64	4.35	7.22	7.33	7.83
CAF079	12/07/2011	0.199	0.198	0.241	0.248	0.278	2.5	4.21	7.09	7.22	7.76
CAF079	12/08/2011	0.201	0.199	0.241	0.248	0.285	2.38	4.07	6.98	7.13	7.6
CAF079	12/09/2011	0.203	0.2	0.241	0.248	0.29	2.25	3.94	6.88	7.05	7.52
CAF079	12/10/2011	0.204	0.2	0.241	0.248	0.288	2.13	3.8	6.76	6.95	7.38
CAF079	12/11/2011	0.205	0.201	0.241	0.248	0.29	2.07	3.69	6.65	6.86	7.25
CAF079	12/12/2011	0.206	0.202	0.241	0.247	0.286	2	3.6	6.56	6.77	7.2
CAF079	12/13/2011	0.206	0.202	0.24	0.247	0.288	1.9	3.5	6.47	6.7	7.15
CAF079	12/14/2011	0.207	0.202	0.24	0.247	0.285	1.9	3.42	6.39	6.6	7.12
CAF079	12/15/2011	0.207	0.203	0.24	0.247	0.277	1.84	3.37	6.3	6.53	7.06
CAF079	12/16/2011	0.208	0.203	0.24	0.247	0.277	1.8	3.3	6.22	6.47	6.98
CAF079	12/17/2011	0.208	0.203	0.24	0.247	0.277	1.8	3.3	6.19	6.4	6.93
CAF079	12/18/2011	0.208	0.204	0.24	0.247	0.275	1.85	3.28	6.1	6.34	6.88
CAF079	12/19/2011	0.209	0.204	0.24	0.247	0.275	1.9	3.2	6.08	6.3	6.87
CAF079	12/20/2011	0.209	0.204	0.24	0.247	0.278	1.9	3.2	6	6.21	6.77
CAF079	12/21/2011	0.209	0.204	0.24	0.247	0.277	1.9	3.2	6	6.2	6.76
CAF079	12/22/2011	0.209	0.205	0.24	0.247	0.276	1.85	3.2	5.92	6.16	6.73
CAF079	12/23/2011	0.209	0.205	0.24	0.247	0.273	1.75	3.12	5.9	6.1	6.68
CAF079	12/24/2011	0.209	0.205	0.24	0.247	0.276	1.63	3.03	5.83	6.07	6.64
CAF079	12/25/2011	0.209	0.205	0.24	0.247	0.274	1.6	2.96	5.79	6	6.65
CAF079	12/26/2011	0.209	0.205	0.24	0.247	0.27	1.6	2.9	5.7	5.97	6.66
CAF079	12/27/2011	0.209	0.205	0.24	0.247	0.27	1.6	2.9	5.68	5.9	6.58
CAF079	12/28/2011	0.21	0.205	0.24	0.247	0.275	1.6	2.88	5.6	5.89	6.51
CAF079	12/29/2011	0.215	0.213	0.241	0.247	0.275	1.6	2.8	5.58	5.8	6.5
CAF079	12/30/2011	0.238	0.267	0.242	0.246	0.275	1.56	2.72	5.49	5.8	6.44
CAF079	12/31/2011	0.246	0.278	0.242	0.247	0.274	1.6	2.72	5.4	5.72	6.38
CAF079	01/01/2012	0.245	0.271	0.244	0.246	0.274	1.68	2.8	5.4	5.7	6.35
CAF079	01/02/2012	0.245	0.266	0.246	0.246	0.276	1.74	2.8	5.36	5.65	6.3
CAF079	01/03/2012	0.245	0.262	0.247	0.246	0.275	1.8	2.82	5.3	5.6	6.18
CAF079	01/04/2012	0.244	0.259	0.248	0.246	0.274	1.88	2.9	5.3	5.6	6.1
CAF079	01/05/2012	0.245	0.257	0.249	0.246	0.277	2.18	2.98	5.3	5.59	6
CAF079	01/06/2012	0.245	0.256	0.25	0.246	0.273	2.36	3.17	5.38	5.5	5.99
CAF079	01/07/2012	0.245	0.255	0.25	0.246	0.275	2.23	3.2	5.4	5.5	5.93
CAF079	01/08/2012	0.245	0.254	0.251	0.246	0.273	2.2	3.18	5.4	5.5	5.89
CAF079	01/09/2012	0.244	0.253	0.252	0.247	0.274	2.2	3.1	5.4	5.5	5.88
CAF079	01/10/2012	0.244	0.252	0.253	0.247	0.273	2.3	3.18	5.4	5.5	5.83
CAF079	01/11/2012	0.244	0.252	0.253	0.247	0.271	2.29	3.2	5.4	5.5	5.83
CAF079	01/12/2012	0.244	0.252	0.254	0.247	0.263	2.15	3.17	5.4	5.5	5.81
CAF079	01/13/2012	0.244	0.251	0.254	0.247	0.265	2.05	3.1	5.35	5.5	5.82
CAF079	01/14/2012	0.243	0.251	0.254	0.247	0.266	2	3	5.3	5.49	5.77
CAF079	01/15/2012	0.242	0.251	0.255	0.247	0.27	1.9	2.97	5.3	5.4	5.79
CAF079	01/16/2012	0.242	0.25	0.255	0.247	0.271	1.9	2.9	5.18	5.4	5.78
CAF079	01/17/2012	0.241	0.25	0.255	0.247	0.276	1.9	2.9	5.2	5.36	5.55
CAF079	01/18/2012	0.241	0.25	0.255	0.247	NA	1.9	2.88	5.19	5.3	NA
CAF079	01/19/2012	0.241	0.25	0.256	0.247	NA	1.9	2.8	5.1	5.3	NA
CAF079	01/20/2012	0.24	NA	0.256	0.247	NA	1.9	NA	5.1	5.27	NA
CAF079	11/06/2012	0.184	0.164	0.241	0.252	0.284	10.1	10.1	11.2	10.7	10.5
CAF079	11/07/2012	0.185	0.164	0.242	0.252	0.29	10.04	10.18	11.2	10.7	10.45
CAF079	11/08/2012	0.186	0.164	0.242	0.251	0.282	8.61	10.05	11.2	10.7	10.44
CAF079	11/09/2012	0.188	0.164	0.242	0.251	0.282	7.39	9.5	11.12	10.7	10.41
CAF079	11/10/2012	0.19	0.163	0.241	0.252	0.284	6.34	8.94	10.91	10.61	10.38
CAF079	11/11/2012	0.191	0.163	0.241	0.252	0.287	5.22	8.33	10.66	10.53	10.43
CAF079	11/12/2012	0.191	0.164	0.241	0.251	0.286	4.49	7.75	10.37	10.36	10.35
CAF079	11/13/2012	0.198	0.164	0.241	0.25	0.281	4.22	7.29	10.07	10.2	10.24
CAF079	11/14/2012	0.21	0.164	0.241	0.25	0.284	4.23	6.95	9.78	10	10.19
CAF079	11/15/2012	0.212	0.163	0.24	0.25	0.289	4.72	6.8	9.55	9.82	10.17
CAF079	11/16/2012	0.211	0.163	0.24	0.25	0.296	4.9	6.88	9.41	9.65	10.06
CAF079	11/17/2012	0.211	0.164	0.24	0.25	0.305	5.22	6.9	9.3	9.52	9.9
CAF079	11/18/2012	0.211	0.164	0.241	0.249	0.306	5.51	6.98	9.29	9.4	9.8
CAF079	11/19/2012	0.225	0.166	0.241	0.249	0.298	5.3	6.98	9.2	9.3	9.64
CAF079	11/20/2012	0.241	0.167	0.241	0.249	0.304	5.82	6.94	9.16	9.23	9.58
CAF079	11/21/2012	0.236	0.176	0.241	0.249	0.292	6.28	7.08	9.1	9.17	9.54
CAF079	11/22/2012	0.228	0.222	0.241	0.249	0.302	5.62	7.17	9.1	9.1	9.52
CAF079	11/23/2012	0.225	0.236	0.241	0.249	0.304	4.93	6.93	9.05	9.06	9.32
CAF079	11/24/2012	0.229	0.241	0.241	0.248	0.298	5.13	6.72	8.93	8.99	9.28
CAF079	11/25/2012	0.228	0.245	0.241	0.248	0.297	5.25	6.7	8.81	8.9	9.28
CAF079	11/26/2012	0.225	0.247	0.24	0.249	0.295	4.51	6.62	8.73	8.8	9.2
CAF079	11/27/2012	0.223	0.247	0.24	0.249	0.3	3.86	6.33	8.6	8.71	9.14
CAF079	11/28/2012	0.222	0.247	0.24	0.248	0.301	3.84	6.07	8.42	8.6	9.03
CAF079	11/29/2012	0.221	0.247	0.241	0.248	0.295	4.27	6	8.26	8.47	9
CAF079	11/30/2012	0.221	0.248	0.241	0.248	0.293	5.03	6.07	8.18	8.35	8.99
CAF079	12/01/2012	0.222	0.248	0.242	0.248	0.304	5.62	6.31	8.14	8.28	8.77
CAF079	12/02/2012	0.246	0.261	0.244	0.248	0.292	5.72	6.48	8.2	8.2	8.63
CAF079	12/03/2012	0.233	0.281	0.245	0.248	0.294	5.48	6.5	8.2	8.2	8.64
CAF079	12/04/2012	0.233	0.282	0.248	0.248	0.295	5.41	6.5	8.2	8.2	8.63
CAF079	12/05/2012	0.234	0.287	0.254	0.248	0.295	5.72	6.54	8.2	8.12	8.52
CAF079	12/06/2012	0.231	0.29	0.269	0.248	0.29	5.15	6.57	8.2	8.1	8.39
CAF079	12/07/2012	0.234	0.292	0.282	0.248	0.291	4.51	6.39	8.1	8.1	8.38
CAF079	12/08/2012	0.237	0.297	0.292	0.248	NA	3.92	6.12	8.03	8.01	NA
CAF079	12/09/2012	0.232	0.299	0.305	0.248	NA	3.36	5.85	7.86	7.94	NA
CAF079	12/10/2012	0.228	0.305	0.314	0.248	NA	3.06	5.59	7.71	7.83	NA
CAF079	12/11/2012	0.228	0.304	0.317	0.248	0.285	2.88	5.38	7.55	7.71	8.14
CAF079	12/12/2012	0.236	0.307	0.319	0.248	0.267	2.8	5.19	7.39	7.58	8.08
CAF079	12/13/2012	0.237	0.31	0.324	0.248	0.26	2.83	5.04	7.25	7.46	8.01
CAF079	12/14/2012	0.234	0.311	0.327	0.248	0.256	2.78	4.94	7.12	7.34	7.98
CAF079	12/15/2012	0.232	0.312	0.329	0.248	0.257	2.63	4.84	7.01	7.22	7.89
CAF079	12/16/2012	0.231	0.314	0.329	0.248	0.257	2.7	4.75	6.91	7.12	7.85
CAF079	12/17/2012	0.231	0.316	0.33	0.248	0.259	2.76	4.7	6.79	7.02	7.7
CAF079	12/18/2012	0.234	0.314	0.332	0.248	0.259	2.63	4.63	6.73	6.94	7.67
CAF079	12/19/2012	0.233	0.314	0.333	0.248	0.26	2.45	4.55	6.69	6.87	7.6
CAF079	12/20/2012	0.231	0.313	0.333	0.249	0.26	2.35	4.44	6.57	6.79	7.51
CAF079	12/21/2012	0.23	0.314	0.333	0.249	0.261	2.3	4.36	6.49	6.7	7.41
CAF079	12/22/2012	0.229	0.316	0.334	0.248	0.262	2.3	4.3	6.44	6.63	7.37
CAF079	12/23/2012	0.23	0.317	0.334	0.248	0.263	2.31	4.2	6.38	6.57	7.29
CAF079	12/24/2012	0.23	0.32	0.336	0.248	0.267	2.38	4.2	6.3	6.5	7.27
CAF079	12/25/2012	0.231	0.318	0.336	0.248	0.271	2.45	4.2	6.25	6.42	7.23
CAF079	12/26/2012	0.231	0.318	0.336	0.249	0.273	2.5	4.14	6.2	6.4	7.15
CAF079	12/27/2012	0.23	0.32	0.338	0.248	0.277	2.5	4.1	6.2	6.27	7.13
CAF079	12/28/2012	0.23	0.32	0.338	0.249	0.276	2.6	4.1	6.12	6.3	7.03
CAF079	12/29/2012	0.23	0.318	0.337	0.249	0.273	2.55	4.1	6.1	6.22	6.93
CAF079	12/30/2012	0.23	0.317	0.338	0.249	0.276	2.48	4.1	6.1	6.2	7.02
CAF079	12/31/2012	0.23	0.317	0.338	0.249	0.276	2.46	4.1	6.1	6.2	6.95
CAF079	01/01/2013	0.23	0.316	0.338	0.249	0.276	2.4	4.06	6	6.15	6.92
CAF079	01/02/2013	0.229	0.316	0.338	0.25	0.282	2.4	4	6	6.1	6.9
CAF079	01/03/2013	0.229	0.316	0.338	0.25	0.281	2.34	4	5.98	6.1	6.8
CAF079	01/04/2013	0.229	0.316	0.337	0.25	0.289	2.2	3.91	5.9	6.02	6.81
CAF079	01/05/2013	0.228	0.316	0.338	0.251	0.288	2.15	3.85	5.9	6	6.7
CAF079	01/06/2013	0.228	0.316	0.338	0.251	0.277	2.1	3.8	5.8	5.99	6.5
CAF079	01/07/2013	0.228	0.319	0.338	0.251	0.283	2.15	3.73	5.8	5.9	6.57
CAF079	01/08/2013	0.227	0.321	0.339	0.251	0.282	2.2	3.7	5.7	5.9	6.52
CAF079	01/09/2013	0.253	0.327	0.342	0.251	0.281	2.15	3.67	5.66	5.82	6.49
CAF079	01/10/2013	0.243	0.335	0.352	0.291	0.276	2.1	3.52	5.57	5.8	6.48
CAF079	01/11/2013	0.238	0.331	0.351	0.364	0.29	2.1	3.5	5.52	5.72	6.41
CAF079	01/12/2013	0.236	0.33	0.35	0.373	0.302	2.1	3.5	5.47	5.7	6.34
CAF079	01/13/2013	0.235	0.329	0.35	0.387	0.302	2.1	3.5	5.5	5.64	6.29
CAF079	01/14/2013	0.234	0.329	0.35	0.404	0.308	2.02	3.48	5.43	5.6	6.1
CAF079	01/15/2013	0.233	0.328	0.35	0.412	0.315	2	3.4	5.4	5.6	6.08
CAF079	01/16/2013	0.232	0.327	0.349	0.414	0.325	2	3.4	5.4	5.53	5.97
CAF079	01/17/2013	0.232	0.327	0.349	0.415	0.318	1.93	3.4	5.35	5.5	5.92
CAF079	01/18/2013	0.231	0.326	0.349	0.416	0.314	1.9	3.3	5.3	5.5	5.89
CAF079	01/19/2013	0.231	0.326	0.348	0.417	0.322	1.9	3.3	5.3	5.47	5.92
CAF079	01/20/2013	0.23	0.325	0.348	0.417	0.325	1.9	3.3	5.26	5.4	5.88
CAF079	01/21/2013	0.23	0.325	0.348	0.417	0.324	1.87	3.23	5.2	5.4	5.84
CAF079	01/22/2013	0.23	0.325	0.347	0.417	0.322	1.8	3.2	5.2	5.35	5.75
CAF079	01/23/2013	0.229	0.325	0.347	0.417	0.326	1.8	3.2	5.18	5.3	5.7
CAF079	01/24/2013	0.229	0.325	0.347	0.416	0.322	1.8	3.12	5.1	5.3	5.66
CAF079	01/25/2013	0.233	0.328	0.346	0.414	0.334	1.78	3.1	5.1	5.26	5.75
CAF079	01/26/2013	0.256	0.341	0.359	0.425	0.383	1.7	3.03	5.04	5.2	5.62
CAF079	01/27/2013	0.243	0.341	0.364	0.431	0.433	1.73	2.96	4.95	5.14	5.62
CAF079	01/28/2013	0.24	0.341	0.363	0.431	0.439	1.8	2.98	4.9	5.1	5.54
CAF079	01/29/2013	0.237	0.342	0.363	0.432	0.455	1.81	3	4.9	5.03	5.5
CAF079	01/30/2013	0.255	0.351	0.366	0.432	0.46	1.82	2.93	4.84	5	5.45
CAF079	01/31/2013	0.246	0.357	0.367	0.432	0.457	2	2.9	4.8	4.92	5.34
CAF079	02/01/2013	0.242	0.354	0.367	0.432	0.458	2.44	3	4.8	4.9	5.33
CAF079	02/02/2013	0.24	0.35	0.368	0.432	0.451	2.42	3.15	4.8	4.9	5.31
CAF079	02/03/2013	0.239	0.349	0.368	0.432	0.445	2.33	3.2	4.82	4.9	5.26
CAF079	02/04/2013	0.238	0.348	0.367	0.432	0.444	2.45	3.2	4.9	4.9	5.22
CAF079	02/05/2013	0.237	0.348	0.367	0.432	0.445	2.76	3.28	4.9	4.9	5.24
CAF079	02/06/2013	0.237	0.347	0.366	0.433	0.448	2.81	3.4	4.92	4.9	5.17
CAF079	02/07/2013	0.236	0.347	0.366	0.433	0.456	2.72	3.47	5	4.9	5.23
CAF079	02/08/2013	0.236	0.347	0.366	0.433	0.452	2.71	3.5	5	4.98	5.19
CAF079	02/09/2013	0.237	0.345	0.366	0.433	0.455	2.51	3.48	5	5	5.27
CAF079	02/10/2013	0.237	0.344	0.366	0.433	0.46	2.29	3.4	5	5	5.28
CAF079	02/11/2013	0.237	0.344	0.365	0.433	0.451	2.06	3.31	5	5	5.26
CAF079	02/12/2013	0.237	0.344	0.364	0.433	0.451	2.05	3.2	5	5	5.31
CAF079	02/13/2013	0.237	0.345	0.364	0.434	0.451	2.54	3.21	4.92	4.99	5.28
CAF079	02/14/2013	0.236	0.344	0.363	0.434	0.447	2.7	3.36	4.9	4.9	5.28
CAF079	02/15/2013	0.236	0.343	0.363	0.434	0.454	2.61	3.4	5	4.9	5.27
CAF079	02/16/2013	0.235	0.343	0.362	0.434	0.461	2.8	3.4	5	4.9	5.28
CAF079	02/17/2013	0.235	0.343	0.362	0.434	0.469	3	3.5	5	4.93	5.31
CAF079	02/18/2013	0.235	0.341	0.361	0.434	0.464	2.76	3.57	5.06	5	5.3
CAF079	02/19/2013	0.234	0.343	0.361	0.434	0.452	2.51	3.5	5.1	5	5.35
CAF079	02/20/2013	0.234	0.342	0.361	0.434	0.458	2.59	3.47	5.1	5	5.34
CAF079	02/21/2013	0.234	0.342	0.361	0.434	0.466	2.49	3.45	5.03	5	5.36
CAF079	02/22/2013	0.241	0.344	0.361	0.435	0.466	2.2	3.37	5	5	5.32
CAF079	02/23/2013	0.251	0.347	0.368	0.435	0.461	2.1	3.24	5	4.97	5.32
CAF079	02/24/2013	0.243	0.347	0.371	0.435	0.458	2.04	3.16	4.9	4.9	5.33
CAF079	02/25/2013	0.241	0.348	0.37	0.435	0.471	1.93	3.1	4.88	4.9	5.34
CAF079	02/26/2013	0.241	0.348	0.371	0.435	0.467	1.95	3	4.8	4.85	5.29
CAF079	02/27/2013	0.239	0.347	0.37	0.435	0.468	1.96	3	4.8	4.8	5.28
CAF079	02/28/2013	0.24	0.35	0.369	0.436	0.471	2.24	3	4.72	4.8	5.26
CAF079	03/01/2013	0.245	0.35	0.372	0.435	0.463	2.72	3.08	4.7	4.75	5.28
CAF079	03/02/2013	0.242	0.349	0.373	0.435	0.461	3.48	3.33	4.79	4.7	5.2
CAF079	03/03/2013	0.241	0.35	0.373	0.435	0.476	3.82	3.62	4.87	4.75	5.23
CAF079	03/04/2013	0.239	0.348	0.373	0.435	0.476	3.14	3.76	5	4.8	5.2
CAF079	03/05/2013	0.238	0.348	0.371	0.435	0.481	2.66	3.64	5.08	4.84	5.2
CAF079	03/06/2013	0.237	0.349	0.371	0.435	0.476	2.75	3.5	5.02	4.9	5.19
CAF079	03/07/2013	0.237	0.348	0.371	0.435	0.478	3.16	3.55	5	4.9	5.2
CAF079	03/08/2013	0.238	0.346	0.371	0.435	0.474	3.22	3.68	5.06	4.9	5.24
CAF079	03/09/2013	0.237	0.346	0.371	0.435	0.466	2.97	3.68	5.1	4.9	5.25
CAF079	03/10/2013	0.236	0.346	0.369	0.435	0.475	2.94	3.6	5.1	4.9	5.27
CAF079	03/11/2013	0.236	0.346	0.368	0.435	0.474	3.18	3.6	5.1	4.9	5.27
CAF079	03/12/2013	0.235	0.346	0.368	0.435	0.473	3.65	3.75	5.1	4.9	5.26
CAF079	03/13/2013	0.236	0.345	0.367	0.435	0.468	4.48	3.95	5.17	4.9	5.29
CAF079	03/14/2013	0.236	0.344	0.367	0.435	0.467	5.35	4.3	5.27	5	5.3
CAF079	03/15/2013	0.235	0.344	0.368	0.435	0.468	5.81	4.67	5.45	5.02	5.31
CAF079	03/16/2013	0.235	0.345	0.368	0.435	0.471	5.85	4.94	5.62	5.12	5.35
CAF079	03/17/2013	0.234	0.346	0.368	0.436	0.463	5.24	5.05	5.77	5.22	5.38
CAF079	03/18/2013	0.234	0.344	0.368	0.436	0.463	4.32	4.91	5.88	5.3	5.42
CAF079	03/19/2013	0.234	0.343	0.367	0.436	0.46	3.77	4.69	5.87	5.4	5.54
CAF079	03/20/2013	0.234	0.345	0.367	0.436	0.457	4.08	4.5	5.8	5.4	5.56
CAF079	03/21/2013	0.236	0.344	0.368	0.436	0.458	4.2	4.57	5.8	5.4	5.58
CAF079	03/22/2013	0.235	0.345	0.368	0.436	0.462	3.69	4.48	5.8	5.4	5.63
CAF079	03/23/2013	0.235	0.344	0.368	0.436	0.459	3.39	4.35	5.71	5.4	5.63
CAF079	03/24/2013	0.234	0.343	0.368	0.436	0.456	3.3	4.2	5.69	5.4	5.67
CAF079	03/25/2013	0.234	0.342	0.367	0.435	0.458	3.21	4.1	5.6	5.39	5.65
CAF079	03/26/2013	0.234	0.343	0.367	0.436	0.455	3.71	4.1	5.57	5.3	5.67
CAF079	03/27/2013	0.235	0.347	0.366	0.438	0.434	4.67	4.28	5.55	5.3	5.69
CAF079	03/28/2013	0.235	0.347	0.366	0.437	0.438	5.72	4.64	5.61	5.3	5.7
CAF079	03/29/2013	0.235	0.348	0.366	0.438	0.437	6.51	5.05	5.76	5.38	5.71
CAF079	03/30/2013	0.235	0.348	0.366	0.438	0.434	6.88	5.4	5.98	5.45	5.72
CAF079	03/31/2013	0.234	0.348	0.367	0.438	0.432	7.19	5.7	6.17	5.54	5.75
CAF079	04/01/2013	0.234	0.347	0.366	0.438	0.435	7.57	5.93	6.31	5.65	5.73
CAF079	04/02/2013	0.234	0.347	0.366	0.438	0.434	7.84	6.17	6.53	5.75	5.83
CAF079	04/03/2013	0.233	0.347	0.366	0.438	0.434	7.96	6.38	6.7	5.85	6.19
CAF079	04/04/2013	0.233	0.347	0.366	0.438	0.434	8.2	6.58	6.85	5.96	5.83
CAF079	04/05/2013	0.242	0.349	0.368	0.438	0.43	8.1	6.75	6.97	6.07	6.16
CAF079	04/06/2013	0.24	0.351	0.37	0.439	0.434	8.18	6.86	7.14	6.17	5.2
CAF079	04/07/2013	0.249	0.353	0.372	0.439	0.432	7.89	6.94	7.19	6.26	5.55
CAF079	04/08/2013	0.245	0.356	0.378	0.439	0.432	7.33	6.88	7.36	6.36	5.6
CAF079	04/09/2013	0.241	0.356	0.377	0.439	0.428	6.9	6.77	7.4	6.4	5.98
CAF079	04/10/2013	0.24	0.355	0.376	0.439	0.426	7.19	6.67	7.4	6.5	5.79
CAF079	04/11/2013	0.239	0.355	0.374	0.439	0.428	6.9	6.66	7.4	6.5	NA
CAF079	04/12/2013	0.238	0.354	0.373	0.439	0.432	6.61	6.57	7.37	6.5	NA
CAF079	04/13/2013	0.245	0.356	0.377	0.439	0.435	6.82	6.5	7.3	6.5	5.6
CAF079	04/14/2013	0.242	0.357	0.379	0.439	0.429	6.28	6.46	7.3	6.5	5.81
CAF079	04/15/2013	0.24	0.357	0.379	0.439	0.426	6.08	6.3	7.27	6.5	5.49
CAF079	04/16/2013	0.239	0.356	0.378	0.439	0.425	5.75	6.17	7.21	6.5	5.19
CAF079	04/17/2013	0.238	0.355	0.377	0.439	0.429	5.62	6.05	7.16	6.5	5.09
CAF079	04/18/2013	0.237	0.355	0.375	0.439	0.434	5.92	5.96	7.07	6.5	5.05
CAF079	04/19/2013	0.239	0.354	0.375	0.439	0.425	6.22	5.98	7.01	6.41	5.09
CAF079	04/20/2013	0.242	0.357	0.38	0.439	0.425	6.58	6.07	6.97	6.4	NA
CAF079	04/21/2013	0.241	0.357	0.38	0.439	0.427	6.8	6.2	7.07	6.4	NA
CAF079	04/22/2013	0.24	0.357	0.379	0.439	0.43	6.73	6.3	7.07	6.4	NA
CAF079	04/23/2013	0.239	0.357	0.379	0.439	0.426	6.83	6.37	7.2	6.46	NA
CAF079	04/24/2013	0.239	0.357	0.379	0.439	0.428	7.11	6.4	7.2	6.5	NA
CAF079	04/25/2013	0.238	0.357	0.379	0.439	0.425	7.87	6.55	7.21	6.5	NA
CAF079	04/26/2013	0.238	0.356	0.377	0.439	0.426	8.75	6.85	7.35	6.53	NA
CAF079	04/27/2013	0.237	0.356	0.376	0.439	0.428	9.4	7.24	7.51	6.6	NA
CAF079	04/28/2013	0.237	0.356	0.376	0.439	0.422	9.22	7.52	7.71	6.7	NA
CAF079	04/29/2013	0.236	0.355	0.376	0.439	0.425	9.24	7.67	7.88	6.81	NA
CAF079	04/30/2013	0.235	0.355	0.376	0.44	0.427	8.03	7.66	8	6.92	NA
CAF079	05/01/2013	0.237	0.354	0.376	0.44	0.422	7.52	7.4	8.03	7	NA
CAF079	05/02/2013	0.245	0.353	0.376	0.439	0.431	8.27	7.3	8	7.05	NA
CAF079	05/03/2013	0.246	0.352	0.376	0.438	0.432	9.33	7.52	8	7.1	NA
CAF079	05/04/2013	0.246	0.352	0.376	0.439	0.433	9.84	7.87	8.13	7.1	NA
CAF079	05/05/2013	0.246	0.352	0.376	0.439	0.427	10.21	8.15	8.28	7.19	NA
CAF079	05/06/2013	0.246	0.352	0.376	0.439	0.436	10.95	8.48	8.46	7.28	NA
CAF079	05/07/2013	0.246	0.352	0.376	0.439	0.439	11.75	8.87	8.63	7.42	NA
CAF079	05/08/2013	0.247	0.352	0.376	0.438	0.43	12.47	9.3	8.9	7.55	NA
CAF079	05/09/2013	0.247	0.352	0.376	0.438	0.44	13.17	9.76	9.15	7.74	NA
CAF079	05/10/2013	0.247	0.353	0.377	0.438	0.452	13.6	10.18	9.47	7.93	NA
CAF079	05/11/2013	0.247	0.353	0.377	0.438	0.454	14.25	10.58	9.72	8.15	NA
CAF079	05/12/2013	0.247	0.353	0.377	0.438	0.451	14.74	11.01	10.04	8.37	NA
CAF079	05/13/2013	0.247	0.353	0.377	0.438	0.452	14.9	11.4	10.33	8.6	NA
CAF079	05/14/2013	0.246	0.353	0.372	0.438	0.455	13.86	11.57	10.56	8.84	NA
CAF079	05/15/2013	0.246	0.352	0.369	0.437	0.449	13.19	11.45	10.75	9.05	NA
CAF079	05/16/2013	0.246	0.352	0.368	0.436	0.438	13.2	11.3	10.8	9.22	NA
CAF079	05/17/2013	0.245	0.352	0.368	0.435	0.434	13.04	11.31	10.85	9.33	NA
CAF079	05/18/2013	0.245	0.353	0.367	0.432	0.439	12.86	11.4	10.9	9.42	NA
CAF079	05/19/2013	0.245	0.353	0.367	0.43	0.429	12.29	11.31	10.9	9.5	NA
CAF079	05/20/2013	0.245	0.352	0.366	0.428	0.431	12.71	11.2	10.87	9.58	NA
CAF079	05/21/2013	0.245	0.352	0.365	0.428	0.438	13.48	11.32	10.87	9.6	NA
CAF079	05/22/2013	0.245	0.352	0.365	0.425	0.437	12.19	11.45	11	9.68	NA
CAF079	05/23/2013	0.244	0.351	0.365	0.424	0.435	10.98	11.09	11	9.73	NA
CAF079	05/24/2013	0.244	0.351	0.365	0.422	0.439	10.9	10.77	10.89	9.8	6.86
CAF079	05/25/2013	0.244	0.35	0.364	0.42	0.439	10.65	10.54	10.74	9.73	7.38
CAF079	05/26/2013	0.244	0.35	0.364	0.419	0.439	11.13	10.48	10.7	9.7	7.01
CAF079	05/27/2013	0.244	0.35	0.363	0.419	0.434	11.67	10.54	10.57	9.7	6.87
CAF079	05/28/2013	0.244	0.35	0.363	0.418	0.431	11.99	10.71	10.67	9.7	6.9
CAF079	05/29/2013	0.244	0.35	0.363	0.418	0.429	11.88	10.83	10.68	9.7	7.36
CAF079	05/30/2013	0.243	0.35	0.363	0.417	0.436	11.71	10.8	10.8	9.7	8.76
CAF079	05/31/2013	0.243	0.349	0.362	0.415	0.432	11.9	10.84	10.8	9.76	9.24
CAF079	06/01/2013	0.243	0.349	0.362	0.414	0.436	12.56	10.93	10.81	9.8	9.23
CAF079	06/02/2013	0.243	0.349	0.362	0.413	0.434	13.06	11.21	10.91	9.8	9.29
CAF079	06/03/2013	0.243	0.349	0.362	0.412	0.428	12.93	11.38	11.01	9.9	9.35
CAF079	06/04/2013	0.243	0.349	0.362	0.41	0.439	13.65	11.53	11.11	9.95	9.42
CAF079	06/05/2013	0.243	0.349	0.362	0.407	0.442	14.83	11.87	11.24	10.03	9.37
CAF079	06/06/2013	0.243	0.349	0.362	0.406	0.456	15.92	12.36	11.43	10.13	9.32
CAF079	06/07/2013	0.242	0.349	0.362	0.403	0.469	16.56	12.91	11.67	10.27	9.39
CAF079	06/08/2013	0.242	0.349	0.362	0.401	0.478	16.24	13.25	12	10.45	9.45
CAF079	06/09/2013	0.241	0.349	0.362	0.401	0.467	16.38	13.46	12.24	10.65	9.55
CAF079	06/10/2013	0.24	0.348	0.361	0.401	0.453	16.2	13.59	12.44	10.81	9.66
CAF079	06/11/2013	0.239	0.348	0.36	0.4	0.455	16.22	13.68	12.59	10.96	9.74
CAF079	06/12/2013	0.237	0.347	0.359	0.399	0.45	15.87	13.7	12.71	11.1	9.88
CAF079	06/13/2013	0.237	0.346	0.358	0.398	0.443	15.95	13.74	12.76	11.22	9.99
CAF079	06/14/2013	0.235	0.345	0.358	0.397	0.444	15.74	13.76	12.87	11.31	10.16
CAF079	06/15/2013	0.234	0.344	0.357	0.397	0.443	15.85	13.78	12.87	11.4	10.24
CAF079	06/16/2013	0.232	0.343	0.356	0.397	0.441	16.26	13.87	13	11.49	10.28
CAF079	06/17/2013	0.229	0.342	0.356	0.396	0.445	16.91	14.06	13.04	11.56	10.37
CAF079	06/18/2013	0.227	0.342	0.355	0.396	0.447	17.25	14.35	13.24	11.66	10.46
CAF079	06/19/2013	0.226	0.341	0.355	0.396	0.453	16.33	14.49	13.39	11.77	10.55
CAF079	06/20/2013	0.226	0.339	0.354	0.395	0.451	14.51	14.2	13.5	11.89	10.63
CAF079	06/21/2013	0.227	0.338	0.353	0.395	0.457	13.74	13.68	13.37	11.97	10.7
CAF079	06/22/2013	0.227	0.337	0.352	0.394	0.452	14.46	13.44	13.24	11.92	10.7
CAF079	06/23/2013	0.227	0.336	0.352	0.394	NA	14.88	13.49	13.2	11.9	NA
CAF079	06/24/2013	0.228	0.335	0.351	0.393	NA	15.25	13.62	13.2	11.9	NA
CAF079	06/25/2013	0.229	0.335	0.351	0.393	NA	15.05	13.7	13.2	11.9	NA
CAF079	06/26/2013	0.23	0.334	0.35	0.392	NA	15.41	13.75	13.24	12	NA
CAF079	06/27/2013	0.231	0.334	0.35	0.391	NA	15.79	13.87	13.3	12	NA
CAF079	06/28/2013	0.23	0.334	0.35	0.391	NA	16.8	14.14	13.37	12.05	NA
CAF079	06/29/2013	0.229	0.334	0.35	0.391	NA	17.73	14.56	13.54	12.13	NA
CAF079	06/30/2013	0.226	0.334	0.351	0.391	NA	17.98	14.95	13.77	12.24	NA
CAF079	07/01/2013	0.223	0.333	0.351	0.391	NA	18.43	15.25	13.99	12.37	NA
CAF079	07/02/2013	0.22	0.333	0.351	0.391	NA	19.17	15.58	14.18	12.54	NA
CAF079	07/03/2013	0.219	0.332	0.35	0.391	NA	19.73	15.98	14.46	12.71	NA
CAF079	07/04/2013	0.218	0.331	0.35	0.392	NA	19.34	16.27	14.71	12.89	NA
CAF079	07/05/2013	0.217	0.33	0.35	0.392	NA	18.79	16.29	14.9	13.06	NA
CAF079	07/06/2013	0.215	0.329	0.349	0.392	0.417	18.39	16.2	15.01	13.23	11.69
CAF079	07/07/2013	0.213	0.327	0.349	0.391	0.421	18.48	16.19	15.1	13.35	11.88
CAF079	07/08/2013	0.21	0.326	0.348	0.391	0.422	18.68	16.23	15.13	13.44	12
CAF079	07/09/2013	0.207	0.324	0.347	0.391	0.431	18.63	16.29	15.16	13.52	12.21
CAF079	07/10/2013	0.204	0.322	0.347	0.391	0.43	19.02	16.37	15.3	13.6	12.33
CAF079	07/11/2013	0.2	0.32	0.346	0.391	0.426	19.25	16.53	15.37	13.7	12.35
CAF079	07/12/2013	0.197	0.317	0.345	0.391	0.422	18.68	16.58	15.47	13.79	12.45
CAF079	07/13/2013	0.194	0.315	0.345	0.39	0.427	18.37	16.48	15.52	13.89	12.63
CAF079	07/14/2013	0.191	0.312	0.344	0.39	0.425	18.36	16.43	15.6	13.96	12.82
CAF079	07/15/2013	0.188	0.309	0.343	0.39	0.427	18.6	16.45	15.6	14	12.72
CAF079	07/16/2013	0.184	0.305	0.342	0.389	0.419	18.72	16.49	15.6	14.06	12.47
CAF079	07/17/2013	0.182	0.302	0.341	0.39	0.424	19.16	16.58	15.66	14.1	12.64
CAF079	07/18/2013	0.178	0.298	0.34	0.39	0.43	19.19	16.75	15.7	14.17	12.95
CAF079	07/19/2013	0.175	0.293	0.339	0.389	0.429	19.45	16.87	15.82	14.23	12.97
CAF079	07/20/2013	0.171	0.287	0.338	0.389	0.435	19.75	16.97	15.91	14.3	12.98
CAF079	07/21/2013	0.168	0.28	0.336	0.389	0.441	19.77	17.09	16.01	14.4	13.02
CAF079	07/22/2013	0.166	0.273	0.335	0.389	0.444	19.87	17.18	16.1	14.47	13.02
CAF079	07/23/2013	0.165	0.268	0.334	0.389	0.442	20.07	17.28	16.18	14.54	13.12
CAF079	07/24/2013	0.164	0.264	0.333	0.388	0.448	20.52	17.45	16.23	14.61	13.24
CAF079	07/25/2013	0.163	0.262	0.332	0.388	0.447	20.77	17.65	16.38	14.7	13.31
CAF079	07/26/2013	0.163	0.26	0.331	0.388	0.451	20.72	17.78	16.52	14.8	13.38
CAF079	07/27/2013	0.162	0.259	0.331	0.387	0.457	20.72	17.87	16.62	14.9	13.39
CAF079	07/28/2013	0.162	0.258	0.331	0.387	0.451	20.4	17.89	16.7	14.99	13.19
CAF079	07/29/2013	0.161	0.258	0.331	0.386	0.453	20.15	17.86	16.8	15.08	13.43
CAF079	07/30/2013	0.161	0.258	0.331	0.385	0.442	20.29	17.84	16.8	15.13	13.55
CAF079	07/31/2013	0.161	0.259	0.33	0.385	0.44	20.35	17.89	16.83	15.2	13.65
CAF079	08/01/2013	0.16	0.26	0.33	0.384	0.434	19.89	17.94	16.9	15.24	13.72
CAF079	08/02/2013	0.16	0.26	0.33	0.384	0.428	18.66	17.72	16.9	15.3	13.6
CAF079	08/03/2013	0.16	0.26	0.33	0.384	0.445	17.83	17.34	16.79	15.3	13.74
CAF079	08/04/2013	0.16	0.259	0.33	0.383	0.427	18.16	17.07	16.65	15.3	13.72
CAF079	08/05/2013	0.16	0.26	0.329	0.383	0.419	18.97	17.12	16.6	15.25	13.72
CAF079	08/06/2013	0.16	0.26	0.329	0.382	0.41	19.56	17.27	16.6	15.2	13.91
CAF079	08/07/2013	0.16	0.261	0.329	0.382	0.409	20.1	17.53	16.64	15.2	12.84
CAF079	08/08/2013	0.159	0.261	0.329	0.382	NA	20.3	17.73	16.7	15.28	NA
CAF079	08/09/2013	0.159	0.262	0.329	0.381	0.401	20.57	17.87	16.84	15.3	12.95
CAF079	08/10/2013	0.159	0.262	0.33	0.381	0.401	21.14	18.07	16.95	15.4	13.67
CAF079	08/11/2013	0.159	0.263	0.33	0.381	0.399	21.42	18.34	17.07	15.47	13.88
CAF079	08/12/2013	0.159	0.263	0.33	0.381	0.399	21.3	18.48	17.18	15.53	13.99
CAF079	08/13/2013	0.159	0.263	0.33	0.381	0.393	21.37	18.58	17.33	15.66	13.32
CAF079	08/14/2013	0.159	0.263	0.33	0.381	0.396	21.47	18.68	17.43	15.75	13.82
CAF079	08/15/2013	0.159	0.263	0.33	0.381	0.396	21.6	18.78	17.53	15.83	13.64
CAF079	08/16/2013	0.159	0.263	0.331	0.38	0.398	21.65	18.88	17.62	15.91	14.33
CAF079	08/17/2013	0.159	0.263	0.331	0.38	0.399	21.74	18.97	17.7	16	14.51
CAF079	08/18/2013	0.159	0.263	0.331	0.38	0.399	21.36	19	17.79	16.09	14.55
CAF079	08/19/2013	0.159	0.263	0.331	0.38	0.399	21.04	18.96	17.8	16.17	14.63
CAF079	08/20/2013	0.159	0.263	0.331	0.38	0.399	20.75	18.87	17.84	16.2	14.7
CAF079	08/21/2013	0.159	0.263	0.331	0.38	0.399	20.35	18.74	17.82	16.27	14.8
CAF079	08/22/2013	0.159	0.262	0.331	0.379	0.399	20.22	18.61	17.8	16.3	14.88
CAF079	08/23/2013	0.159	0.262	0.33	0.379	0.4	20.12	18.5	17.8	16.3	14.93
CAF079	08/24/2013	0.159	0.262	0.33	0.379	0.399	19.77	18.45	17.74	16.3	14.97
CAF079	08/25/2013	0.159	0.262	0.33	0.378	0.399	19.91	18.34	17.7	16.26	14.99
CAF079	08/26/2013	0.159	0.262	0.33	0.378	0.398	19.86	18.34	17.7	16.3	14.97
CAF079	08/27/2013	0.159	0.262	0.329	0.378	0.398	19.3	18.22	17.66	16.3	15
CAF079	08/28/2013	0.159	0.262	0.329	0.378	0.398	19.55	18.1	17.52	16.3	14.96
CAF079	08/29/2013	0.159	0.262	0.329	0.377	0.399	19.66	18.12	17.55	16.24	14.92
CAF079	08/30/2013	0.159	0.262	0.329	0.377	0.398	19.52	18.1	17.51	16.2	15.03
CAF079	08/31/2013	0.159	0.262	0.329	0.377	NA	19.41	18.08	17.5	16.2	NA
CAF079	09/01/2013	0.16	0.262	0.329	0.377	NA	19.66	18.06	17.5	16.2	NA
CAF079	09/02/2013	0.16	0.262	0.329	0.376	NA	19.7	18.1	17.5	16.2	NA
CAF079	09/03/2013	0.159	0.262	0.329	0.376	NA	19.1	18.05	17.5	16.2	NA
CAF079	09/04/2013	0.16	0.262	0.329	0.376	NA	19.1	17.95	17.5	16.2	NA
CAF079	09/05/2013	0.16	0.262	0.329	0.376	NA	19.34	17.93	17.5	16.2	NA
CAF079	09/06/2013	0.16	0.261	0.329	0.375	NA	18.62	17.87	17.46	16.2	NA
CAF079	09/07/2013	0.159	0.261	0.328	0.375	0.396	17.77	17.6	17.4	16.2	14.94
CAF079	09/08/2013	0.159	0.26	0.328	0.375	0.393	17.63	17.34	17.27	16.18	14.89
CAF079	09/09/2013	0.16	0.26	0.327	0.374	0.394	17.51	17.16	17.16	16.1	15.1
CAF079	09/10/2013	0.16	0.26	0.327	0.374	0.394	17.95	17.1	17.05	16.03	15.08
CAF079	09/11/2013	0.16	0.26	0.327	0.374	0.393	18.41	17.18	17	16	15.05
CAF079	09/12/2013	0.161	0.261	0.327	0.373	0.392	18.74	17.28	17	15.95	15.02
CAF079	09/13/2013	0.161	0.261	0.327	0.373	0.391	18.84	17.39	16.99	15.9	15.01
CAF079	09/14/2013	0.161	0.261	0.327	0.373	0.391	18.95	17.48	17.1	15.9	15
CAF079	09/15/2013	0.161	0.261	0.327	0.373	0.39	19.35	17.57	17.1	15.97	15.1
CAF079	09/16/2013	0.161	0.26	0.326	0.372	0.391	19.37	17.75	17.28	15.96	15
CAF079	09/17/2013	0.158	0.266	0.339	0.38	NA	17.72	17.67	17.45	16	NA
CAF079	09/18/2013	0.154	0.281	0.357	0.4	NA	16.37	17.19	17.4	16	NA
CAF079	09/19/2013	0.153	0.288	0.361	0.406	0.463	15.21	16.64	17.18	15.99	13.3
CAF079	09/20/2013	0.154	0.288	0.363	0.408	0.464	15.05	16.16	16.93	15.87	13.97
CAF079	09/21/2013	0.154	0.284	0.36	0.405	0.462	15.43	15.95	16.72	15.75	14.73
CAF079	09/22/2013	0.155	0.284	0.36	0.405	0.46	14.99	15.82	16.55	15.61	14.4
CAF079	09/23/2013	0.156	0.286	0.362	0.408	0.46	14.53	15.54	16.38	15.48	14.26
CAF079	09/24/2013	0.154	0.286	0.361	0.408	0.461	14.11	15.28	16.21	15.35	14.16
CAF079	09/25/2013	0.162	0.275	0.346	0.392	NA	13.53	14.96	15.99	15.23	NA
CAF079	09/26/2013	0.165	0.257	0.323	0.369	NA	12.9	14.57	15.76	15.08	NA
CAF079	09/27/2013	0.166	0.256	0.323	0.369	NA	12.32	14.22	15.46	14.94	NA
CAF079	09/28/2013	0.167	0.256	0.322	0.368	NA	12.1	13.87	15.3	14.73	NA
CAF079	09/29/2013	0.168	0.255	0.321	0.367	NA	12.12	13.67	15.08	14.6	NA
CAF079	09/30/2013	0.171	0.255	0.32	0.367	NA	11.47	13.43	14.85	14.44	NA
CAF079	10/01/2013	0.175	0.254	0.319	0.366	NA	10.9	13.11	14.68	14.27	NA
CAF079	10/02/2013	0.176	0.254	0.319	0.366	NA	10.21	12.76	14.07	14.11	NA
CAF079	10/03/2013	0.177	0.253	0.319	0.365	NA	9.83	12.39	13.7	13.94	NA
CAF079	10/04/2013	0.178	0.253	0.319	0.364	NA	9.44	12.08	13.7	13.67	NA
CAF079	10/05/2013	0.178	0.253	0.319	0.364	NA	9.3	11.76	13.7	13.52	NA
CAF079	10/06/2013	0.179	0.252	0.319	0.363	NA	9.8	11.6	13.7	13.36	NA
CAF079	10/07/2013	0.179	0.252	0.319	0.363	NA	10.13	11.6	13.7	13.19	NA
CAF079	10/08/2013	0.18	0.253	0.319	0.362	NA	9.99	11.6	13.7	13.01	NA
CAF079	10/09/2013	0.179	0.252	0.319	0.362	NA	9.1	11.42	13.7	12.93	NA
CAF079	10/10/2013	0.18	0.252	0.319	0.361	NA	8.85	11.12	13.7	12.8	NA
CAF079	10/11/2013	0.18	0.252	0.319	0.36	NA	9.28	10.98	13.7	12.62	NA
CAF079	10/12/2013	0.181	0.252	0.319	0.36	NA	9.73	10.98	13.7	12.49	NA
CAF079	10/13/2013	0.181	0.252	0.319	0.359	NA	9.62	11	13.7	12.41	NA
CAF079	10/14/2013	0.181	0.252	0.319	0.359	NA	9	10.94	13.7	12.28	NA
CAF079	10/15/2013	0.181	0.252	0.319	0.359	NA	8.34	10.65	13.7	12.22	NA
CAF079	10/16/2013	0.181	0.251	0.319	0.358	NA	8.47	10.38	13.7	12.12	NA
CAF079	10/17/2013	0.181	0.251	0.319	0.358	NA	8.55	10.29	13.7	11.98	NA
CAF079	10/18/2013	0.182	0.251	0.319	0.357	NA	8.28	10.17	13.7	11.87	NA
CAF079	10/19/2013	0.182	0.251	0.319	0.357	NA	8.25	10.02	13.7	11.69	NA
CAF079	10/20/2013	0.182	0.251	0.319	0.357	NA	8.28	9.92	13.7	11.66	NA
CAF079	10/21/2013	0.183	0.251	0.319	0.356	NA	8.53	9.89	13.7	11.56	NA
CAF079	10/22/2013	0.183	0.251	0.319	0.356	NA	8.99	9.9	13.7	11.47	NA
CAF079	10/23/2013	0.183	0.251	0.319	0.356	NA	9.31	10.05	13.7	11.4	NA
CAF079	10/24/2013	0.183	0.251	0.319	0.355	NA	9.44	10.13	13.7	11.28	NA
CAF079	10/25/2013	0.183	0.252	0.319	0.355	NA	9.24	10.17	13.7	11.3	NA
CAF079	10/26/2013	0.183	0.252	0.319	0.355	NA	9.02	10.1	13.7	11.29	NA
CAF079	10/27/2013	0.183	0.251	0.319	0.355	NA	8.67	9.98	13.7	11.13	NA
CAF079	10/28/2013	0.183	0.251	0.319	0.355	NA	8.41	9.86	13.7	11.15	NA
CAF079	10/29/2013	0.183	0.251	0.319	0.354	NA	7.33	9.62	13.7	11.06	NA
CAF079	10/30/2013	0.182	0.251	0.319	0.354	NA	6.25	9.18	13.7	11.04	NA
CAF079	10/31/2013	0.182	0.25	0.319	0.354	NA	6.29	8.77	13.7	10.93	NA
CAF079	11/01/2013	0.182	0.25	0.319	0.353	NA	6.6	8.6	13.7	10.78	NA
CAF079	11/02/2013	0.183	0.25	0.319	0.353	NA	7.12	8.6	13.7	10.65	NA
CAF079	11/03/2013	0.182	0.25	0.319	0.353	NA	6.76	8.59	13.7	10.5	NA
CAF079	11/04/2013	0.182	0.25	0.319	0.352	NA	6.04	8.41	13.7	10.44	NA
CAF079	11/05/2013	0.182	0.25	0.319	0.352	NA	5.28	8.12	13.7	10.34	NA
CAF079	11/06/2013	0.182	0.25	0.319	0.351	NA	4.88	7.77	13.7	10.23	NA
CAF079	11/07/2013	0.182	0.249	0.319	0.351	NA	5.58	7.6	13.7	10.08	NA
CAF079	11/08/2013	0.184	0.249	0.319	0.351	NA	6.13	7.67	13.7	9.95	NA
CAF079	11/09/2013	0.185	0.249	0.319	0.35	NA	5.77	7.69	13.7	9.85	NA
CAF079	11/10/2013	0.186	0.249	0.319	0.35	NA	6.15	7.6	13.7	9.76	NA
CAF079	11/11/2013	0.188	0.249	0.319	0.349	NA	6.61	7.75	13.7	9.68	NA
CAF079	11/12/2013	0.189	0.25	0.319	0.349	NA	6.87	7.84	13.7	9.57	NA
CAF079	11/13/2013	0.19	0.25	0.312	0.349	0.381	6.91	7.9	11.74	9.58	10.03
CAF079	11/14/2013	0.19	0.25	NA	0.349	0.377	6.46	7.88	NA	9.5	10.01
