CAF095	11/15/2010	NA	NA	NA	NA	NA	NA	NA	NA	NA	NA
CAF095	11/16/2010	0.224	0.202	0.24	NA	NA	6.95	8.03	9.3	NA	NA
CAF095	11/17/2010	0.225	0.202	0.24	NA	NA	6.712	8.1	9.35	NA	NA
CAF095	11/18/2010	0.228	0.203	0.24	NA	NA	6.471	8.067	9.3	NA	NA
CAF095	11/19/2010	0.233	0.203	0.24	NA	NA	5.508	7.879	9.263	NA	NA
CAF095	11/20/2010	0.234	0.202	0.24	NA	NA	4.75	7.533	9.142	NA	NA
CAF095	11/21/2010	0.235	0.201	0.24	NA	NA	4.054	7.112	8.954	NA	NA
CAF095	11/22/2010	0.235	0.201	0.24	NA	NA	3.629	6.704	8.729	NA	NA
CAF095	11/23/2010	0.236	0.2	0.24	NA	NA	3.438	6.388	8.504	NA	NA
CAF095	11/24/2010	0.236	0.2	0.24	NA	NA	3.4	6.158	8.3	NA	NA
CAF095	11/25/2010	0.237	0.199	0.24	NA	NA	3.4	6.021	8.138	NA	NA
CAF095	11/26/2010	0.238	0.199	0.24	NA	NA	3.4	5.875	7.971	NA	NA
CAF095	11/27/2010	0.239	0.199	0.24	NA	NA	3.4	5.763	7.842	NA	NA
CAF095	11/28/2010	0.24	0.199	0.24	NA	NA	3.346	5.667	7.721	NA	NA
CAF095	11/29/2010	0.241	0.199	0.24	NA	NA	3.3	5.592	7.608	NA	NA
CAF095	11/30/2010	0.242	0.199	0.24	NA	NA	3.3	5.5	7.504	NA	NA
CAF095	12/01/2010	0.243	0.199	0.24	NA	NA	3.3	5.429	7.408	NA	NA
CAF095	12/02/2010	0.245	0.233	0.24	NA	NA	3.242	5.275	7.283	NA	NA
CAF095	12/03/2010	0.249	0.285	0.24	NA	NA	3.146	5.196	7.192	NA	NA
CAF095	12/04/2010	0.258	0.273	0.24	NA	NA	3.058	5.1	7.104	NA	NA
CAF095	12/05/2010	0.266	0.265	0.24	NA	NA	2.933	5.025	7.05	NA	NA
CAF095	12/06/2010	0.269	0.259	0.24	NA	NA	2.854	4.921	6.925	NA	NA
CAF095	12/07/2010	0.27	0.254	0.24	NA	NA	2.817	4.829	6.871	NA	NA
CAF095	12/08/2010	0.273	0.295	0.24	NA	NA	2.846	4.721	6.792	NA	NA
CAF095	12/09/2010	0.302	0.339	0.24	NA	NA	2.829	4.604	6.696	NA	NA
CAF095	12/10/2010	0.329	0.352	0.24	NA	NA	2.838	4.433	6.567	NA	NA
CAF095	12/11/2010	0.323	0.318	0.24	NA	NA	2.783	4.5	6.421	NA	NA
CAF095	12/12/2010	0.337	0.359	0.24	NA	NA	2.646	4.392	6.367	NA	NA
CAF095	12/13/2010	0.338	0.347	0.241	NA	NA	3.425	4.358	6.246	NA	NA
CAF095	12/14/2010	0.339	0.358	0.241	NA	NA	4.204	4.6	6.2	NA	NA
CAF095	12/15/2010	0.332	0.326	0.242	NA	NA	3.825	4.883	6.2	NA	NA
CAF095	12/16/2010	0.327	0.315	0.242	NA	NA	3.3	4.888	6.2	NA	NA
CAF095	12/17/2010	0.323	0.308	0.243	NA	NA	2.921	4.746	6.162	NA	NA
CAF095	12/18/2010	0.32	0.303	0.245	NA	NA	2.625	4.55	6.087	NA	NA
CAF095	12/19/2010	0.318	0.298	0.246	NA	NA	2.438	4.375	5.975	NA	NA
CAF095	12/20/2010	0.316	0.294	0.247	NA	NA	2.321	4.229	5.858	NA	NA
CAF095	12/21/2010	0.315	0.29	0.248	0.214	NA	2.246	4.108	5.75	6.7	NA
CAF095	12/22/2010	0.314	0.287	0.248	0.214	NA	2.2	4.004	5.65	6.637	NA
CAF095	12/23/2010	0.314	0.285	0.249	0.214	NA	2.167	3.921	5.558	6.558	NA
CAF095	12/24/2010	0.314	0.283	0.25	0.214	NA	2.1	3.858	5.454	6.479	NA
CAF095	12/25/2010	0.314	0.281	0.252	0.214	NA	2.1	3.8	5.4	6.4	NA
CAF095	12/26/2010	0.314	0.28	0.253	0.214	NA	2.1	3.762	5.325	6.313	NA
CAF095	12/27/2010	0.317	0.279	0.255	0.215	NA	2.1	3.7	5.288	6.258	NA
CAF095	12/28/2010	0.33	0.353	0.257	0.215	NA	2.008	3.538	5.2	6.2	NA
CAF095	12/29/2010	0.336	0.342	0.258	0.214	NA	1.921	3.5	5.096	6.108	NA
CAF095	12/30/2010	0.333	0.323	0.26	0.215	NA	2	3.5	4.971	6.033	NA
CAF095	12/31/2010	0.329	0.317	0.262	0.214	NA	2	3.5	4.921	5.963	NA
CAF095	01/01/2011	0.326	0.312	0.265	0.215	NA	2	3.5	4.9	5.9	NA
CAF095	01/02/2011	0.323	0.309	0.267	0.215	NA	2	3.5	4.9	5.829	NA
CAF095	01/03/2011	0.321	0.307	0.269	0.215	NA	1.937	3.492	4.821	5.8	NA
CAF095	01/04/2011	0.32	0.304	0.272	0.215	NA	1.9	3.4	4.8	5.721	NA
CAF095	01/05/2011	0.319	0.302	0.274	0.215	NA	1.9	3.371	4.771	5.7	NA
CAF095	01/06/2011	0.318	0.301	0.276	0.215	NA	1.829	3.396	4.7	5.629	NA
CAF095	01/07/2011	0.319	0.299	0.278	0.215	NA	1.8	3.304	4.7	5.6	NA
CAF095	01/08/2011	0.331	0.302	0.28	0.215	NA	1.8	3.3	4.621	5.533	NA
CAF095	01/09/2011	0.33	0.311	0.282	0.216	NA	1.8	3.292	4.6	5.5	NA
CAF095	01/10/2011	0.327	0.312	0.284	0.216	NA	1.8	3.2	4.512	5.425	NA
CAF095	01/11/2011	0.324	0.311	0.287	0.216	NA	1.704	3.2	4.471	5.4	NA
CAF095	01/12/2011	0.322	0.309	0.289	0.216	NA	1.633	3.2	4.488	5.342	NA
CAF095	01/13/2011	0.326	0.371	0.368	0.366	NA	1.588	2.996	4.358	5.212	NA
CAF095	01/14/2011	0.335	0.396	0.413	0.396	NA	1.5	2.879	4.217	5.1	NA
CAF095	01/15/2011	0.338	0.398	0.414	0.394	NA	1.621	2.863	4.083	5.008	NA
CAF095	01/16/2011	0.363	0.398	0.417	0.397	NA	3.1	3.067	4.112	4.954	NA
CAF095	01/17/2011	0.371	0.399	0.418	0.397	NA	4.779	3.5	4.233	4.9	NA
CAF095	01/18/2011	0.372	0.4	0.419	0.396	NA	4.225	3.958	4.433	4.954	NA
CAF095	01/19/2011	0.37	0.403	0.421	0.397	NA	3.521	4.1	4.646	5.058	NA
CAF095	01/20/2011	0.358	0.404	0.421	0.396	NA	2.875	3.967	4.7	5.137	NA
CAF095	01/21/2011	0.359	0.404	0.422	0.397	NA	2.462	3.792	4.7	5.2	NA
CAF095	01/22/2011	0.367	0.406	0.424	0.399	NA	2.408	3.625	4.675	5.2	NA
CAF095	01/23/2011	0.366	0.407	0.424	0.397	NA	2.612	3.55	4.6	5.196	NA
CAF095	01/24/2011	0.364	0.407	0.424	0.396	NA	2.763	3.579	4.6	5.1	NA
CAF095	01/25/2011	0.368	0.408	0.425	0.396	NA	3.05	3.6	4.508	5.1	NA
CAF095	01/26/2011	0.364	0.409	0.425	0.394	NA	3.338	3.679	4.546	5.1	NA
CAF095	01/27/2011	0.36	0.409	0.425	0.393	NA	3.417	3.787	4.6	5.075	NA
CAF095	01/28/2011	0.359	0.409	0.425	0.39	NA	3.629	3.871	4.604	5.096	NA
CAF095	01/29/2011	0.359	0.409	0.426	0.39	NA	3.875	3.975	4.7	5.1	NA
CAF095	01/30/2011	0.37	0.411	0.427	0.393	NA	3.829	4.092	4.725	5.1	NA
CAF095	01/31/2011	0.36	0.413	0.427	0.39	NA	3.262	4.087	4.771	5.1	NA
CAF095	02/01/2011	0.354	0.412	0.427	0.388	NA	2.65	3.933	4.771	5.1	NA
CAF095	02/02/2011	0.349	0.411	0.428	0.387	NA	2.242	3.725	4.725	5.1	NA
CAF095	02/03/2011	0.346	0.405	0.428	0.387	NA	1.967	3.542	4.633	5.1	NA
CAF095	02/04/2011	0.345	0.399	0.428	0.385	NA	1.808	3.379	4.5	5.067	NA
CAF095	02/05/2011	0.345	0.394	0.428	0.384	NA	1.7	3.258	4.421	5	NA
CAF095	02/06/2011	0.345	0.395	0.428	0.383	NA	1.629	3.154	4.325	4.917	NA
CAF095	02/07/2011	0.349	0.408	0.428	0.384	NA	1.6	3.083	4.229	4.858	NA
CAF095	02/08/2011	0.35	0.412	0.428	0.385	NA	1.6	3	4.125	4.796	NA
CAF095	02/09/2011	0.348	0.413	0.428	0.384	NA	1.6	2.988	4.071	4.7	NA
CAF095	02/10/2011	0.347	0.412	0.428	0.383	NA	1.6	2.9	4.021	4.662	NA
CAF095	02/11/2011	0.347	0.412	0.428	0.383	NA	1.6	2.9	3.971	4.6	NA
CAF095	02/12/2011	0.348	0.413	0.428	0.383	NA	1.783	2.9	3.942	4.55	NA
CAF095	02/13/2011	0.349	0.414	0.428	0.383	NA	2.521	2.971	3.9	4.5	NA
CAF095	02/14/2011	0.349	0.414	0.428	0.382	NA	3.137	3.167	3.988	4.5	NA
CAF095	02/15/2011	0.349	0.414	0.428	0.382	NA	3.454	3.383	4.05	4.5	NA
CAF095	02/16/2011	0.361	0.416	0.428	0.384	NA	2.975	3.5	4.154	4.5	NA
CAF095	02/17/2011	0.363	0.417	0.429	0.384	NA	2.679	3.471	4.171	4.5	NA
CAF095	02/18/2011	0.359	0.418	0.429	0.384	NA	2.525	3.4	4.2	4.571	NA
CAF095	02/19/2011	0.358	0.418	0.429	0.384	NA	2.375	3.3	4.171	4.596	NA
CAF095	02/20/2011	0.361	0.419	0.429	0.384	NA	2.192	3.242	4.154	4.517	NA
CAF095	02/21/2011	0.357	0.419	0.428	0.383	NA	2.1	3.179	4.071	4.5	NA
CAF095	02/22/2011	0.357	0.419	0.428	0.382	NA	2.004	3.1	4.042	4.5	NA
CAF095	02/23/2011	0.355	0.419	0.428	0.381	NA	2	3.087	4	4.5	NA
CAF095	02/24/2011	0.354	0.419	0.427	0.381	NA	2	3	4	4.404	NA
CAF095	02/25/2011	0.352	0.418	0.426	0.379	NA	2	3	3.917	4.4	NA
CAF095	02/26/2011	0.35	0.418	0.426	0.378	NA	1.971	3	3.9	4.4	NA
CAF095	02/27/2011	0.35	0.418	0.427	0.379	NA	1.9	2.896	3.871	4.308	NA
CAF095	02/28/2011	0.351	0.417	0.427	0.382	NA	1.9	2.9	3.838	4.3	NA
CAF095	03/01/2011	0.351	0.419	0.428	0.382	NA	1.9	2.9	3.8	4.3	NA
CAF095	03/02/2011	0.354	0.419	0.427	0.383	NA	1.9	2.867	3.8	4.258	NA
CAF095	03/03/2011	0.367	0.422	0.428	0.385	NA	1.9	2.8	3.787	4.2	NA
CAF095	03/04/2011	0.368	0.422	0.428	0.385	NA	1.9	2.8	3.7	4.2	NA
CAF095	03/05/2011	0.369	0.421	0.428	0.385	NA	1.896	2.8	3.671	4.2	NA
CAF095	03/06/2011	0.37	0.421	0.428	0.386	NA	1.8	2.796	3.7	4.121	NA
CAF095	03/07/2011	0.37	0.42	0.428	0.383	NA	1.8	2.704	3.679	4.1	NA
CAF095	03/08/2011	0.371	0.42	0.428	0.383	NA	1.8	2.7	3.6	4.1	NA
CAF095	03/09/2011	0.372	0.421	0.428	0.385	NA	1.754	2.7	3.6	4.087	NA
CAF095	03/10/2011	0.373	0.421	0.428	0.385	NA	2.108	2.7	3.6	4	NA
CAF095	03/11/2011	0.374	0.422	0.429	0.385	NA	2.737	2.771	3.6	3.971	NA
CAF095	03/12/2011	0.374	0.421	0.428	0.385	NA	3.033	2.946	3.612	4	NA
CAF095	03/13/2011	0.375	0.421	0.429	0.385	NA	3.425	3.117	3.7	4	NA
CAF095	03/14/2011	0.377	0.421	0.429	0.385	NA	4.004	3.317	3.796	4.071	NA
CAF095	03/15/2011	0.377	0.42	0.428	0.383	NA	4.283	3.562	3.929	4.1	NA
CAF095	03/16/2011	0.377	0.421	0.429	0.384	NA	4.683	3.758	4.058	4.183	NA
CAF095	03/17/2011	0.378	0.421	0.429	0.384	NA	4.429	3.892	4.179	4.258	NA
CAF095	03/18/2011	0.377	0.42	0.429	0.383	NA	4.217	3.983	4.292	4.338	NA
CAF095	03/19/2011	0.377	0.419	0.428	0.383	NA	4.567	4.046	4.363	4.4	NA
CAF095	03/20/2011	0.377	0.42	0.429	0.382	NA	4.088	4.1	4.45	4.492	NA
CAF095	03/21/2011	0.377	0.419	0.429	0.384	NA	4.267	4.1	4.471	4.529	NA
CAF095	03/22/2011	0.378	0.419	0.43	0.387	NA	4.425	4.137	4.508	4.6	NA
CAF095	03/23/2011	0.377	0.419	0.429	0.384	NA	4.679	4.25	4.6	4.6	NA
CAF095	03/24/2011	0.373	0.418	0.429	0.383	NA	5.258	4.371	4.642	4.692	NA
CAF095	03/25/2011	0.369	0.418	0.429	0.383	NA	5.871	4.654	4.717	4.7	NA
CAF095	03/26/2011	0.367	0.417	0.429	0.382	NA	5.767	4.883	4.892	4.8	NA
CAF095	03/27/2011	0.37	0.418	0.43	0.383	NA	5.992	5.054	5.033	4.883	NA
CAF095	03/28/2011	0.368	0.418	0.431	0.383	NA	6.092	5.183	5.146	4.975	NA
CAF095	03/29/2011	0.367	0.418	0.431	0.383	NA	5.738	5.3	5.258	5.062	NA
CAF095	03/30/2011	0.377	0.418	0.432	0.388	NA	6.188	5.3	5.313	5.137	NA
CAF095	03/31/2011	0.379	0.418	0.432	0.387	NA	7.054	5.442	5.4	5.2	NA
CAF095	04/01/2011	0.379	0.418	0.431	0.385	NA	7.367	5.792	5.529	5.267	NA
CAF095	04/02/2011	0.381	0.418	0.432	0.388	NA	8.104	6.129	5.667	5.375	NA
CAF095	04/03/2011	0.382	0.418	0.433	0.389	NA	6.867	6.338	5.9	5.496	NA
CAF095	04/04/2011	0.382	0.417	0.433	0.387	NA	6.279	6.158	6	5.621	NA
CAF095	04/05/2011	0.382	0.418	0.434	0.389	NA	6.262	6	6	5.7	NA
CAF095	04/06/2011	0.381	0.417	0.433	0.388	NA	5.871	5.896	6	5.771	NA
CAF095	04/07/2011	0.381	0.416	0.432	0.386	NA	5.404	5.742	5.996	5.8	NA
CAF095	04/08/2011	0.38	0.416	0.432	0.391	NA	5.5	5.575	5.9	5.8	NA
CAF095	04/09/2011	0.376	0.416	0.431	0.402	NA	6.096	5.575	5.9	5.8	NA
CAF095	04/10/2011	0.37	0.415	0.432	0.403	NA	6.425	5.729	5.9	5.8	NA
CAF095	04/11/2011	0.368	0.415	0.432	0.403	NA	6.529	5.842	5.9	5.8	NA
CAF095	04/12/2011	0.366	0.414	0.431	0.403	NA	6.421	5.9	5.996	5.8	NA
CAF095	04/13/2011	0.365	0.412	0.432	0.404	NA	6.588	5.975	6.004	5.858	NA
CAF095	04/14/2011	0.363	0.411	0.432	0.404	NA	5.938	5.971	6.1	5.9	NA
CAF095	04/15/2011	0.365	0.412	0.432	0.404	NA	6.217	5.9	6.1	5.9	NA
CAF095	04/16/2011	0.368	0.415	0.432	0.406	NA	7.021	5.958	6.1	5.9	NA
CAF095	04/17/2011	0.367	0.414	0.431	0.405	NA	7.412	6.217	6.133	5.938	NA
CAF095	04/18/2011	0.364	0.411	0.43	0.404	NA	6.896	6.371	6.242	6	NA
CAF095	04/19/2011	0.361	0.405	0.43	0.404	NA	6.283	6.271	6.267	6.062	NA
CAF095	04/20/2011	0.359	0.4	0.431	0.404	NA	6.146	6.154	6.3	6.1	NA
CAF095	04/21/2011	0.358	0.397	0.43	0.405	NA	6.487	6.1	6.3	6.1	NA
CAF095	04/22/2011	0.356	0.397	0.43	0.405	NA	6.308	6.1	6.3	6.1	NA
CAF095	04/23/2011	0.355	0.396	0.43	0.405	NA	6.567	6.1	6.3	6.1	NA
CAF095	04/24/2011	0.354	0.394	0.431	0.405	NA	7.421	6.229	6.3	6.1	NA
CAF095	04/25/2011	0.354	0.39	0.43	0.405	NA	7.633	6.488	6.367	6.196	NA
CAF095	04/26/2011	0.356	0.389	0.431	0.405	NA	7.058	6.587	6.479	6.2	NA
CAF095	04/27/2011	0.355	0.39	0.431	0.405	NA	7.204	6.521	6.5	6.275	NA
CAF095	04/28/2011	0.355	0.39	0.43	0.405	NA	7.642	6.629	6.596	6.3	NA
CAF095	04/29/2011	0.353	0.389	0.429	0.405	NA	7.067	6.7	6.612	6.329	NA
CAF095	04/30/2011	0.352	0.388	0.43	0.406	NA	6.742	6.575	6.667	6.4	NA
CAF095	05/01/2011	0.35	0.386	0.429	0.406	NA	7.367	6.562	6.617	6.4	NA
CAF095	05/02/2011	0.347	0.384	0.429	0.406	NA	8.096	6.742	6.683	6.4	NA
CAF095	05/03/2011	0.348	0.383	0.429	0.407	NA	7.575	6.9	6.729	6.475	NA
CAF095	05/04/2011	0.348	0.381	0.428	0.407	NA	7.658	6.9	6.8	6.5	NA
CAF095	05/05/2011	0.347	0.379	0.427	0.407	NA	8.546	7.012	6.879	6.558	NA
CAF095	05/06/2011	0.346	0.376	0.426	0.406	NA	8.725	7.244	6.925	6.6	NA
CAF095	05/07/2011	0.345	NA	0.424	0.406	NA	8.825	NA	7.079	6.637	NA
CAF095	05/08/2011	0.345	NA	0.424	0.407	NA	9.246	NA	7.187	6.737	NA
CAF095	05/09/2011	0.345	NA	0.423	0.406	NA	9.208	NA	7.283	6.817	NA
CAF095	05/10/2011	0.346	NA	0.423	0.407	NA	9.275	NA	7.413	6.9	NA
CAF095	05/11/2011	0.345	NA	0.423	0.407	NA	10.35	NA	7.512	6.967	NA
CAF095	05/12/2011	0.344	NA	0.421	0.407	NA	10.95	NA	7.662	7.083	NA
CAF095	05/13/2011	0.342	NA	0.422	0.407	NA	10.51	NA	7.858	7.196	NA
CAF095	05/14/2011	0.339	NA	0.42	0.407	NA	11.55	NA	8.029	7.329	NA
CAF095	05/15/2011	0.335	NA	0.417	0.415	NA	11.95	NA	8.204	7.446	NA
CAF095	05/16/2011	0.353	NA	0.421	0.415	NA	10.91	NA	8.396	7.583	NA
CAF095	05/17/2011	0.355	NA	0.43	0.418	NA	10.04	NA	8.571	7.733	NA
CAF095	05/18/2011	0.352	NA	0.432	0.418	NA	10.32	NA	8.6	7.8	NA
CAF095	05/19/2011	0.349	NA	0.431	0.418	NA	10.79	NA	8.6	7.9	NA
CAF095	05/20/2011	0.344	NA	0.428	0.417	NA	11.32	NA	8.617	7.983	NA
CAF095	05/21/2011	0.34	NA	0.425	0.415	NA	12.08	NA	8.692	8.046	NA
CAF095	05/22/2011	0.337	NA	0.423	0.413	NA	12.23	NA	8.858	8.104	NA
CAF095	05/23/2011	0.333	NA	0.42	0.412	NA	11.87	NA	9.033	8.242	NA
CAF095	05/24/2011	0.33	NA	0.419	0.41	NA	11.63	NA	9.138	8.337	NA
CAF095	05/25/2011	0.327	NA	0.417	0.408	NA	11.31	NA	9.2	8.417	NA
CAF095	05/26/2011	0.341	0.35	0.416	0.408	0.417	11.14	9.9	9.223	8.5	8.114
CAF095	05/27/2011	0.343	0.35	0.418	0.405	0.417	10.61	9.783	9.3	8.571	8.2
CAF095	05/28/2011	0.34	0.347	0.415	0.384	0.417	10.51	9.667	9.187	8.6	8.279
CAF095	05/29/2011	0.338	0.344	0.412	0.376	0.417	10.84	9.6	9.2	8.604	8.325
CAF095	05/30/2011	0.336	0.341	0.409	0.364	0.417	11	9.608	9.167	8.7	8.4
CAF095	05/31/2011	0.333	0.338	0.406	0.358	0.417	11.29	9.683	9.2	8.7	8.421
CAF095	06/01/2011	0.332	0.337	0.405	0.356	0.416	11.36	9.788	9.183	8.7	8.5
CAF095	06/02/2011	0.335	0.337	0.405	0.363	0.399	10.92	9.867	9.3	8.729	8.513
CAF095	06/03/2011	0.339	0.335	0.404	0.37	0.414	10.4	9.729	9.3	8.8	8.6
CAF095	06/04/2011	0.336	0.331	0.4	0.364	0.416	11.26	9.675	9.3	8.8	8.6
CAF095	06/05/2011	0.331	0.327	0.396	0.36	0.416	12.17	9.9	9.342	8.8	8.6
CAF095	06/06/2011	0.328	0.325	0.394	0.364	0.415	12.88	10.25	9.446	8.887	8.687
CAF095	06/07/2011	0.325	0.325	0.394	0.368	0.414	12.85	10.5	9.6	8.921	8.7
CAF095	06/08/2011	0.32	0.324	0.393	0.359	0.412	12.76	10.67	9.742	9.004	8.7
CAF095	06/09/2011	0.317	0.323	0.393	0.358	0.407	12.21	10.72	9.871	9.1	8.758
CAF095	06/10/2011	0.312	0.321	0.392	0.358	0.402	12.49	10.7	9.908	9.2	8.821
CAF095	06/11/2011	0.307	0.318	0.391	0.357	0.4	13.13	10.89	9.988	9.271	8.9
CAF095	06/12/2011	0.302	0.314	0.389	0.356	0.396	13.95	11.19	10.15	9.342	8.996
CAF095	06/13/2011	0.297	0.313	0.389	0.356	0.392	14.37	11.59	10.33	9.446	9.057
CAF095	06/14/2011	0.289	0.31	0.388	0.357	0.388	13.77	11.8	10.54	9.567	9.138
CAF095	06/15/2011	0.281	0.308	0.386	0.357	0.383	13.8	11.84	10.67	9.692	9.241
CAF095	06/16/2011	0.276	0.307	0.386	0.358	0.382	13.08	11.79	10.78	9.808	9.31
CAF095	06/17/2011	0.27	0.306	0.385	0.36	0.381	12.58	11.6	10.8	9.9	9.4
CAF095	06/18/2011	0.266	0.305	0.383	0.359	0.379	13.15	11.55	10.8	9.962	9.482
CAF095	06/19/2011	0.263	0.304	0.382	0.361	0.377	12.87	11.57	10.8	10	9.51
CAF095	06/20/2011	0.258	0.302	0.381	0.359	0.377	13.2	11.56	10.8	10	9.6
CAF095	06/21/2011	NA	NA	NA	NA	NA	NA	NA	NA	NA	NA
CAF095	07/10/2011	NA	NA	NA	NA	NA	NA	NA	NA	NA	NA
CAF095	07/11/2011	0.23	0.239	0.303	NA	NA	17.22	14.6	13.2	NA	NA
CAF095	07/12/2011	0.23	0.238	0.302	0.264	0.369	17.87	14.69	13.16	12.03	11.19
CAF095	07/13/2011	0.231	0.238	0.302	0.266	0.369	18.27	14.94	13.32	12.17	11.35
CAF095	07/14/2011	0.23	0.238	0.302	0.268	0.37	17.12	14.97	13.42	12.25	11.4
CAF095	07/15/2011	0.23	0.237	0.299	0.263	0.37	17.1	14.79	13.5	12.33	11.49
CAF095	07/16/2011	0.232	0.235	0.295	0.254	0.369	18.11	14.84	13.5	12.4	11.58
CAF095	07/17/2011	0.233	0.234	0.291	0.248	0.367	18.24	14.99	13.5	12.44	11.66
CAF095	07/18/2011	0.234	0.233	0.283	0.239	0.365	19.32	15.25	13.6	12.5	11.7
CAF095	07/19/2011	0.235	0.231	0.279	0.232	0.363	19.48	15.6	13.74	12.58	11.8
CAF095	07/20/2011	0.234	0.23	0.276	0.228	0.362	18.44	15.67	13.88	12.67	11.85
CAF095	07/21/2011	0.234	0.228	0.27	0.224	0.36	18.35	15.59	13.94	12.76	11.91
CAF095	07/22/2011	0.234	0.226	0.267	0.221	0.359	18.25	15.54	14	12.81	12
CAF095	07/23/2011	0.235	0.225	0.264	0.218	0.358	18.25	15.54	14	12.9	12.04
CAF095	07/24/2011	0.235	0.222	0.259	0.216	0.357	18.78	15.58	14	12.9	12.1
CAF095	07/25/2011	0.237	0.22	0.255	0.213	0.356	19.63	15.82	14.08	12.99	12.16
CAF095	07/26/2011	0.237	0.218	0.252	0.211	0.355	19.57	16.14	14.21	13.03	12.2
CAF095	07/27/2011	0.236	0.217	0.251	0.21	0.353	19.07	16.29	14.35	13.13	12.3
CAF095	07/28/2011	0.236	0.216	0.249	0.209	0.352	18.81	16.31	14.47	13.22	12.35
CAF095	07/29/2011	0.236	0.214	0.248	0.207	0.349	18.99	16.37	14.53	13.3	12.42
CAF095	07/30/2011	0.237	0.213	0.246	0.204	0.348	19.16	16.47	14.6	13.39	12.5
CAF095	07/31/2011	0.237	0.212	0.244	0.202	0.346	19.65	16.62	14.7	13.45	12.55
CAF095	08/01/2011	0.238	0.211	0.243	0.201	0.345	19.75	16.84	14.83	13.53	12.61
CAF095	08/02/2011	0.238	0.21	0.242	0.199	0.344	19.93	16.98	14.95	13.63	12.7
CAF095	08/03/2011	0.238	0.209	0.24	0.197	0.342	20.08	17.17	15.07	13.73	12.79
CAF095	08/04/2011	0.238	0.208	0.24	0.196	0.341	20.03	17.28	15.2	13.83	12.87
CAF095	08/05/2011	0.238	0.207	0.239	0.195	0.339	20.25	17.38	15.31	13.93	12.96
CAF095	08/06/2011	0.238	0.207	0.238	0.194	0.338	20.12	17.53	15.41	14.03	13.03
CAF095	08/07/2011	0.237	0.207	0.238	0.193	0.338	19.9	17.56	15.5	14.12	13.12
CAF095	08/08/2011	0.237	0.206	0.237	0.192	0.335	19.81	17.55	15.6	14.2	13.2
CAF095	08/09/2011	0.237	0.205	0.236	0.191	0.334	19.72	17.55	15.6	14.29	13.3
CAF095	08/10/2011	0.236	0.205	0.236	0.19	0.332	19.45	17.53	15.7	14.34	13.37
CAF095	08/11/2011	0.235	0.204	0.235	0.189	0.331	19.17	17.46	15.7	14.4	13.42
CAF095	08/12/2011	0.235	0.204	0.235	0.189	0.329	19.05	17.35	15.7	14.45	13.5
CAF095	08/13/2011	0.235	0.203	0.234	0.188	0.327	19.35	17.3	15.7	14.5	13.54
CAF095	08/14/2011	0.235	0.203	0.233	0.187	0.325	19.46	17.37	15.7	14.5	13.6
CAF095	08/15/2011	0.234	0.202	0.233	0.187	0.324	19.35	17.42	15.71	14.54	13.6
CAF095	08/16/2011	0.233	0.202	0.233	0.187	0.323	18.79	17.35	15.8	14.6	13.7
CAF095	08/17/2011	0.233	0.202	0.232	0.186	0.321	18.88	17.2	15.75	14.6	13.7
CAF095	08/18/2011	0.233	0.201	0.232	0.186	0.32	18.91	17.2	15.7	14.6	13.73
CAF095	08/19/2011	0.232	0.201	0.232	0.185	0.319	18.84	17.17	15.7	14.6	13.8
CAF095	08/20/2011	0.232	0.2	0.232	0.185	0.317	19.09	17.18	15.7	14.64	13.8
CAF095	08/21/2011	0.232	0.2	0.231	0.184	0.315	19.33	17.25	15.7	14.7	13.8
CAF095	08/22/2011	0.232	0.2	0.231	0.184	0.312	19.66	17.36	15.79	14.7	13.82
CAF095	08/23/2011	0.232	0.2	0.231	0.183	0.311	19.93	17.48	15.81	14.7	13.9
CAF095	08/24/2011	0.232	0.2	0.23	0.183	0.309	20.06	17.67	15.9	14.78	13.9
CAF095	08/25/2011	0.233	0.2	0.23	0.182	0.308	20.69	17.82	15.99	14.8	13.91
CAF095	08/26/2011	0.233	0.2	0.23	0.182	0.307	21.12	18.1	16.1	14.88	14
CAF095	08/27/2011	0.232	0.2	0.23	0.182	0.305	21.36	18.34	16.24	14.94	14
CAF095	08/28/2011	0.232	0.2	0.23	0.182	0.303	21.48	18.52	16.36	15.03	14.09
CAF095	08/29/2011	0.232	0.2	0.229	0.181	0.302	21.99	18.7	16.47	15.12	14.13
CAF095	08/30/2011	0.231	0.2	0.23	0.182	0.303	21.54	18.88	16.62	15.22	14.2
CAF095	08/31/2011	0.229	0.2	0.229	0.182	0.304	20.46	18.75	16.7	15.3	14.26
CAF095	09/01/2011	0.227	0.199	0.229	0.183	0.305	19.4	18.4	16.7	15.4	14.3
CAF095	09/02/2011	0.225	0.199	0.229	0.182	0.305	19.05	18	16.62	15.4	14.37
CAF095	09/03/2011	0.224	0.198	0.228	0.182	0.305	18.63	17.74	16.49	15.4	14.4
CAF095	09/04/2011	0.223	0.198	0.228	0.182	0.305	18.48	17.47	16.37	15.4	14.47
CAF095	09/05/2011	0.223	0.197	0.227	0.182	0.304	18.68	17.3	16.26	15.32	14.5
CAF095	09/06/2011	0.222	0.197	0.227	0.181	0.303	18.89	17.3	16.2	15.3	14.5
CAF095	09/07/2011	0.221	0.197	0.227	0.181	0.303	19.08	17.32	16.11	15.3	14.5
CAF095	09/08/2011	0.221	0.197	0.227	0.181	0.302	19.43	17.37	16.1	15.23	14.47
CAF095	09/09/2011	0.221	0.197	0.226	0.181	0.302	19.67	17.51	16.14	15.2	14.48
CAF095	09/10/2011	0.22	0.197	0.226	0.181	0.301	19.82	17.63	16.2	15.27	14.5
CAF095	09/11/2011	0.219	0.197	0.226	0.181	0.301	19.95	17.74	16.22	15.3	14.5
CAF095	09/12/2011	0.219	0.197	0.226	0.181	0.301	20.01	17.81	16.3	15.3	14.5
CAF095	09/13/2011	0.218	0.197	0.226	0.181	0.301	19.88	17.87	16.31	15.32	14.5
CAF095	09/14/2011	0.217	0.197	0.227	0.181	0.301	19.63	17.85	16.4	15.4	14.5
CAF095	09/15/2011	0.215	0.197	0.227	0.182	0.302	19.52	17.8	16.4	15.4	14.56
CAF095	09/16/2011	0.213	0.196	0.227	0.182	0.303	18.39	17.63	16.4	15.4	14.6
CAF095	09/17/2011	0.211	0.196	0.227	0.183	0.303	17.55	17.21	16.28	15.4	14.6
CAF095	09/18/2011	0.21	0.196	0.227	0.183	0.303	17.3	16.83	16.14	15.4	14.6
CAF095	09/19/2011	0.209	0.195	0.226	0.183	0.303	17.42	16.62	15.97	15.32	14.6
CAF095	09/20/2011	0.209	0.195	0.226	0.183	0.302	17.2	16.53	15.87	15.27	14.53
CAF095	09/21/2011	0.208	0.195	0.226	0.183	0.302	16.97	16.37	15.78	15.2	14.5
CAF095	09/22/2011	0.207	0.194	0.226	0.182	0.301	17.1	16.26	15.69	15.15	14.5
CAF095	09/23/2011	0.208	0.194	0.226	0.182	0.301	17.54	16.23	15.6	15.1	14.5
CAF095	09/24/2011	0.208	0.194	0.226	0.182	0.3	17.98	16.36	15.6	15.04	14.49
CAF095	09/25/2011	0.208	0.195	0.225	0.182	0.301	18.28	16.53	15.6	15	14.4
CAF095	09/26/2011	0.206	0.195	0.226	0.183	0.302	17.31	16.54	15.6	15	14.4
CAF095	09/27/2011	0.205	0.194	0.226	0.184	0.302	16.8	16.27	15.6	15	14.4
CAF095	09/28/2011	0.203	0.194	0.226	0.184	0.302	16.13	15.99	15.5	15	14.4
CAF095	09/29/2011	0.202	0.194	0.226	0.184	0.302	15.44	15.62	15.36	14.94	14.4
CAF095	09/30/2011	0.202	0.193	0.226	0.184	0.302	15.47	15.32	15.2	14.88	14.37
CAF095	10/01/2011	0.202	0.193	0.226	0.184	NA	16.13	15.23	15.05	14.8	NA
CAF095	10/02/2011	0.202	0.193	0.225	0.184	NA	16.09	15.3	15	14.7	NA
CAF095	10/03/2011	0.202	0.193	0.226	0.184	NA	16.14	15.3	14.94	14.65	NA
CAF095	10/04/2011	0.201	0.194	0.225	0.185	NA	15.84	15.3	14.9	14.6	NA
CAF095	10/05/2011	0.2	0.193	0.226	0.186	NA	14.94	15.12	14.89	14.53	NA
CAF095	10/06/2011	0.199	0.194	0.226	0.187	NA	13.84	14.73	14.76	14.47	NA
CAF095	10/07/2011	0.198	0.194	0.226	0.188	NA	12.9	14.17	14.58	14.38	NA
CAF095	10/08/2011	0.197	0.193	0.226	0.188	NA	12.45	13.7	14.32	14.26	NA
CAF095	10/09/2011	0.197	0.193	0.226	0.189	NA	12.35	13.35	14.08	14.14	NA
CAF095	10/10/2011	0.197	0.193	0.226	0.189	NA	12.36	13.13	13.86	13.98	NA
CAF095	10/11/2011	0.198	0.192	0.226	0.189	NA	12.28	12.96	13.69	13.81	NA
CAF095	10/12/2011	0.197	0.192	0.226	0.19	NA	12.08	12.85	13.54	13.72	NA
CAF095	10/13/2011	0.197	0.192	0.226	0.19	NA	11.74	12.66	13.42	13.6	NA
CAF095	10/14/2011	0.197	0.192	0.226	0.19	NA	11.83	12.5	13.27	13.48	NA
CAF095	10/15/2011	0.198	0.192	0.226	0.191	NA	11.97	12.44	13.16	13.37	NA
CAF095	10/16/2011	0.198	0.192	0.227	0.191	NA	11.83	12.42	13.08	13.27	NA
CAF095	10/17/2011	0.197	0.192	0.227	0.191	NA	10.93	12.27	12.99	13.18	NA
CAF095	10/18/2011	0.196	0.191	0.227	0.191	NA	10.49	11.9	12.85	13.08	NA
CAF095	10/19/2011	0.196	0.191	0.227	0.191	NA	10.56	11.63	12.68	12.96	NA
CAF095	10/20/2011	0.196	0.191	0.227	0.192	NA	10.68	11.5	12.53	12.84	NA
CAF095	10/21/2011	0.197	0.191	0.227	0.192	NA	11.06	11.5	12.41	12.72	NA
CAF095	10/22/2011	0.198	0.191	0.227	0.192	NA	11.34	11.58	12.33	12.61	NA
CAF095	10/23/2011	0.198	0.191	0.228	0.192	NA	11.56	11.66	12.3	12.54	NA
CAF095	10/24/2011	0.198	0.192	0.228	0.193	NA	11.53	11.75	12.3	12.5	NA
CAF095	10/25/2011	0.196	0.191	0.228	0.193	NA	10.23	11.63	12.3	12.43	NA
CAF095	10/26/2011	0.195	0.191	0.229	0.193	NA	8.908	11.18	12.17	12.4	NA
CAF095	10/27/2011	0.194	0.19	0.229	0.193	NA	8.439	10.62	11.97	12.31	NA
CAF095	10/28/2011	0.194	0.19	0.228	0.193	NA	7.958	10.21	11.71	12.17	NA
CAF095	10/29/2011	0.195	0.189	0.228	0.193	NA	8.296	9.9	11.48	12.04	NA
CAF095	10/30/2011	0.195	0.189	0.228	0.193	NA	8.338	9.8	11.29	11.87	NA
CAF095	10/31/2011	0.196	0.189	0.228	0.193	NA	8.929	9.8	11.15	11.75	NA
CAF095	11/01/2011	0.195	0.189	0.228	0.194	NA	8.021	9.808	11.09	11.63	NA
CAF095	11/02/2011	0.194	0.189	0.229	0.194	NA	6.846	9.45	10.96	11.52	NA
CAF095	11/03/2011	0.194	0.188	0.229	0.194	NA	6.4	8.983	10.77	11.42	NA
CAF095	11/04/2011	0.194	0.188	0.229	0.194	NA	6.533	8.704	10.53	11.26	NA
CAF095	11/05/2011	0.193	0.188	0.229	0.194	NA	5.783	8.492	10.35	11.11	NA
CAF095	11/06/2011	0.193	0.188	0.229	0.194	NA	5.262	8.142	10.14	10.96	NA
CAF095	11/07/2011	0.192	0.187	0.228	0.194	NA	4.796	7.804	9.921	10.8	NA
CAF095	11/08/2011	0.192	0.187	0.228	0.194	NA	4.538	7.471	9.696	10.64	NA
CAF095	11/09/2011	0.193	0.187	0.228	0.194	NA	4.929	7.296	9.475	10.46	NA
CAF095	11/10/2011	0.193	0.187	0.228	0.194	NA	5.062	7.212	9.325	10.3	NA
CAF095	11/11/2011	0.193	0.187	0.228	0.194	NA	5.108	7.2	9.192	10.15	NA
CAF095	11/12/2011	0.194	0.188	0.228	0.194	NA	5.146	7.1	9.088	10.03	NA
CAF095	11/13/2011	0.193	0.227	0.228	0.194	NA	4.85	6.988	8.987	9.917	NA
CAF095	11/14/2011	0.194	0.238	0.228	0.194	NA	5.054	6.9	8.887	9.808	NA
CAF095	11/15/2011	0.194	0.235	0.229	0.194	NA	4.65	6.879	8.8	9.7	NA
CAF095	11/16/2011	0.193	0.232	0.229	0.194	NA	3.787	6.629	8.687	9.6	NA
CAF095	11/17/2011	0.193	0.231	0.229	0.195	NA	3.296	6.242	8.533	9.487	NA
CAF095	11/18/2011	0.193	0.23	0.229	0.195	NA	3.2	5.942	8.337	9.362	NA
CAF095	11/19/2011	0.194	0.228	0.229	0.195	NA	3.2	5.75	8.158	9.233	NA
CAF095	11/20/2011	0.194	0.226	0.229	0.195	NA	3.262	5.646	8.021	9.083	NA
CAF095	11/21/2011	0.194	0.225	0.229	0.195	NA	3.3	5.583	7.883	8.962	NA
CAF095	11/22/2011	0.218	0.227	0.228	0.195	NA	3.262	5.433	7.775	8.846	NA
CAF095	11/23/2011	0.257	0.231	0.228	0.196	NA	4.467	5.575	7.7	8.737	NA
CAF095	11/24/2011	0.264	0.232	0.229	0.196	NA	5.067	5.963	7.7	8.646	NA
CAF095	11/25/2011	0.264	0.232	0.229	0.196	NA	4.975	6.171	7.717	8.6	NA
CAF095	11/26/2011	0.263	0.231	0.23	0.197	NA	4.267	6.154	7.8	8.6	NA
CAF095	11/27/2011	0.261	0.23	0.23	0.197	NA	3.7	5.892	7.721	8.517	NA
CAF095	11/28/2011	0.261	0.23	0.23	0.197	NA	4.054	5.708	7.625	8.5	NA
CAF095	11/29/2011	0.261	0.229	0.23	0.198	NA	4.046	5.708	7.55	8.4	NA
CAF095	11/30/2011	0.262	0.229	0.23	0.198	NA	4.058	5.7	7.5	8.35	NA
CAF095	12/01/2011	0.261	0.228	0.23	0.198	NA	3.708	5.646	7.438	8.3	NA
CAF095	12/02/2011	0.26	0.228	0.231	0.198	NA	3.208	5.425	7.371	8.212	NA
CAF095	12/03/2011	0.259	0.227	0.231	0.198	NA	2.867	5.183	7.254	8.158	NA
CAF095	12/04/2011	0.258	0.226	0.231	0.199	NA	2.571	4.938	7.129	8.071	NA
CAF095	12/05/2011	0.257	0.226	0.231	0.199	NA	2.321	4.725	6.971	7.975	NA
CAF095	12/06/2011	0.256	0.225	0.231	0.199	NA	2.108	4.533	6.846	7.871	NA
CAF095	12/07/2011	0.255	0.225	0.231	0.199	NA	1.946	4.358	6.712	7.767	NA
CAF095	12/08/2011	0.253	0.224	0.231	0.199	NA	1.775	4.225	6.579	7.662	NA
CAF095	12/09/2011	0.252	0.224	0.231	0.2	NA	1.55	4.062	6.458	7.562	NA
CAF095	12/10/2011	0.251	0.223	0.231	0.2	NA	1.421	3.938	6.342	7.463	NA
CAF095	12/11/2011	0.25	0.223	0.231	0.2	NA	1.375	3.821	6.225	7.358	NA
CAF095	12/12/2011	0.25	0.222	0.231	0.2	NA	1.271	3.729	6.121	7.263	NA
CAF095	12/13/2011	0.249	0.222	0.231	0.2	NA	1.2	3.633	6.021	7.167	NA
CAF095	12/14/2011	0.249	0.221	0.231	0.2	NA	1.125	3.546	5.917	7.079	NA
CAF095	12/15/2011	0.248	0.221	0.231	0.201	NA	1.133	3.5	5.825	6.996	NA
CAF095	12/16/2011	0.248	0.221	0.231	0.201	NA	1.2	3.483	5.75	6.9	NA
CAF095	12/17/2011	0.247	0.221	0.231	0.201	NA	1.2	3.4	5.692	6.817	NA
CAF095	12/18/2011	0.247	0.221	0.231	0.201	NA	1.217	3.4	5.6	6.746	NA
CAF095	12/19/2011	0.247	0.22	0.231	0.202	NA	1.3	3.4	5.567	6.687	NA
CAF095	12/20/2011	0.246	0.22	0.231	0.202	NA	1.3	3.4	5.5	6.6	NA
CAF095	12/21/2011	0.246	0.22	0.231	0.202	NA	1.3	3.4	5.488	6.554	NA
CAF095	12/22/2011	0.246	0.219	0.232	0.203	NA	1.258	3.346	5.4	6.5	NA
CAF095	12/23/2011	0.245	0.219	0.232	0.203	NA	1.067	3.292	5.392	6.425	NA
CAF095	12/24/2011	0.245	0.218	0.232	0.203	NA	0.9125	3.192	5.3	6.4	NA
CAF095	12/25/2011	0.244	0.218	0.232	0.203	NA	0.9	3.1	5.229	6.3	NA
CAF095	12/26/2011	0.244	0.218	0.232	0.204	NA	0.9	3.1	5.179	6.258	NA
CAF095	12/27/2011	0.244	0.218	0.232	0.204	NA	0.9167	3.1	5.1	6.2	NA
CAF095	12/28/2011	0.246	0.219	0.232	0.338	NA	0.9917	3.062	5.042	6.104	NA
CAF095	12/29/2011	0.302	0.286	0.232	0.376	NA	0.9875	2.954	4.921	6.033	NA
CAF095	12/30/2011	0.328	0.333	0.232	0.329	NA	1.033	2.875	4.842	5.958	NA
CAF095	12/31/2011	0.321	0.296	0.232	0.322	NA	1.621	3.062	4.796	5.9	NA
CAF095	01/01/2012	0.314	0.284	0.233	0.316	NA	1.7	3.188	4.8	5.8	NA
CAF095	01/02/2012	0.31	0.278	0.233	0.31	NA	1.762	3.2	4.8	5.8	NA
CAF095	01/03/2012	0.31	0.273	0.233	0.305	NA	1.817	3.208	4.8	5.775	NA
CAF095	01/04/2012	0.31	0.269	0.234	0.301	NA	2.004	3.3	4.8	5.7	NA
CAF095	01/05/2012	0.311	0.266	0.235	0.297	NA	2.896	3.408	4.8	5.7	NA
CAF095	01/06/2012	0.309	0.264	0.235	0.294	NA	2.875	3.662	4.829	5.7	NA
CAF095	01/07/2012	0.306	0.262	0.236	0.291	NA	2.408	3.667	4.9	5.7	NA
CAF095	01/08/2012	0.305	0.259	0.237	0.289	NA	2.25	3.579	4.9	5.7	NA
CAF095	01/09/2012	0.305	0.257	0.238	0.288	NA	2.312	3.5	4.9	5.7	NA
CAF095	01/10/2012	0.305	0.256	0.238	0.286	NA	2.496	3.529	4.9	5.7	NA
CAF095	01/11/2012	0.306	0.254	0.239	0.285	NA	2.325	3.567	4.9	5.65	NA
CAF095	01/12/2012	0.304	0.253	0.24	0.284	NA	2.029	3.488	4.846	5.6	NA
CAF095	01/13/2012	0.301	0.251	0.241	0.283	NA	1.796	3.363	4.8	5.6	NA
CAF095	01/14/2012	0.299	0.25	0.242	0.283	NA	1.646	3.267	4.737	5.6	NA
CAF095	01/15/2012	0.297	0.25	0.242	0.283	NA	1.6	3.196	4.696	5.525	NA
CAF095	01/16/2012	0.295	0.249	0.243	0.283	NA	1.588	3.1	4.6	5.5	NA
CAF095	01/17/2012	0.293	0.249	0.244	0.283	NA	1.5	3.1	4.579	5.45	NA
CAF095	01/18/2012	0.292	0.248	0.244	0.284	NA	1.5	3.083	4.5	5.4	NA
CAF095	01/19/2012	0.291	0.281	0.246	0.298	NA	1.5	2.842	4.488	5.383	NA
CAF095	01/20/2012	0.293	0.313	0.25	0.436	NA	1.458	2.683	4.317	5.3	NA
CAF095	01/21/2012	0.3	0.308	0.305	0.437	NA	1.4	2.9	4.271	5.229	NA
CAF095	01/22/2012	0.309	0.308	0.38	0.438	NA	1.429	2.9	4.2	5.125	NA
CAF095	01/23/2012	0.31	0.3	0.371	0.437	NA	1.5	2.9	4.2	5.1	NA
CAF095	01/24/2012	0.311	0.295	0.367	0.409	NA	1.5	2.9	4.2	5.096	NA
CAF095	01/25/2012	0.351	0.393	0.42	0.417	NA	1.046	2.612	3.917	4.917	NA
CAF095	01/26/2012	0.353	0.394	0.421	0.419	NA	1.217	2.6	3.8	4.804	NA
CAF095	01/27/2012	0.347	0.395	0.422	0.42	NA	1.371	2.6	3.8	4.737	NA
CAF095	01/28/2012	0.338	0.384	0.423	0.42	NA	1.483	2.629	3.8	4.7	NA
CAF095	01/29/2012	0.333	0.368	0.423	0.42	NA	1.5	2.7	3.8	4.7	NA
CAF095	01/30/2012	0.357	0.398	0.426	0.425	NA	1.362	2.621	3.8	4.612	NA
CAF095	01/31/2012	0.353	0.4	0.426	0.425	NA	1.396	2.6	3.721	4.6	NA
CAF095	02/01/2012	0.353	0.401	0.427	0.426	NA	1.467	2.6	3.7	4.575	NA
CAF095	02/02/2012	0.353	0.404	0.428	0.427	NA	1.492	2.617	3.7	4.5	NA
CAF095	02/03/2012	0.348	0.404	0.428	0.427	NA	1.5	2.7	3.7	4.5	NA
CAF095	02/04/2012	0.344	0.403	0.429	0.426	NA	1.583	2.7	3.7	4.5	NA
CAF095	02/05/2012	0.342	0.401	0.429	0.426	NA	1.6	2.7	3.7	4.429	NA
CAF095	02/06/2012	0.341	0.394	0.429	0.426	NA	1.6	2.7	3.7	4.4	NA
CAF095	02/07/2012	0.339	0.388	0.43	0.425	NA	1.6	2.7	3.7	4.4	NA
CAF095	02/08/2012	0.339	0.386	0.43	0.425	NA	1.6	2.7	3.7	4.4	NA
CAF095	02/09/2012	0.341	0.385	0.431	0.424	NA	1.646	2.7	3.7	4.383	NA
CAF095	02/10/2012	0.348	0.39	0.432	0.424	NA	1.946	2.729	3.7	4.3	NA
CAF095	02/11/2012	0.351	0.404	0.432	0.425	NA	2.717	2.863	3.7	4.3	NA
CAF095	02/12/2012	0.351	0.408	0.432	0.425	NA	3.004	3.046	3.733	4.3	NA
CAF095	02/13/2012	0.347	0.409	0.433	0.424	NA	3.071	3.175	3.812	4.3	NA
CAF095	02/14/2012	0.345	0.408	0.433	0.424	NA	2.9	3.262	3.9	4.329	NA
CAF095	02/15/2012	0.345	0.403	0.434	0.424	NA	2.733	3.275	3.954	4.4	NA
CAF095	02/16/2012	0.341	0.396	0.434	0.424	NA	2.604	3.2	4	4.4	NA
CAF095	02/17/2012	0.34	0.394	0.434	0.423	NA	2.363	3.171	4	4.4	NA
CAF095	02/18/2012	0.344	0.393	0.434	0.422	NA	2.996	3.179	4	4.4	NA
CAF095	02/19/2012	0.343	0.393	0.434	0.422	NA	2.883	3.296	4	4.4	NA
CAF095	02/20/2012	0.341	0.393	0.434	0.422	NA	2.683	3.3	4	4.4	NA
CAF095	02/21/2012	0.353	0.408	0.436	0.423	NA	2.521	3.225	4	4.4	NA
CAF095	02/22/2012	0.353	0.416	0.435	0.424	NA	3.908	3.283	4	4.4	NA
CAF095	02/23/2012	0.347	0.417	0.435	0.423	NA	3.625	3.571	4.071	4.425	NA
CAF095	02/24/2012	0.342	0.415	0.436	0.422	NA	3.121	3.6	4.187	4.5	NA
CAF095	02/25/2012	0.342	0.409	0.435	0.422	NA	3.183	3.504	4.2	4.5	NA
CAF095	02/26/2012	0.34	0.403	0.435	0.422	NA	2.725	3.5	4.2	4.5	NA
CAF095	02/27/2012	0.34	0.401	0.435	0.422	NA	2.375	3.383	4.2	4.5	NA
CAF095	02/28/2012	0.339	0.4	0.435	0.421	NA	2.221	3.262	4.15	4.5	NA
CAF095	02/29/2012	0.34	0.4	0.434	0.42	NA	2.1	3.162	4.1	4.5	NA
CAF095	03/01/2012	0.343	0.401	0.435	0.421	NA	2.017	3.1	4.008	4.5	NA
CAF095	03/02/2012	0.347	0.407	0.435	0.422	NA	1.983	3	3.971	4.408	NA
CAF095	03/03/2012	0.348	0.42	0.436	0.422	NA	2.117	2.946	3.9	4.4	NA
CAF095	03/04/2012	0.346	0.42	0.435	0.421	NA	2.867	2.992	3.9	4.342	NA
CAF095	03/05/2012	0.346	0.418	0.434	0.42	NA	4.004	3.246	3.9	4.3	NA
CAF095	03/06/2012	0.348	0.422	0.435	0.42	NA	3.642	3.529	4.008	4.3	NA
CAF095	03/07/2012	0.343	0.42	0.435	0.421	NA	2.983	3.512	4.1	4.375	NA
CAF095	03/08/2012	0.341	0.416	0.435	0.421	NA	2.917	3.417	4.1	4.4	NA
CAF095	03/09/2012	0.34	0.409	0.435	0.42	NA	3.696	3.45	4.1	4.4	NA
CAF095	03/10/2012	0.339	0.406	0.434	0.419	NA	4.546	3.683	4.158	4.4	NA
CAF095	03/11/2012	0.341	0.404	0.435	0.418	NA	4.913	3.971	4.267	4.454	NA
CAF095	03/12/2012	0.341	0.404	0.435	0.418	NA	4.071	4.1	4.425	4.5	NA
CAF095	03/13/2012	0.35	0.415	0.436	0.418	NA	3.896	4.025	4.5	4.6	NA
CAF095	03/14/2012	0.347	0.425	0.436	0.419	NA	3.604	3.975	4.5	4.6	NA
CAF095	03/15/2012	0.354	0.427	0.436	0.42	NA	4.154	3.913	4.5	4.696	NA
CAF095	03/16/2012	0.369	0.429	0.436	0.422	NA	4.954	4.1	4.504	4.7	NA
CAF095	03/17/2012	0.369	0.43	0.436	0.42	NA	5.133	4.346	4.617	4.7	NA
CAF095	03/18/2012	0.359	0.43	0.436	0.419	NA	4.558	4.483	4.721	4.758	NA
CAF095	03/19/2012	0.353	0.431	0.436	0.419	NA	3.975	4.358	4.8	4.8	NA
CAF095	03/20/2012	0.351	0.431	0.437	0.419	NA	3.625	4.179	4.8	4.867	NA
CAF095	03/21/2012	0.361	0.433	0.437	0.421	NA	3.171	3.988	4.704	4.9	NA
CAF095	03/22/2012	0.362	0.434	0.437	0.423	NA	2.871	3.825	4.637	4.867	NA
CAF095	03/23/2012	0.364	0.436	0.437	0.423	NA	3.479	3.7	4.542	4.8	NA
CAF095	03/24/2012	0.366	0.436	0.437	0.423	NA	4.012	3.779	4.5	4.8	NA
CAF095	03/25/2012	0.367	0.436	0.436	0.422	NA	5.208	3.983	4.5	4.788	NA
CAF095	03/26/2012	0.369	0.436	0.437	0.422	NA	6.233	4.412	4.612	4.796	NA
CAF095	03/27/2012	0.37	0.436	0.437	0.422	NA	5.767	4.754	4.796	4.8	NA
CAF095	03/28/2012	0.372	0.436	0.438	0.422	NA	6.346	4.904	4.954	4.875	NA
CAF095	03/29/2012	0.373	0.437	0.438	0.422	NA	6.492	5.142	5.1	4.946	NA
CAF095	03/30/2012	0.373	0.437	0.438	0.422	NA	6.579	5.321	5.246	5.037	NA
CAF095	03/31/2012	0.373	0.436	0.439	0.422	NA	6.592	5.471	5.371	5.133	NA
CAF095	04/01/2012	0.373	0.436	0.439	0.422	NA	6.529	5.583	5.488	5.217	NA
CAF095	04/02/2012	0.373	0.437	0.44	0.423	NA	5.896	5.571	5.596	5.3	NA
CAF095	04/03/2012	0.373	0.436	0.44	0.423	NA	6.238	5.5	5.6	5.396	NA
CAF095	04/04/2012	0.372	0.436	0.44	0.422	NA	6.371	5.579	5.65	5.421	NA
CAF095	04/05/2012	0.372	0.437	0.44	0.423	NA	5.529	5.562	5.7	5.5	NA
CAF095	04/06/2012	0.372	0.436	0.44	0.423	NA	5.487	5.413	5.7	5.5	NA
CAF095	04/07/2012	0.372	0.436	0.44	0.423	NA	5.246	5.313	5.7	5.521	NA
CAF095	04/08/2012	0.372	0.435	0.44	0.423	NA	6.071	5.279	5.608	5.542	NA
CAF095	04/09/2012	0.371	0.434	0.44	0.421	NA	7.117	5.529	5.65	5.6	NA
CAF095	04/10/2012	0.37	0.433	0.44	0.42	NA	8.196	5.962	5.763	5.6	NA
CAF095	04/11/2012	0.364	0.431	0.44	0.418	NA	8.75	6.442	5.983	5.7	NA
CAF095	04/12/2012	0.362	0.431	0.441	0.418	NA	8.929	6.813	6.221	5.821	NA
CAF095	04/13/2012	0.363	0.43	0.441	0.419	NA	8.754	7.062	6.463	5.954	NA
CAF095	04/14/2012	0.36	0.428	0.442	0.418	NA	8.75	7.179	6.65	6.104	NA
CAF095	04/15/2012	0.355	0.423	0.443	0.418	NA	8.596	7.279	6.796	6.246	NA
CAF095	04/16/2012	0.356	0.419	0.443	0.418	NA	8.204	7.3	6.9	6.363	NA
CAF095	04/17/2012	0.36	0.426	0.444	0.419	NA	7.958	7.242	7	6.471	NA
CAF095	04/18/2012	0.36	0.425	0.444	0.419	NA	8.642	7.258	7	6.546	NA
CAF095	04/19/2012	0.363	0.425	0.443	0.42	NA	8.967	7.429	7.075	6.6	NA
CAF095	04/20/2012	0.366	0.426	0.444	0.42	NA	9.713	7.625	7.171	6.687	NA
CAF095	04/21/2012	0.366	0.424	0.444	0.42	NA	10.41	7.933	7.329	6.767	NA
CAF095	04/22/2012	0.362	0.422	0.445	0.419	NA	11.75	8.367	7.512	6.871	NA
CAF095	04/23/2012	0.363	0.421	0.445	0.419	NA	13.24	8.954	7.792	7.017	NA
CAF095	04/24/2012	0.364	0.42	0.446	0.419	NA	14.24	9.65	8.15	7.183	NA
CAF095	04/25/2012	0.361	0.411	0.447	0.42	NA	13.94	10.18	8.55	7.404	NA
CAF095	04/26/2012	0.368	0.417	0.448	0.425	NA	13.65	10.54	8.9	7.65	NA
CAF095	04/27/2012	0.383	0.426	0.449	0.429	NA	11.3	10.5	9.171	7.888	NA
CAF095	04/28/2012	0.378	0.425	0.45	0.429	NA	10.29	9.979	9.267	8.075	NA
CAF095	04/29/2012	0.369	0.423	0.449	0.428	NA	10.48	9.608	9.175	8.2	NA
CAF095	04/30/2012	0.374	0.421	0.449	0.428	NA	11.28	9.558	9.1	8.263	NA
CAF095	05/01/2012	0.376	0.421	0.449	0.429	NA	10.36	9.579	9.1	8.3	NA
CAF095	05/02/2012	0.368	0.419	0.449	0.428	NA	9.525	9.337	9.096	8.3	NA
CAF095	05/03/2012	0.367	0.416	0.449	0.427	NA	9.5	9.079	9	8.358	NA
CAF095	05/04/2012	0.374	0.417	0.449	0.429	NA	9.371	8.954	8.904	8.362	NA
CAF095	05/05/2012	0.366	0.415	0.449	0.428	NA	8.983	8.783	8.825	8.3	NA
CAF095	05/06/2012	0.36	0.411	0.449	0.428	NA	9.125	8.65	8.742	8.3	NA
CAF095	05/07/2012	0.359	0.405	0.448	0.427	NA	10.13	8.658	8.7	8.3	NA
CAF095	05/08/2012	0.357	0.401	0.448	0.426	NA	11.27	8.887	8.7	8.3	NA
CAF095	05/09/2012	0.355	0.397	0.448	0.425	NA	12.1	9.271	8.763	8.3	NA
CAF095	05/10/2012	0.351	0.393	0.447	0.426	NA	10.8	9.492	8.942	8.308	NA
CAF095	05/11/2012	0.348	0.388	0.446	0.425	NA	10.4	9.371	9	8.4	NA
CAF095	05/12/2012	0.346	0.383	0.444	0.425	NA	10.81	9.3	9	8.442	NA
CAF095	05/13/2012	0.345	0.378	0.44	0.425	NA	11.74	9.421	9.042	8.5	NA
CAF095	05/14/2012	0.344	0.372	0.437	0.424	NA	12.9	9.713	9.108	8.504	NA
CAF095	05/15/2012	0.342	0.366	0.434	0.424	NA	13.92	10.16	9.242	8.6	NA
CAF095	05/16/2012	0.339	0.361	0.432	0.423	NA	14.22	10.6	9.442	8.671	NA
CAF095	05/17/2012	0.335	0.356	0.43	0.423	NA	13.91	10.88	9.667	8.783	NA
CAF095	05/18/2012	0.331	0.351	0.427	0.416	NA	13.17	10.98	9.846	8.925	NA
CAF095	05/19/2012	0.327	0.347	0.423	0.4	NA	12.91	10.88	9.937	9.029	NA
CAF095	05/20/2012	0.324	0.342	0.419	0.388	NA	13.33	10.87	10	9.1	NA
CAF095	05/21/2012	0.321	0.34	0.416	0.381	NA	13.53	10.95	10	9.2	NA
CAF095	05/22/2012	0.318	0.338	0.414	0.374	NA	13.08	11.04	10.1	9.246	NA
CAF095	05/23/2012	0.314	0.334	0.41	0.364	NA	11.97	10.92	10.1	9.3	NA
CAF095	05/24/2012	0.311	0.33	0.407	0.358	NA	11.4	10.64	10.1	9.392	NA
CAF095	05/25/2012	0.309	0.326	0.403	0.353	NA	11.61	10.47	10.05	9.4	NA
CAF095	05/26/2012	0.306	0.322	0.399	0.349	NA	11.55	10.4	10	9.4	NA
CAF095	05/27/2012	0.304	0.319	0.394	0.346	NA	11.6	10.37	10	9.4	NA
CAF095	05/28/2012	0.301	0.314	0.389	0.342	NA	11.98	10.38	9.925	9.4	NA
CAF095	05/29/2012	0.3	0.311	0.385	0.339	NA	12.7	10.5	9.962	9.4	NA
CAF095	05/30/2012	0.297	0.308	0.381	0.334	NA	12.52	10.6	10	9.454	NA
CAF095	05/31/2012	0.296	0.306	0.379	0.33	NA	12.79	10.7	10.08	9.5	NA
CAF095	06/01/2012	0.296	0.305	0.378	0.327	NA	13.4	10.85	10.12	9.508	NA
CAF095	06/02/2012	0.295	0.302	0.375	0.322	NA	14.43	11.18	10.23	9.6	NA
CAF095	06/03/2012	0.293	0.301	0.374	0.32	NA	14.1	11.47	10.4	9.65	NA
CAF095	06/04/2012	0.291	0.299	0.373	0.318	NA	14.33	11.6	10.55	9.75	NA
CAF095	06/05/2012	0.29	0.297	0.373	0.317	NA	14.08	11.77	10.67	9.846	NA
CAF095	06/06/2012	0.286	0.295	0.371	0.315	NA	12.22	11.59	10.79	9.942	NA
CAF095	06/07/2012	0.284	0.291	0.367	0.311	NA	11.57	11.18	10.75	10	NA
CAF095	06/08/2012	0.284	0.289	0.366	0.309	NA	11.74	10.94	10.64	10	NA
CAF095	06/09/2012	0.283	0.286	0.362	0.306	NA	11.52	10.85	10.56	10	NA
CAF095	06/10/2012	0.283	0.284	0.36	0.303	NA	10.93	10.62	10.49	10	NA
CAF095	06/11/2012	0.284	0.28	0.354	0.296	NA	11.97	10.53	10.4	10	NA
CAF095	06/12/2012	0.285	0.277	0.351	0.29	NA	13.4	10.82	10.4	10	NA
CAF095	06/13/2012	0.283	0.273	0.348	0.284	NA	14.01	11.22	10.45	10	NA
CAF095	06/14/2012	0.28	0.27	0.345	0.278	NA	13.67	11.48	10.62	10	NA
CAF095	06/15/2012	0.277	0.265	0.342	0.273	NA	13.58	11.55	10.73	10.13	NA
CAF095	06/16/2012	0.273	0.26	0.338	0.268	NA	13.64	11.59	10.8	10.2	NA
CAF095	06/17/2012	0.269	0.253	0.334	0.265	NA	14.58	11.75	10.88	10.3	NA
CAF095	06/18/2012	0.264	0.249	0.331	0.262	NA	14.63	12.13	11.03	10.34	NA
CAF095	06/19/2012	0.258	0.246	0.331	0.261	NA	13.78	12.29	11.23	10.46	NA
CAF095	06/20/2012	0.255	0.243	0.332	0.261	NA	13.74	12.22	11.35	10.63	9.9
CAF095	06/21/2012	0.253	0.241	0.333	0.265	NA	15.11	12.48	11.46	10.74	9.9
CAF095	06/22/2012	0.252	0.24	0.331	0.268	NA	16.65	13.03	11.63	10.8	9.942
CAF095	06/23/2012	0.25	0.239	0.329	0.27	NA	17.02	13.62	11.89	10.92	10
CAF095	06/24/2012	0.248	0.238	0.33	0.272	NA	17.19	13.96	12.18	11.07	10.17
CAF095	06/25/2012	0.246	0.236	0.33	0.273	NA	17.44	14.23	12.4	11.25	10.27
CAF095	06/26/2012	0.244	0.236	0.328	0.275	NA	17.02	14.45	12.6	11.42	10.37
CAF095	06/27/2012	0.241	0.236	0.33	0.277	0.442	15.52	14.22	12.76	11.6	10.49
CAF095	06/28/2012	0.242	0.234	0.329	0.279	0.444	16.42	14	12.71	11.72	10.6
CAF095	06/29/2012	0.242	0.233	0.326	0.28	0.444	17.64	14.22	12.75	11.8	10.7
CAF095	06/30/2012	0.241	0.232	0.324	0.281	0.443	18.1	14.62	12.89	11.88	10.79
CAF095	07/01/2012	0.239	0.231	0.324	0.283	0.442	18.07	14.88	13.07	11.97	10.87
CAF095	07/02/2012	0.238	0.23	0.321	0.284	0.44	18.05	15.04	13.24	12.1	10.95
CAF095	07/03/2012	0.237	0.227	0.316	0.285	0.439	18.64	15.23	13.35	12.22	11.05
CAF095	07/04/2012	0.234	0.225	0.312	0.286	0.438	17.5	15.33	13.5	12.34	11.15
CAF095	07/05/2012	0.232	0.222	0.305	0.287	0.437	17.35	15.21	13.6	12.45	11.25
CAF095	07/06/2012	0.23	0.22	0.298	0.288	0.436	17.67	15.19	13.6	12.52	11.35
CAF095	07/07/2012	0.229	0.217	0.291	0.288	0.435	18.44	15.35	13.65	12.6	11.42
CAF095	07/08/2012	0.228	0.215	0.284	0.288	0.434	19.44	15.65	13.75	12.67	11.5
CAF095	07/09/2012	0.227	0.214	0.278	0.287	0.432	20.1	16.08	13.91	12.75	11.59
CAF095	07/10/2012	0.225	0.213	0.274	0.286	0.431	20.1	16.37	14.12	12.86	11.66
CAF095	07/11/2012	0.224	0.212	0.268	0.286	0.43	20.56	16.63	14.3	12.99	11.75
CAF095	07/12/2012	0.223	0.211	0.263	0.285	0.428	20.73	16.85	14.48	13.13	11.85
CAF095	07/13/2012	0.222	0.21	0.259	0.283	0.425	21.04	17.06	14.64	13.25	11.96
CAF095	07/14/2012	0.221	0.209	0.257	0.281	0.424	20.98	17.27	14.81	13.37	12.06
CAF095	07/15/2012	0.219	0.209	0.255	0.28	0.424	20.41	17.35	14.96	13.51	12.16
CAF095	07/16/2012	0.218	0.208	0.254	0.279	0.424	19.92	17.29	15.06	13.63	12.27
CAF095	07/17/2012	0.217	0.208	0.252	0.277	0.424	20.02	17.2	15.1	13.73	12.37
CAF095	07/18/2012	0.217	0.207	0.251	0.276	0.423	20.32	17.23	15.12	13.8	12.47
CAF095	07/19/2012	0.216	0.206	0.249	0.273	0.423	20.73	17.34	15.2	13.89	12.55
CAF095	07/20/2012	0.216	0.206	0.248	0.271	0.42	21.05	17.53	15.28	13.95	12.63
CAF095	07/21/2012	0.214	0.206	0.247	0.269	0.419	19.95	17.57	15.39	14.02	12.7
CAF095	07/22/2012	0.213	0.205	0.246	0.266	0.418	19.88	17.38	15.4	14.1	12.79
CAF095	07/23/2012	0.212	0.204	0.245	0.262	0.416	20.08	17.37	15.4	14.15	12.85
CAF095	07/24/2012	0.21	0.203	0.244	0.257	0.414	19.42	17.32	15.4	14.2	12.9
CAF095	07/25/2012	0.209	0.202	0.243	0.252	0.414	19.5	17.18	15.4	14.2	12.99
CAF095	07/26/2012	0.209	0.202	0.242	0.249	0.412	19.78	17.18	15.4	14.2	13
CAF095	07/27/2012	0.208	0.201	0.241	0.246	0.404	19.97	17.24	15.4	14.2	13.05
CAF095	07/28/2012	0.208	0.201	0.24	0.243	0.384	20.2	17.33	15.4	14.25	13.1
CAF095	07/29/2012	0.207	0.2	0.239	0.24	0.366	19.95	17.37	15.44	14.3	13.1
CAF095	07/30/2012	0.206	0.2	0.239	0.237	0.346	20.19	17.36	15.5	14.3	13.13
CAF095	07/31/2012	0.206	0.199	0.238	0.234	0.331	20.2	17.42	15.5	14.3	13.2
CAF095	08/01/2012	0.205	0.199	0.237	0.231	0.318	20.1	17.43	15.5	14.39	13.2
CAF095	08/02/2012	0.204	0.198	0.237	0.228	0.309	20.03	17.42	15.5	14.4	13.2
CAF095	08/03/2012	0.203	0.198	0.236	0.226	0.304	19.79	17.38	15.5	14.4	13.26
CAF095	08/04/2012	0.203	0.198	0.236	0.224	0.3	20.03	17.33	15.52	14.4	13.3
CAF095	08/05/2012	0.204	0.197	0.235	0.222	0.295	20.74	17.44	15.6	14.41	13.3
CAF095	08/06/2012	0.204	0.197	0.235	0.22	0.292	21.34	17.7	15.62	14.5	13.34
CAF095	08/07/2012	0.204	0.198	0.235	0.219	0.29	21.67	17.96	15.75	14.5	13.4
CAF095	08/08/2012	0.204	0.198	0.235	0.217	0.287	22.1	18.24	15.87	14.6	13.4
CAF095	08/09/2012	0.202	0.198	0.235	0.216	0.284	21.23	18.37	16.03	14.69	13.5
CAF095	08/10/2012	0.202	0.198	0.235	0.215	0.282	21.42	18.31	16.1	14.78	13.52
CAF095	08/11/2012	0.202	0.198	0.235	0.214	0.281	21.41	18.34	16.18	14.84	13.6
CAF095	08/12/2012	0.202	0.197	0.234	0.212	0.279	21.68	18.37	16.2	14.9	13.67
CAF095	08/13/2012	0.202	0.198	0.234	0.211	0.278	22.01	18.53	16.3	14.99	13.7
CAF095	08/14/2012	0.202	0.198	0.234	0.21	0.276	22.18	18.67	16.38	15.03	13.85
CAF095	08/15/2012	0.202	0.198	0.234	0.209	0.274	22.28	18.81	16.48	15.11	13.9
CAF095	08/16/2012	0.202	0.198	0.234	0.208	0.271	22.33	18.94	16.58	15.2	13.98
CAF095	08/17/2012	0.202	0.198	0.233	0.208	0.27	22.18	19.01	16.68	15.28	14.04
CAF095	08/18/2012	0.202	0.198	0.233	0.207	0.269	22.34	19.04	16.74	15.34	14.1
CAF095	08/19/2012	0.202	0.198	0.233	0.206	0.267	22.64	19.08	16.8	15.4	14.19
CAF095	08/20/2012	0.202	0.198	0.233	0.206	0.265	22.88	19.26	16.9	15.5	14.23
CAF095	08/21/2012	0.202	0.199	0.232	0.205	0.264	22.77	19.38	16.99	15.56	14.3
CAF095	08/22/2012	0.201	0.199	0.233	0.204	0.263	22.29	19.43	17.09	15.63	14.38
CAF095	08/23/2012	0.2	0.199	0.233	0.204	0.262	21.5	19.3	17.1	15.7	14.44
CAF095	08/24/2012	0.199	0.198	0.233	0.204	0.262	20.9	19.03	17.1	15.79	14.5
CAF095	08/25/2012	0.198	0.198	0.233	0.203	0.261	20.15	18.72	17.06	15.8	14.58
CAF095	08/26/2012	0.198	0.197	0.232	0.203	0.26	20.14	18.45	16.96	15.8	14.6
CAF095	08/27/2012	0.199	0.197	0.232	0.202	0.259	20.43	18.3	16.87	15.8	14.61
CAF095	08/28/2012	0.198	0.197	0.232	0.202	0.257	20.31	18.29	16.8	15.8	14.7
CAF095	08/29/2012	0.198	0.197	0.232	0.201	0.256	20.4	18.22	16.8	15.8	14.7
CAF095	08/30/2012	0.198	0.197	0.232	0.201	0.255	19.84	18.18	16.75	15.71	14.7
CAF095	08/31/2012	0.197	0.197	0.232	0.201	0.254	19.75	18.04	16.7	15.7	14.7
CAF095	09/01/2012	0.197	0.197	0.232	0.2	0.253	19.6	17.88	16.65	15.7	14.7
CAF095	09/02/2012	0.196	0.197	0.232	0.2	0.252	18.94	17.75	16.6	15.7	14.7
CAF095	09/03/2012	0.195	0.196	0.231	0.2	0.251	18.43	17.48	16.51	15.7	14.7
CAF095	09/04/2012	0.195	0.196	0.231	0.2	0.25	18.52	17.28	16.41	15.63	14.7
CAF095	09/05/2012	0.196	0.196	0.231	0.199	0.249	18.58	17.18	16.31	15.6	14.7
CAF095	09/06/2012	0.196	0.196	0.231	0.199	0.248	18.87	17.15	16.25	15.55	14.7
CAF095	09/07/2012	0.196	0.196	0.23	0.199	0.248	18.77	17.16	16.2	15.5	14.67
CAF095	09/08/2012	0.196	0.195	0.23	0.199	0.247	18.87	17.15	16.2	15.5	14.6
CAF095	09/09/2012	0.197	0.196	0.23	0.198	0.246	19.61	17.22	16.2	15.48	14.6
CAF095	09/10/2012	0.196	0.196	0.23	0.198	0.245	19.21	17.38	16.2	15.4	14.6
CAF095	09/11/2012	0.194	0.196	0.23	0.198	0.245	17.7	17.3	16.2	15.4	14.6
CAF095	09/12/2012	0.193	0.195	0.23	0.198	0.245	16.8	16.87	16.16	15.4	14.6
CAF095	09/13/2012	0.193	0.194	0.23	0.198	0.245	16.58	16.47	16.02	15.4	14.6
CAF095	09/14/2012	0.194	0.194	0.23	0.198	0.245	16.91	16.25	15.85	15.35	14.6
CAF095	09/15/2012	0.194	0.194	0.23	0.198	0.245	17.5	16.23	15.73	15.28	14.56
CAF095	09/16/2012	0.194	0.194	0.23	0.198	0.244	17.62	16.35	15.7	15.2	14.5
CAF095	09/17/2012	0.194	0.194	0.23	0.198	0.244	17.22	16.35	15.7	15.2	14.5
CAF095	09/18/2012	0.194	0.194	0.23	0.198	0.243	17.17	16.28	15.62	15.1	14.48
CAF095	09/19/2012	0.194	0.194	0.23	0.198	0.242	17.28	16.22	15.6	15.1	14.4
CAF095	09/20/2012	0.194	0.194	0.23	0.198	0.242	17.1	16.2	15.6	15.1	14.4
CAF095	09/21/2012	0.194	0.194	0.23	0.198	0.241	17.22	16.18	15.5	15.03	14.4
CAF095	09/22/2012	0.194	0.194	0.23	0.198	0.24	17.19	16.19	15.5	15	14.4
CAF095	09/23/2012	0.194	0.194	0.23	0.198	0.24	17.08	16.19	15.5	15	14.35
CAF095	09/24/2012	0.193	0.194	0.23	0.198	0.24	16.5	16.08	15.5	15	14.3
CAF095	09/25/2012	0.193	0.194	0.231	0.198	0.239	16.5	15.96	15.41	14.99	14.3
CAF095	09/26/2012	0.192	0.194	0.23	0.198	0.238	16.08	15.85	15.38	14.9	14.3
CAF095	09/27/2012	0.192	0.194	0.23	0.198	0.237	15.85	15.67	15.3	14.9	14.3
CAF095	09/28/2012	0.192	0.193	0.23	0.198	0.236	15.87	15.5	15.21	14.88	14.3
CAF095	09/29/2012	0.192	0.193	0.23	0.198	0.234	16.06	15.46	15.14	14.8	14.23
CAF095	09/30/2012	0.192	0.193	0.23	0.198	0.233	15.95	15.46	15.1	14.8	14.2
CAF095	10/01/2012	0.191	0.193	0.23	0.198	0.231	15.49	15.37	15.06	14.7	14.2
CAF095	10/02/2012	0.191	0.193	0.23	0.198	0.229	15.37	15.25	15	14.7	14.2
CAF095	10/03/2012	0.19	0.192	0.23	0.198	0.229	14.53	15.06	14.91	14.66	14.11
CAF095	10/04/2012	0.189	0.192	0.23	0.198	0.23	13.5	14.74	14.83	14.6	14.1
CAF095	10/05/2012	0.188	0.191	0.23	0.198	0.231	12.58	14.28	14.65	14.55	14.1
CAF095	10/06/2012	0.187	0.191	0.23	0.198	0.231	11.79	13.79	14.44	14.45	14.01
CAF095	10/07/2012	0.187	0.19	0.229	0.198	0.232	11.65	13.35	14.2	14.34	13.98
CAF095	10/08/2012	0.187	0.19	0.229	0.198	0.232	11.77	13.09	13.97	14.2	13.9
CAF095	10/09/2012	0.187	0.19	0.229	0.197	0.232	11.78	12.97	13.78	14.06	13.77
CAF095	10/10/2012	0.187	0.189	0.229	0.197	0.232	11.8	12.87	13.64	13.94	13.67
CAF095	10/11/2012	0.187	0.189	0.229	0.197	0.232	11.88	12.79	13.52	13.83	13.58
CAF095	10/12/2012	0.187	0.189	0.229	0.197	0.232	11.85	12.73	13.42	13.72	13.5
CAF095	10/13/2012	0.188	0.19	0.229	0.198	0.233	12.21	12.7	13.33	13.63	13.42
CAF095	10/14/2012	0.188	0.19	0.229	0.198	0.234	12.2	12.79	13.3	13.55	13.35
CAF095	10/15/2012	0.188	0.19	0.229	0.198	0.234	12.64	12.85	13.3	13.5	13.28
CAF095	10/16/2012	0.189	0.19	0.23	0.198	0.235	13.07	13.03	13.3	13.45	13.2
CAF095	10/17/2012	0.187	0.19	0.23	0.198	0.236	11.11	13.02	13.3	13.4	13.2
CAF095	10/18/2012	0.186	0.189	0.23	0.199	0.236	9.912	12.51	13.23	13.4	13.1
CAF095	10/19/2012	0.186	0.189	0.231	0.199	0.237	10.33	12.08	13.05	13.35	13.1
CAF095	10/20/2012	0.187	0.189	0.23	0.199	0.238	10.75	12	12.88	13.26	13.04
CAF095	10/21/2012	0.186	0.189	0.23	0.199	0.239	9.312	11.87	12.78	13.17	13
CAF095	10/22/2012	0.184	0.188	0.231	0.199	0.24	8.175	11.41	12.63	13.08	12.91
CAF095	10/23/2012	0.184	0.188	0.23	0.199	0.241	7.233	10.85	12.41	12.97	12.85
CAF095	10/24/2012	0.183	0.187	0.23	0.199	0.242	6.663	10.34	12.14	12.85	12.78
CAF095	10/25/2012	0.183	0.187	0.23	0.2	0.243	6.583	9.929	11.86	12.67	12.68
CAF095	10/26/2012	0.183	0.186	0.23	0.2	0.244	6.158	9.646	11.61	12.51	12.57
CAF095	10/27/2012	0.183	0.186	0.23	0.2	0.246	5.971	9.337	11.38	12.34	12.46
CAF095	10/28/2012	0.185	0.186	0.229	0.2	0.247	6.967	9.2	11.16	12.17	12.34
CAF095	10/29/2012	0.211	0.187	0.229	0.2	0.25	8.8	9.396	11.01	12.01	12.22
CAF095	10/30/2012	0.237	0.187	0.23	0.2	0.252	9.438	9.887	11	11.89	12.1
CAF095	10/31/2012	0.243	0.188	0.231	0.201	0.254	9.996	10.24	11.08	11.8	12
CAF095	11/01/2012	0.246	0.189	0.231	0.201	0.256	10.17	10.54	11.17	11.8	11.91
CAF095	11/02/2012	0.249	0.19	0.232	0.201	0.258	9.917	10.65	11.27	11.8	11.88
CAF095	11/03/2012	0.253	0.19	0.233	0.201	0.259	9.858	10.7	11.3	11.8	11.8
CAF095	11/04/2012	0.255	0.19	0.234	0.202	0.261	9.892	10.7	11.3	11.8	11.8
CAF095	11/05/2012	0.256	0.19	0.234	0.202	0.263	10.22	10.7	11.3	11.8	11.8
CAF095	11/06/2012	0.257	0.191	0.235	0.202	0.266	10.48	10.85	11.33	11.8	11.72
CAF095	11/07/2012	0.257	0.191	0.235	0.203	0.268	10.48	10.96	11.4	11.8	11.7
CAF095	11/08/2012	0.254	0.192	0.235	0.203	0.272	8.592	10.86	11.4	11.8	11.7
CAF095	11/09/2012	0.252	0.191	0.236	0.203	0.275	7.008	10.25	11.34	11.78	11.7
CAF095	11/10/2012	0.253	0.189	0.236	0.204	0.278	5.846	9.583	11.12	11.7	11.69
CAF095	11/11/2012	0.253	0.189	0.236	0.204	0.28	4.825	8.929	10.84	11.61	11.6
CAF095	11/12/2012	0.252	0.189	0.236	0.204	0.284	4.125	8.317	10.52	11.46	11.57
CAF095	11/13/2012	0.267	0.189	0.235	0.204	0.289	3.767	7.817	10.2	11.29	11.47
CAF095	11/14/2012	0.313	0.188	0.235	0.204	0.301	3.879	7.408	9.887	11.1	11.37
CAF095	11/15/2012	0.318	0.188	0.234	0.204	0.317	4.525	7.3	9.625	10.9	11.25
CAF095	11/16/2012	0.316	0.188	0.235	0.204	0.34	4.808	7.3	9.45	10.73	11.13
CAF095	11/17/2012	0.315	0.188	0.235	0.204	0.358	5.137	7.308	9.329	10.57	10.99
CAF095	11/18/2012	0.317	0.189	0.235	0.205	0.365	5.442	7.446	9.254	10.44	10.87
CAF095	11/19/2012	0.332	0.19	0.235	0.205	0.375	5.162	7.446	9.2	10.34	10.77
CAF095	11/20/2012	0.343	0.19	0.236	0.205	0.39	5.808	7.379	9.121	10.25	10.67
CAF095	11/21/2012	0.342	0.21	0.236	0.206	0.407	6.363	7.475	9.038	10.16	10.58
CAF095	11/22/2012	0.336	0.244	0.236	0.206	0.415	5.521	7.587	9	10.1	10.5
CAF095	11/23/2012	0.333	0.257	0.236	0.207	0.42	4.762	7.371	8.992	10	10.41
CAF095	11/24/2012	0.341	0.276	0.236	0.207	0.426	5.092	7.092	8.858	9.95	10.34
CAF095	11/25/2012	0.338	0.296	0.237	0.207	0.432	5.225	7.083	8.729	9.858	10.29
CAF095	11/26/2012	0.334	0.292	0.237	0.208	0.436	4.475	7.004	8.65	9.771	10.2
CAF095	11/27/2012	0.331	0.287	0.237	0.208	0.439	3.796	6.712	8.538	9.683	10.08
CAF095	11/28/2012	0.33	0.284	0.238	0.209	0.441	3.667	6.4	8.354	9.575	9.996
CAF095	11/29/2012	0.331	0.281	0.238	0.209	0.442	4.088	6.221	8.188	9.458	9.9
CAF095	11/30/2012	0.34	0.281	0.239	0.209	0.443	4.933	6.275	8.067	9.337	9.813
CAF095	12/01/2012	0.34	0.285	0.239	0.21	0.444	5.575	6.533	8	9.237	9.7
CAF095	12/02/2012	0.347	0.327	0.241	0.211	0.444	5.708	6.754	8.083	9.192	9.613
CAF095	12/03/2012	0.342	0.313	0.241	0.211	0.445	5.438	6.896	8.1	9.1	9.538
CAF095	12/04/2012	0.346	0.312	0.242	0.212	0.444	5.429	6.9	8.1	9.1	9.5
CAF095	12/05/2012	0.347	0.319	0.243	0.213	0.445	5.813	6.9	8.033	9.038	9.417
CAF095	12/06/2012	0.343	0.314	0.244	0.214	0.445	5.042	6.963	8	9	9.4
CAF095	12/07/2012	0.345	0.312	0.246	0.216	0.444	4.312	6.75	8	8.996	9.308
CAF095	12/08/2012	0.343	0.325	0.247	0.217	0.445	3.738	6.417	7.858	8.9	9.3
CAF095	12/09/2012	0.337	0.312	0.247	0.218	0.446	3.283	6.112	7.692	8.829	9.208
CAF095	12/10/2012	0.333	0.306	0.249	0.22	0.446	3.008	5.825	7.512	8.725	9.163
CAF095	12/11/2012	0.334	0.303	0.249	0.222	0.445	2.833	5.583	7.325	8.596	9.083
CAF095	12/12/2012	0.343	0.305	0.251	0.227	0.445	2.675	5.363	7.146	8.462	8.992
CAF095	12/13/2012	0.344	0.322	0.251	0.23	0.446	2.6	5.146	6.958	8.337	8.896
CAF095	12/14/2012	0.341	0.317	0.253	0.233	0.446	2.558	5.017	6.792	8.2	8.792
CAF095	12/15/2012	0.339	0.314	0.256	0.237	0.446	2.5	4.913	6.658	8.067	8.692
CAF095	12/16/2012	0.339	0.314	0.259	0.24	0.446	2.492	4.808	6.546	7.954	8.592
CAF095	12/17/2012	0.343	0.315	0.264	0.244	0.445	2.442	4.725	6.433	7.842	8.496
CAF095	12/18/2012	0.342	0.322	0.268	0.246	0.446	2.4	4.642	6.333	7.729	8.4
CAF095	12/19/2012	0.339	0.323	0.28	0.247	0.446	2.333	4.587	6.237	7.612	8.3
CAF095	12/20/2012	0.336	0.323	0.306	0.249	0.445	2.3	4.5	6.154	7.504	8.217
CAF095	12/21/2012	0.335	0.323	0.327	0.251	0.445	2.3	4.433	6.075	7.404	8.125
CAF095	12/22/2012	0.336	0.323	0.338	0.255	0.444	2.258	4.4	6	7.304	8.042
CAF095	12/23/2012	0.338	0.324	0.347	0.258	0.444	2.2	4.313	5.908	7.2	7.963
CAF095	12/24/2012	0.339	0.326	0.358	0.261	0.444	2.2	4.3	5.854	7.108	7.892
CAF095	12/25/2012	0.34	0.328	0.369	0.262	0.443	2.2	4.212	5.8	7.029	7.8
CAF095	12/26/2012	0.34	0.33	0.379	0.265	0.443	2.2	4.2	5.717	6.958	7.704
CAF095	12/27/2012	0.341	0.331	0.385	0.267	0.443	2.287	4.2	5.7	6.896	7.6
CAF095	12/28/2012	0.341	0.332	0.389	0.268	0.443	2.3	4.133	5.608	6.8	7.546
CAF095	12/29/2012	0.34	0.335	0.392	0.271	0.444	2.3	4.1	5.6	6.75	7.475
CAF095	12/30/2012	0.339	0.335	0.394	0.274	0.444	2.3	4.1	5.554	6.7	7.4
CAF095	12/31/2012	0.338	0.335	0.397	0.277	0.445	2.3	4.1	5.5	6.629	7.342
CAF095	01/01/2013	0.338	0.335	0.398	0.279	0.445	2.3	4.1	5.5	6.6	7.3
CAF095	01/02/2013	0.337	0.335	0.399	0.282	0.445	2.3	4.008	5.438	6.533	7.204
CAF095	01/03/2013	0.336	0.335	0.399	0.291	0.445	2.225	4	5.4	6.5	7.187
CAF095	01/04/2013	0.335	0.335	0.4	0.3	0.444	2.133	4	5.4	6.446	7.1
CAF095	01/05/2013	0.334	0.334	0.4	0.306	0.444	2.1	3.933	5.333	6.4	7.1
CAF095	01/06/2013	NA	NA	NA	NA	NA	NA	NA	NA	NA	NA
CAF095	07/04/2013	NA	NA	NA	NA	NA	NA	NA	NA	NA	NA
CAF095	07/05/2013	0.218	0.204	0.235	0.215	0.416	19.69	16.3	13.94	12.54	11.42
CAF095	07/06/2013	0.217	0.204	0.235	0.212	0.415	19.24	16.2	14.02	12.65	11.54
CAF095	07/07/2013	0.215	0.203	0.234	0.208	0.412	19.21	16.09	14.1	12.8	11.67
CAF095	07/08/2013	0.215	0.202	0.233	0.205	0.403	19.39	16.08	14.13	12.92	11.82
CAF095	07/09/2013	0.213	0.202	0.231	0.202	0.39	19.39	16.18	14.2	13.02	11.92
CAF095	07/10/2013	0.213	0.201	0.23	0.199	0.375	19.83	16.27	14.3	13.11	12
CAF095	07/11/2013	0.212	0.201	0.23	0.196	0.347	20.18	16.44	14.38	13.2	12.1
CAF095	07/12/2013	0.21	0.2	0.229	0.195	0.322	19.52	16.55	14.5	13.29	12.2
CAF095	07/13/2013	0.209	0.199	0.229	0.194	0.3	19.19	16.46	14.6	13.39	12.29
CAF095	07/14/2013	0.208	0.199	0.228	0.192	0.294	19.11	16.3	14.6	13.46	12.37
CAF095	07/15/2013	0.208	0.198	0.227	0.191	0.296	19.43	16.29	14.6	13.5	12.43
CAF095	07/16/2013	0.207	0.198	0.227	0.19	0.279	19.61	16.36	14.6	13.6	12.5
CAF095	07/17/2013	0.207	0.198	0.226	0.189	0.268	20.11	16.5	14.7	13.6	12.58
CAF095	07/18/2013	0.206	0.198	0.226	0.188	0.259	20.06	16.73	14.77	13.7	12.6
CAF095	07/19/2013	0.206	0.197	0.226	0.187	0.252	20.25	16.8	14.88	13.75	12.7
CAF095	07/20/2013	0.206	0.197	0.226	0.186	0.238	20.72	16.93	14.96	13.82	12.75
CAF095	07/21/2013	0.205	0.197	0.226	0.185	0.224	20.96	17.11	15.06	13.9	12.81
CAF095	07/22/2013	0.205	0.197	0.225	0.184	0.21	21.16	17.26	15.17	13.98	12.9
CAF095	07/23/2013	0.205	0.197	0.225	0.184	0.201	21.42	17.43	15.28	14.07	12.97
CAF095	07/24/2013	0.205	0.197	0.225	0.183	0.201	21.92	17.63	15.39	14.15	13.05
CAF095	07/25/2013	0.205	0.197	0.225	0.183	0.196	22.21	17.85	15.54	14.24	13.13
CAF095	07/26/2013	0.205	0.197	0.225	0.183	0.191	22.18	18.07	15.67	14.35	13.21
CAF095	07/27/2013	0.205	0.197	0.225	0.183	0.188	22.15	18.18	15.83	14.47	13.33
CAF095	07/28/2013	0.204	0.197	0.225	0.183	0.189	21.78	18.27	15.94	14.58	13.42
CAF095	07/29/2013	0.203	0.197	0.225	0.183	0.184	21.44	18.23	16.02	14.69	13.5
CAF095	07/30/2013	0.203	0.197	0.225	0.182	0.183	21.5	18.2	16.1	14.8	13.6
CAF095	07/31/2013	0.203	0.197	0.225	0.182	0.184	21.53	18.22	16.13	14.88	13.68
CAF095	08/01/2013	0.202	0.197	0.225	0.184	0.187	21	18.28	16.2	14.95	13.75
CAF095	08/02/2013	0.201	0.197	0.226	0.188	0.191	19.64	18.15	16.28	15	13.85
CAF095	08/03/2013	0.199	0.197	0.226	0.188	0.19	18.58	17.8	16.24	15.1	13.92
CAF095	08/04/2013	0.199	0.196	0.226	0.187	0.186	18.68	17.45	16.14	15.1	14
CAF095	08/05/2013	0.2	0.196	0.226	0.185	0.183	19.4	17.32	16.03	15.1	14.04
CAF095	08/06/2013	0.201	0.196	0.226	0.184	0.182	19.95	17.42	16	15.1	14.1
CAF095	08/07/2013	0.201	0.196	0.226	0.183	0.182	20.52	17.61	16	15.1	14.1
CAF095	08/08/2013	0.202	0.196	0.226	0.183	0.182	20.78	17.82	16.1	15.1	14.1
CAF095	08/09/2013	0.202	0.196	0.226	0.182	0.181	21.12	17.97	16.2	15.2	14.15
CAF095	08/10/2013	0.202	0.197	0.226	0.182	0.181	21.8	18.21	16.29	15.24	14.2
CAF095	08/11/2013	0.203	0.197	0.226	0.182	0.182	22.17	18.51	16.44	15.31	14.25
CAF095	08/12/2013	0.203	0.197	0.226	0.183	0.182	22.13	18.75	16.59	15.41	14.31
CAF095	08/13/2013	0.203	0.198	0.226	0.183	0.182	22.22	18.88	16.74	15.52	14.4
CAF095	08/14/2013	0.203	0.198	0.227	0.182	0.182	22.25	18.99	16.86	15.62	14.47
CAF095	08/15/2013	0.203	0.198	0.227	0.182	0.182	22.45	19.1	16.96	15.72	14.54
CAF095	08/16/2013	0.203	0.198	0.227	0.182	0.182	22.56	19.25	17.07	15.81	14.62
CAF095	08/17/2013	0.203	0.198	0.227	0.183	0.182	22.7	19.35	17.17	15.9	14.7
CAF095	08/18/2013	0.202	0.198	0.227	0.183	0.182	22.29	19.43	17.27	16	14.78
CAF095	08/19/2013	0.202	0.198	0.227	0.183	0.182	21.97	19.39	17.35	16.09	14.85
CAF095	08/20/2013	0.201	0.198	0.227	0.183	0.182	21.68	19.3	17.4	16.17	14.92
CAF095	08/21/2013	0.2	0.198	0.227	0.183	0.182	21.24	19.18	17.4	16.2	15
CAF095	08/22/2013	0.199	0.198	0.227	0.183	0.182	21.05	19.07	17.4	16.3	15.05
CAF095	08/23/2013	0.199	0.198	0.227	0.184	0.183	20.85	18.97	17.4	16.3	15.1
CAF095	08/24/2013	0.198	0.197	0.227	0.184	0.183	20.38	18.88	17.4	16.3	15.15
CAF095	08/25/2013	0.199	0.197	0.227	0.183	0.182	20.59	18.78	17.3	16.3	15.2
CAF095	08/26/2013	0.198	0.198	0.227	0.184	0.183	20.54	18.73	17.3	16.3	15.2
CAF095	08/27/2013	0.198	0.197	0.227	0.184	0.184	19.88	18.65	17.3	16.3	15.22
CAF095	08/28/2013	0.198	0.197	0.227	0.184	0.183	20.05	18.5	17.25	16.32	15.3
CAF095	08/29/2013	0.198	0.197	0.227	0.184	0.183	20.23	18.49	17.2	16.3	15.3
CAF095	08/30/2013	0.198	0.197	0.227	0.184	0.183	20.18	18.5	17.2	16.3	15.3
CAF095	08/31/2013	0.198	0.197	0.227	0.184	0.182	20.13	18.5	17.2	16.3	15.3
CAF095	09/01/2013	0.198	0.197	0.227	0.183	0.182	20.32	18.48	17.2	16.31	15.3
CAF095	09/02/2013	0.198	0.197	0.227	0.184	0.183	20.39	18.55	17.2	16.39	15.3
CAF095	09/03/2013	0.197	0.197	0.227	0.186	0.183	19.71	18.55	17.2	16.4	15.35
CAF095	09/04/2013	0.197	0.197	0.227	0.185	0.183	19.63	18.44	17.2	16.4	15.4
CAF095	09/05/2013	0.197	0.198	0.227	0.186	0.184	19.85	18.4	17.2	16.4	15.4
CAF095	09/06/2013	0.197	0.198	0.228	0.187	0.185	19.37	18.38	17.2	16.4	15.4
CAF095	09/07/2013	0.196	0.197	0.228	0.188	0.183	18.45	18.16	17.14	16.4	15.4
CAF095	09/08/2013	0.195	0.197	0.228	0.188	0.184	18.15	17.86	17.05	16.32	15.4
CAF095	09/09/2013	0.195	0.196	0.228	0.187	0.183	17.9	17.62	16.94	16.3	15.4
CAF095	09/10/2013	0.195	0.196	0.228	0.186	0.182	18.23	17.5	16.83	16.28	15.4
CAF095	09/11/2013	0.196	0.196	0.228	0.185	0.182	18.69	17.49	16.79	16.2	15.4
CAF095	09/12/2013	0.196	0.196	0.228	0.184	0.182	19.08	17.58	16.7	16.2	15.4
CAF095	09/13/2013	0.197	0.196	0.228	0.184	0.182	19.28	17.74	16.79	16.2	15.33
CAF095	09/14/2013	0.197	0.197	0.228	0.184	0.181	19.47	17.85	16.8	16.2	15.3
CAF095	09/15/2013	0.198	0.197	0.228	0.183	0.181	19.98	17.96	16.82	16.2	15.32
CAF095	09/16/2013	0.198	0.198	0.228	0.184	0.182	20.15	18.19	16.9	16.2	15.4
CAF095	09/17/2013	0.196	0.198	0.228	0.186	0.182	18.4	18.15	17	16.27	15.4
CAF095	09/18/2013	0.195	0.198	0.228	0.188	0.183	16.89	17.71	16.97	16.3	15.4
CAF095	09/19/2013	0.193	0.196	0.229	0.19	0.184	15.7	17.16	16.82	16.3	15.4
CAF095	09/20/2013	0.193	0.196	0.229	0.19	0.183	15.46	16.62	16.6	16.22	15.4
CAF095	09/21/2013	0.193	0.195	0.229	0.19	0.183	15.74	16.31	16.37	16.13	15.4
CAF095	09/22/2013	0.193	0.195	0.229	0.191	0.183	15.2	16.14	16.2	16.03	15.33
CAF095	09/23/2013	0.192	0.195	0.229	0.191	0.183	14.7	15.85	16.03	15.92	15.3
CAF095	09/24/2013	0.192	0.195	0.228	0.192	0.184	14.29	15.58	15.85	15.82	15.2
CAF095	09/25/2013	0.192	0.195	0.229	0.192	0.185	13.79	15.31	15.68	15.7	15.16
CAF095	09/26/2013	0.191	0.194	0.229	0.193	0.185	13.12	14.98	15.5	15.58	15.1
CAF095	09/27/2013	0.191	0.194	0.229	0.193	0.185	12.48	14.63	15.3	15.46	15
CAF095	09/28/2013	0.191	0.194	0.228	0.193	0.186	12.23	14.26	15.08	15.34	14.92
CAF095	09/29/2013	0.191	0.193	0.228	0.194	0.187	12.35	14.05	14.87	15.2	14.84
CAF095	09/30/2013	0.191	0.193	0.228	0.194	0.187	11.78	13.85	14.68	15.05	14.72
CAF095	10/01/2013	0.191	0.192	0.228	0.194	0.188	11.23	13.57	14.5	14.93	14.63
CAF095	10/02/2013	0.191	0.192	0.228	0.194	0.188	10.58	13.26	14.3	14.78	14.53
CAF095	10/03/2013	0.191	0.192	0.228	0.194	0.188	10.22	12.91	14.1	14.64	14.42
CAF095	10/04/2013	0.191	0.191	0.228	0.194	0.189	9.679	12.58	13.88	14.49	14.32
CAF095	10/05/2013	0.191	0.191	0.228	0.194	0.189	9.325	12.22	13.65	14.34	14.2
CAF095	10/06/2013	0.192	0.19	0.228	0.194	0.189	9.675	11.96	13.42	14.17	14.08
CAF095	10/07/2013	0.193	0.19	0.228	0.194	0.189	9.938	11.9	13.25	14.03	13.96
CAF095	10/08/2013	0.193	0.191	0.228	0.194	0.19	9.854	11.88	13.12	13.88	13.85
CAF095	10/09/2013	0.193	0.191	0.229	0.194	0.191	9.137	11.75	13	13.76	13.72
CAF095	10/10/2013	0.193	0.19	0.229	0.194	0.192	8.908	11.49	12.86	13.65	13.62
CAF095	10/11/2013	0.194	0.19	0.229	0.194	0.192	9.279	11.3	12.71	13.53	13.51
CAF095	10/12/2013	0.195	0.19	0.229	0.194	0.193	9.763	11.3	12.58	13.42	13.41
CAF095	10/13/2013	0.195	0.19	0.229	0.195	0.194	9.625	11.36	12.5	13.31	13.3
CAF095	10/14/2013	0.194	0.19	0.229	0.195	0.194	8.825	11.26	12.42	13.23	13.2
CAF095	10/15/2013	0.194	0.19	0.23	0.195	0.195	7.942	10.95	12.33	13.15	13.11
CAF095	10/16/2013	0.194	0.189	0.23	0.195	0.195	7.95	10.61	12.15	13.06	13.03
CAF095	10/17/2013	0.194	0.189	0.23	0.195	0.196	7.967	10.47	11.99	12.95	12.95
CAF095	10/18/2013	0.194	0.189	0.23	0.195	0.196	7.579	10.3	11.85	12.84	12.84
CAF095	10/19/2013	0.194	0.189	0.23	0.195	0.197	7.45	10.12	11.72	12.73	12.75
CAF095	10/20/2013	0.194	0.189	0.23	0.195	0.197	7.408	9.992	11.58	12.62	12.66
CAF095	10/21/2013	0.195	0.188	0.23	0.195	0.197	7.533	9.9	11.47	12.51	12.58
CAF095	10/22/2013	0.195	0.188	0.23	0.195	0.198	7.883	9.9	11.38	12.41	12.47
CAF095	10/23/2013	0.196	0.189	0.23	0.195	0.198	8.158	9.971	11.3	12.32	12.4
CAF095	10/24/2013	0.196	0.189	0.231	0.195	0.198	8.288	10.05	11.3	12.26	12.3
CAF095	10/25/2013	0.196	0.189	0.231	0.195	0.199	8.096	10.1	11.3	12.2	12.23
CAF095	10/26/2013	0.196	0.189	0.231	0.195	0.2	7.875	10	11.21	12.15	12.19
CAF095	10/27/2013	0.196	0.189	0.231	0.195	0.201	7.608	9.933	11.2	12.1	12.1
CAF095	10/28/2013	0.196	0.189	0.231	0.196	0.203	7.596	9.8	11.1	12.05	12.05
CAF095	10/29/2013	0.195	0.188	0.232	0.196	0.204	6.512	9.658	11.03	12	12
CAF095	10/30/2013	0.194	0.188	0.232	0.196	0.207	5.433	9.275	10.9	11.9	11.93
CAF095	10/31/2013	0.194	0.188	0.231	0.196	0.209	5.442	8.858	10.71	11.82	11.88
CAF095	11/01/2013	0.195	0.187	0.231	0.196	0.212	5.696	8.692	10.52	11.7	11.8
CAF095	11/02/2013	0.195	0.188	0.231	0.196	0.215	6.154	8.6	10.37	11.57	11.7
CAF095	11/03/2013	0.195	0.188	0.231	0.196	0.218	6.158	8.696	10.29	11.47	11.6
CAF095	11/04/2013	0.195	0.188	0.231	0.196	0.222	5.737	8.604	10.2	11.37	11.52
CAF095	11/05/2013	0.194	0.188	0.231	0.196	0.225	5.033	8.421	10.1	11.28	11.44
CAF095	11/06/2013	0.194	0.188	0.231	0.196	0.229	4.783	8.146	9.962	11.18	11.36
CAF095	11/07/2013	0.197	0.187	0.231	0.196	0.232	5.517	8	9.808	11.07	11.27
CAF095	11/08/2013	0.206	0.187	0.231	0.196	0.235	5.938	8.05	9.7	10.95	11.18
CAF095	11/09/2013	0.21	0.188	0.231	0.197	0.237	5.704	8.1	9.608	10.85	11.09
CAF095	11/10/2013	0.214	0.188	0.232	0.197	0.239	6.067	8.1	9.6	10.78	11
CAF095	11/11/2013	0.216	0.188	0.232	0.197	0.24	6.429	8.167	9.5	10.7	10.9
CAF095	11/12/2013	0.218	0.188	0.232	0.198	0.242	6.475	8.258	9.5	10.64	10.83
CAF095	11/13/2013	0.219	0.188	0.232	0.199	0.244	6.65	8.308	9.5	10.6	10.79
CAF095	11/14/2013	0.22	0.188	0.233	0.2	0.246	6.308	8.379	9.5	10.6	10.7
CAF095	11/15/2013	0.221	0.188	0.233	0.201	0.248	6.079	8.292	9.5	10.5	10.67
CAF095	11/16/2013	0.223	0.188	0.233	0.203	0.25	5.375	8.146	9.458	10.5	10.6
CAF095	11/17/2013	0.229	0.188	0.233	0.206	0.252	5	7.888	9.354	10.44	10.58
CAF095	11/18/2013	0.234	0.188	0.233	0.21	0.254	5.196	7.704	9.233	10.37	10.5
CAF095	11/19/2013	0.237	0.188	0.233	0.213	0.256	5.438	7.6	9.121	10.29	10.45
CAF095	11/20/2013	0.24	0.188	0.233	0.217	0.257	5.333	7.65	9.042	10.2	10.39
CAF095	11/21/2013	0.241	0.188	0.233	0.219	0.258	3.933	7.45	8.983	10.12	10.3
CAF095	11/22/2013	0.241	0.188	0.233	0.221	0.259	3.117	6.992	8.842	10.05	10.24
CAF095	11/23/2013	0.242	0.187	0.233	0.222	0.261	2.637	6.533	8.625	9.95	10.17
CAF095	11/24/2013	0.242	0.187	0.233	0.224	0.262	2.308	6.167	8.4	9.829	10.05
CAF095	11/25/2013	0.242	0.187	0.233	0.225	0.263	2.079	5.863	8.179	9.671	9.958
CAF095	11/26/2013	0.242	0.186	0.232	0.227	0.264	1.942	5.612	7.975	9.538	9.858
CAF095	11/27/2013	0.242	0.186	0.232	0.229	0.265	1.837	5.425	7.788	9.383	9.725
CAF095	11/28/2013	0.241	0.186	0.232	0.231	0.266	1.733	5.25	7.629	9.246	9.604
CAF095	11/29/2013	0.241	0.186	0.232	0.233	0.267	1.575	5.112	7.467	9.071	9.479
CAF095	11/30/2013	0.241	0.186	0.232	0.234	0.268	1.5	4.967	7.342	8.942	9.367
CAF095	12/01/2013	0.243	0.185	0.233	0.236	0.271	1.5	4.863	7.208	8.775	9.25
CAF095	12/02/2013	0.251	0.186	0.233	0.239	0.273	1.558	4.813	7.096	8.629	9.146
CAF095	12/03/2013	0.263	0.187	0.233	0.241	0.274	1.7	4.9	7	8.513	9.038
CAF095	12/04/2013	0.265	0.186	0.233	0.243	0.275	1.725	4.804	6.967	8.404	8.942
CAF095	12/05/2013	0.265	0.186	0.233	0.243	0.278	1.8	4.708	6.883	8.317	8.854
CAF095	12/06/2013	0.264	0.186	0.233	0.244	0.281	1.758	4.604	6.788	8.229	8.771
CAF095	12/07/2013	0.264	0.186	0.233	0.245	0.284	1.683	4.488	6.692	8.146	8.687
CAF095	12/08/2013	0.263	0.186	0.233	0.245	0.286	1.546	4.367	6.587	8.058	8.6
CAF095	12/09/2013	0.261	0.186	0.233	0.246	0.289	1.375	4.233	6.479	7.967	8.504
CAF095	12/10/2013	0.26	0.186	0.233	0.246	0.293	1.258	4.079	6.371	7.871	8.425
CAF095	12/11/2013	0.259	0.186	0.233	0.247	0.297	1.2	3.971	6.258	7.767	8.342
CAF095	12/12/2013	0.259	0.186	0.233	0.248	0.305	1.2	3.9	6.154	7.671	8.267
CAF095	12/13/2013	0.258	0.186	0.233	0.249	0.312	1.2	3.8	6.067	7.571	8.179
CAF095	12/14/2013	0.257	0.187	0.233	0.249	0.317	1.2	3.796	5.988	7.483	8.1
CAF095	12/15/2013	0.256	0.187	0.234	0.25	0.329	1.2	3.7	5.9	7.4	8
CAF095	12/16/2013	0.255	0.187	0.234	0.25	0.338	1.2	3.7	5.829	7.3	7.929
CAF095	12/17/2013	0.254	0.187	0.234	0.252	0.353	1.2	3.7	5.8	7.225	7.863
CAF095	12/18/2013	0.254	0.187	0.234	0.255	0.39	1.2	3.7	5.7	7.162	7.8
CAF095	12/19/2013	0.254	0.187	0.234	0.258	0.419	1.204	3.617	5.7	7.1	7.687
CAF095	12/20/2013	0.254	0.187	0.234	0.26	0.428	1.2	3.6	5.604	7.021	7.6
CAF095	12/21/2013	0.253	0.187	0.234	0.265	0.437	1.2	3.6	5.6	6.988	7.546
CAF095	12/22/2013	0.254	0.186	0.235	0.265	0.441	1.2	3.6	5.55	6.9	7.479
CAF095	12/23/2013	0.263	0.274	0.236	0.265	0.446	1.179	3.192	5.496	6.871	7.4
CAF095	12/24/2013	0.271	0.327	0.236	0.266	0.452	1.1	3.179	5.367	6.8	7.358
CAF095	12/25/2013	0.274	0.297	0.235	0.267	0.456	1.167	3.45	5.3	6.717	7.296
CAF095	12/26/2013	0.273	0.288	0.235	0.269	0.459	1.2	3.5	5.3	6.671	7.2
CAF095	12/27/2013	0.273	0.281	0.235	0.271	0.46	1.2	3.5	5.246	6.6	7.146
CAF095	12/28/2013	0.272	0.277	0.236	0.272	0.46	1.2	3.5	5.2	6.562	7.1
CAF095	12/29/2013	0.271	0.274	0.236	0.273	0.46	1.2	3.5	5.2	6.5	7.029
CAF095	12/30/2013	0.271	0.269	0.236	0.274	0.46	1.2	3.5	5.175	6.479	7
CAF095	12/31/2013	0.269	0.266	0.237	0.275	0.459	1.2	3.5	5.1	6.4	6.925
CAF095	01/01/2014	0.269	0.263	0.237	0.275	0.46	1.2	3.5	5.1	6.4	6.9
CAF095	01/02/2014	0.268	0.262	0.238	0.278	0.459	1.2	3.404	5.096	6.317	6.842
CAF095	01/03/2014	0.267	0.26	0.238	0.287	0.459	1.2	3.4	5	6.3	6.8
CAF095	01/04/2014	0.269	0.258	0.238	0.289	0.46	1.2	3.4	5	6.212	6.742
CAF095	01/05/2014	0.269	0.257	0.238	0.289	0.46	1.125	3.4	4.938	6.2	6.7
CAF095	01/06/2014	0.269	0.256	0.238	0.29	0.46	0.9542	3.342	4.9	6.1	6.637
CAF095	01/07/2014	0.268	0.253	0.238	0.292	0.46	0.8292	3.3	4.9	6.1	6.6
CAF095	01/08/2014	0.267	0.271	0.249	0.292	0.459	0.8	3.179	4.796	6.033	6.562
CAF095	01/09/2014	0.266	0.376	0.407	0.403	0.458	0.8	2.375	4.358	5.975	6.5
CAF095	01/10/2014	0.265	0.356	0.4	0.372	0.457	0.8	2.733	4.4	5.863	6.446
CAF095	01/11/2014	0.265	0.366	0.407	0.378	0.456	0.8	2.838	4.4	5.779	6.392
CAF095	01/12/2014	0.265	0.328	0.396	0.367	0.457	0.8417	2.988	4.4	5.7	6.3
CAF095	01/13/2014	0.265	0.318	0.387	0.337	0.458	0.9	3.083	4.4	5.646	6.25
CAF095	01/14/2014	0.266	0.316	0.382	0.327	0.458	0.9125	3.1	4.4	5.6	6.2
CAF095	01/15/2014	0.266	0.313	0.378	0.327	0.458	1	3.1	4.4	5.6	6.175
CAF095	01/16/2014	0.266	0.309	0.375	0.327	0.457	1	3.1	4.4	5.525	6.1
CAF095	01/17/2014	0.267	0.307	0.373	0.328	0.457	1	3.1	4.4	5.5	6.1
CAF095	01/18/2014	0.267	0.304	0.371	0.328	0.456	1.092	3.1	4.4	5.5	6.046
CAF095	01/19/2014	0.268	0.302	0.369	0.329	0.456	1.1	3.1	4.379	5.5	6
CAF095	01/20/2014	0.268	0.3	0.368	0.326	0.456	1.1	3.1	4.3	5.463	5.963
CAF095	01/21/2014	0.269	0.298	0.366	0.327	0.456	1.1	3.1	4.3	5.4	5.9
CAF095	01/22/2014	0.269	0.297	0.365	0.328	0.456	1.1	3.1	4.3	5.4	5.9
CAF095	01/23/2014	0.269	0.295	0.364	0.327	0.456	1.1	3.1	4.3	5.4	5.9
CAF095	01/24/2014	0.27	0.294	0.363	0.326	0.456	1.1	3.1	4.3	5.4	5.883
CAF095	01/25/2014	0.27	0.293	0.362	0.328	0.455	1.167	3.1	4.3	5.367	5.8
CAF095	01/26/2014	0.27	0.292	0.361	0.329	0.455	1.2	3.1	4.3	5.3	5.8
CAF095	01/27/2014	0.271	0.291	0.361	0.328	0.455	1.2	3.1	4.3	5.3	5.8
CAF095	01/28/2014	0.271	0.289	0.36	0.328	0.455	1.2	3.1	4.283	5.3	5.733
CAF095	01/29/2014	0.271	0.294	0.361	0.333	0.454	1.2	3.092	4.2	5.3	5.7
CAF095	01/30/2014	0.271	0.33	0.37	0.334	0.453	1.15	3	4.2	5.263	5.7
CAF095	01/31/2014	0.271	0.323	0.37	0.332	0.453	1.1	3	4.2	5.2	5.7
CAF095	02/01/2014	0.273	0.32	0.368	0.331	0.453	1.1	3	4.2	5.2	5.658
CAF095	02/02/2014	0.276	0.314	0.367	0.333	0.453	1.1	3	4.104	5.2	5.6
CAF095	02/03/2014	0.277	0.311	0.367	0.333	0.453	1.1	3	4.1	5.137	5.6
CAF095	02/04/2014	0.279	0.308	0.366	0.331	0.453	1.179	3	4.1	5.1	5.6
CAF095	02/05/2014	0.281	0.306	0.365	0.33	0.454	1.2	3	4.1	5.1	5.567
CAF095	02/06/2014	0.282	0.305	0.364	0.333	0.453	1.196	3	4.1	5.1	5.5
CAF095	02/07/2014	0.282	0.303	0.363	0.336	0.453	1.1	2.967	4.087	5.083	5.5
CAF095	02/08/2014	0.282	0.301	0.363	0.334	0.453	1.1	2.9	4	5	5.5
CAF095	02/09/2014	0.282	0.299	0.363	0.333	0.453	1.1	2.9	4	5	5.471
CAF095	02/10/2014	0.282	0.298	0.362	0.333	0.453	1.1	2.9	4	5	5.4
CAF095	02/11/2014	0.281	0.293	0.363	0.335	0.452	1.1	2.9	4	4.988	5.4
CAF095	02/12/2014	0.297	0.349	0.399	0.389	0.453	0.9333	2.704	3.887	4.9	5.4
CAF095	02/13/2014	0.348	0.408	0.424	0.445	0.457	0.7417	2.629	3.8	4.833	5.333
CAF095	02/14/2014	0.348	0.406	0.426	0.447	0.457	0.9125	2.7	3.754	4.8	5.3
CAF095	02/15/2014	0.35	0.406	0.426	0.447	0.457	1.138	2.7	3.7	4.712	5.296
CAF095	02/16/2014	0.352	0.407	0.427	0.448	0.457	1.554	2.7	3.7	4.7	5.2
CAF095	02/17/2014	0.352	0.408	0.427	0.448	0.456	1.821	2.767	3.7	4.7	5.2
CAF095	02/18/2014	0.355	0.408	0.428	0.448	0.457	2.108	2.863	3.721	4.7	5.2
CAF095	02/19/2014	0.356	0.41	0.43	0.448	0.457	2.35	3.008	3.8	4.7	5.129
CAF095	02/20/2014	0.355	0.41	0.43	0.447	0.455	2.017	3.1	3.858	4.7	5.1
CAF095	02/21/2014	0.355	0.411	0.431	0.447	0.455	1.896	3.1	3.9	4.7	5.1
CAF095	02/22/2014	0.349	0.413	0.432	0.447	0.454	1.975	3.1	3.9	4.7	5.1
CAF095	02/23/2014	0.345	0.411	0.432	0.446	0.454	2.029	3.146	3.904	4.7	5.1
CAF095	02/24/2014	0.345	0.411	0.433	0.446	0.454	1.925	3.2	4	4.7	5.1
CAF095	02/25/2014	0.347	0.413	0.434	0.446	0.454	1.9	3.2	4	4.7	5.1
CAF095	02/26/2014	0.35	0.414	0.434	0.446	0.454	1.9	3.196	4	4.7	5.1
CAF095	02/27/2014	0.353	0.414	0.434	0.446	0.453	1.842	3.175	3.996	4.671	5.1
CAF095	02/28/2014	0.355	0.414	0.433	0.446	0.453	1.817	3.1	3.921	4.6	5.1
CAF095	03/01/2014	0.355	0.417	0.434	0.445	0.453	1.875	3.104	3.9	4.6	5.1
CAF095	03/02/2014	0.351	0.417	0.435	0.445	0.453	1.721	3.1	3.9	4.6	5.042
CAF095	03/03/2014	0.359	0.417	0.434	0.445	0.453	1.854	3.1	3.9	4.6	5
CAF095	03/04/2014	0.362	0.421	0.435	0.445	0.455	2.504	3.133	3.9	4.6	5
CAF095	03/05/2014	0.362	0.42	0.437	0.445	0.454	3.25	3.308	3.9	4.546	5
CAF095	03/06/2014	0.365	0.423	0.435	0.444	0.454	4.1	3.6	3.996	4.542	5
CAF095	03/07/2014	0.366	0.423	0.438	0.445	0.454	4.6	3.95	4.142	4.6	5
CAF095	03/08/2014	0.365	0.421	0.438	0.445	0.453	4.746	4.283	4.325	4.662	5
CAF095	03/09/2014	0.367	0.424	0.436	0.445	0.453	5.396	4.537	4.517	4.758	5
CAF095	03/10/2014	0.368	0.425	0.438	0.445	0.454	6.021	4.879	4.696	4.879	5.092
CAF095	03/11/2014	0.366	0.423	0.44	0.446	0.453	5.512	5.175	4.917	5.025	5.125
CAF095	03/12/2014	0.361	0.422	0.44	0.446	0.452	5.387	5.279	5.1	5.158	5.2
CAF095	03/13/2014	0.355	0.42	0.44	0.445	0.451	5.446	5.3	5.221	5.279	5.3
CAF095	03/14/2014	0.355	0.419	0.44	0.445	0.451	5.483	5.383	5.308	5.383	5.358
CAF095	03/15/2014	0.354	0.419	0.441	0.445	0.451	5.125	5.404	5.4	5.475	5.425
CAF095	03/16/2014	0.351	0.417	0.441	0.445	0.451	5.337	5.4	5.475	5.558	5.5
CAF095	03/17/2014	0.357	0.417	0.44	0.445	0.451	5.521	5.5	5.5	5.625	5.579
CAF095	03/18/2014	0.352	0.417	0.441	0.445	0.45	4.938	5.537	5.583	5.7	5.6
CAF095	03/19/2014	0.349	0.414	0.441	0.445	0.45	4.788	5.442	5.6	5.796	5.687
CAF095	03/20/2014	0.346	0.413	0.442	0.445	0.45	4.754	5.4	5.6	5.8	5.7
CAF095	03/21/2014	0.343	0.411	0.442	0.444	0.45	4.346	5.292	5.6	5.838	5.783
CAF095	03/22/2014	0.341	0.405	0.442	0.444	0.45	4.25	5.179	5.6	5.896	5.8
CAF095	03/23/2014	0.34	0.399	0.441	0.444	0.449	4.712	5.1	5.504	5.9	5.8
CAF095	03/24/2014	0.339	0.397	0.441	0.444	0.449	4.954	5.183	5.5	5.9	5.883
CAF095	03/25/2014	0.338	0.395	0.441	0.444	0.449	5.404	5.304	5.521	5.9	5.9
CAF095	03/26/2014	0.337	0.392	0.44	0.444	0.448	5.563	5.467	5.6	5.9	5.9
CAF095	03/27/2014	0.338	0.384	0.44	0.444	0.448	5.938	5.629	5.671	5.958	5.9
CAF095	03/28/2014	0.339	0.385	0.441	0.444	0.448	5.912	5.779	5.763	6	5.9
CAF095	03/29/2014	0.347	0.4	0.441	0.444	0.448	6.212	5.908	5.854	6.087	5.988
CAF095	03/30/2014	0.344	0.411	0.442	0.444	0.449	6.475	6.067	5.942	6.129	6
CAF095	03/31/2014	0.342	0.408	0.442	0.444	0.448	6.292	6.192	6.05	6.2	6.029
CAF095	04/01/2014	0.34	0.404	0.442	0.444	0.448	6.696	6.254	6.121	6.3	6.1
CAF095	04/02/2014	0.339	0.402	0.442	0.444	0.448	6.808	6.371	6.2	6.358	6.108
CAF095	04/03/2014	0.337	0.394	0.442	0.444	0.447	6.671	6.429	6.296	6.408	6.2
CAF095	04/04/2014	0.337	0.389	0.442	0.444	0.447	7.1	6.517	6.35	6.5	6.2
CAF095	04/05/2014	0.337	0.388	0.441	0.444	0.446	6.987	6.658	6.429	6.562	6.279
CAF095	04/06/2014	0.337	0.382	0.441	0.444	0.446	7.296	6.733	6.504	6.604	6.3
CAF095	04/07/2014	0.337	0.38	0.441	0.445	0.446	7.587	6.863	6.6	6.7	6.371
CAF095	04/08/2014	0.337	0.378	0.44	0.444	0.445	8.558	7.054	6.7	6.783	6.4
CAF095	04/09/2014	0.337	0.376	0.44	0.444	0.445	9.171	7.388	6.842	6.867	6.475
CAF095	04/10/2014	0.336	0.375	0.439	0.444	0.445	9.044	7.6	6.967	6.911	6.5
CAF095	04/11/2014	NA	NA	NA	NA	NA	NA	NA	NA	NA	NA
