CAF061	05/12/2008	NA	NA	NA	NA	NA	NA	NA	NA	NA	NA
CAF061	05/13/2008	0.47	0.495	NA	0.46	NA	9.31	8.7	NA	7.62	NA
CAF061	05/14/2008	0.469	0.495	NA	0.461	NA	10	8.7	NA	7.7	NA
CAF061	05/15/2008	0.467	0.495	NA	0.461	NA	12.12	8.87	NA	7.7	NA
CAF061	05/16/2008	0.464	0.494	NA	0.461	NA	14.1	9.3	NA	7.78	NA
CAF061	05/17/2008	0.461	0.494	NA	0.46	NA	15.2	9.92	NA	7.89	NA
CAF061	05/18/2008	0.458	0.494	NA	0.46	NA	15.65	10.53	NA	8.09	NA
CAF061	05/19/2008	0.458	0.494	NA	0.46	NA	15.24	11	NA	8.33	NA
CAF061	05/20/2008	0.457	0.494	NA	0.46	NA	14.6	11.33	NA	8.59	NA
CAF061	05/21/2008	0.459	0.494	NA	0.461	NA	12.17	11.44	NA	8.83	NA
CAF061	05/22/2008	0.458	0.494	NA	0.461	NA	11.27	11.17	NA	9.04	NA
CAF061	05/23/2008	0.456	0.493	NA	0.461	NA	11.6	10.89	NA	9.13	NA
CAF061	05/24/2008	0.456	0.493	NA	0.461	NA	12.15	10.78	NA	9.2	NA
CAF061	05/25/2008	0.455	0.493	NA	0.461	NA	13.65	10.82	NA	9.2	NA
CAF061	05/26/2008	0.454	0.493	NA	0.46	NA	14.03	11.08	NA	9.25	NA
CAF061	05/27/2008	0.457	0.493	NA	0.46	NA	14.51	11.34	NA	9.33	NA
CAF061	05/28/2008	0.463	0.493	NA	0.461	NA	14.91	11.59	NA	9.45	NA
CAF061	05/29/2008	0.464	0.492	NA	0.461	NA	14.42	11.62	NA	9.57	NA
CAF061	05/30/2008	0.462	0.494	NA	0.461	NA	14.82	11.9	NA	9.71	NA
CAF061	05/31/2008	0.459	0.493	NA	0.461	NA	16.16	12.05	NA	9.83	NA
CAF061	06/01/2008	0.462	0.494	NA	0.461	NA	16.37	12.36	NA	9.95	NA
CAF061	06/02/2008	0.461	0.493	NA	0.461	NA	15.36	12.6	NA	10.09	NA
CAF061	06/03/2008	0.46	0.493	NA	0.461	NA	14.18	12.59	NA	10.25	NA
CAF061	06/04/2008	0.461	0.493	NA	0.461	NA	13.23	12.45	NA	10.37	NA
CAF061	06/05/2008	0.46	0.493	0.419	0.461	0.451	13.47	12.28	NA	10.46	NA
CAF061	06/06/2008	0.461	0.493	0.42	0.461	0.452	12.63	12.19	NA	10.5	NA
CAF061	06/07/2008	0.462	0.493	0.42	0.461	0.453	11.42	12	NA	10.5	NA
CAF061	06/08/2008	0.457	0.493	0.421	0.461	0.453	11.8	11.7	NA	10.5	NA
CAF061	06/09/2008	0.455	0.492	0.421	0.46	0.453	13.06	11.61	NA	10.5	NA
CAF061	06/10/2008	0.459	0.492	0.421	0.46	0.453	11.53	11.69	NA	10.4	NA
CAF061	06/11/2008	0.463	0.493	0.421	0.46	0.453	10.79	11.5	NA	10.4	NA
CAF061	06/12/2008	0.462	0.493	0.421	0.46	0.454	11.72	11.26	NA	10.4	NA
CAF061	06/13/2008	0.456	0.493	0.421	0.46	0.453	13.72	11.28	NA	10.36	NA
CAF061	06/14/2008	0.454	0.493	0.422	0.46	0.453	14.5	11.57	NA	10.3	NA
CAF061	06/15/2008	0.452	0.492	0.422	0.459	0.453	15.25	11.87	NA	10.36	NA
CAF061	06/16/2008	0.451	0.492	0.423	0.459	0.453	16.22	12.18	NA	10.42	NA
CAF061	06/17/2008	0.448	0.492	0.423	0.46	0.452	16.51	12.53	NA	10.53	NA
CAF061	06/18/2008	0.443	0.491	0.424	0.46	0.453	15.7	12.77	NA	10.66	NA
CAF061	06/19/2008	0.438	0.491	0.425	0.46	0.453	16.08	12.87	NA	10.79	NA
CAF061	06/20/2008	0.432	0.491	0.425	0.46	0.453	17.44	13.02	NA	10.92	NA
CAF061	06/21/2008	0.425	0.49	0.425	0.461	0.453	18.13	13.35	NA	11.04	NA
CAF061	06/22/2008	0.423	0.49	0.426	0.461	0.453	17.47	13.64	NA	11.17	NA
CAF061	06/23/2008	0.419	0.489	0.427	0.461	0.453	17.07	13.78	NA	11.33	NA
CAF061	06/24/2008	0.413	0.489	0.427	0.462	0.454	17.3	13.86	NA	11.46	NA
CAF061	06/25/2008	0.407	0.488	0.428	0.463	0.454	17.54	13.95	NA	11.58	NA
CAF061	06/26/2008	0.401	0.488	0.428	0.462	0.454	17.66	14.06	NA	11.69	NA
CAF061	06/27/2008	0.395	0.487	0.428	0.462	0.454	17.86	14.1	NA	11.8	NA
CAF061	06/28/2008	0.391	0.486	0.429	0.463	0.454	18.97	14.23	NA	11.9	NA
CAF061	06/29/2008	0.387	0.486	0.429	0.463	0.454	20.42	14.5	NA	12.01	NA
CAF061	06/30/2008	0.384	0.485	0.43	0.463	0.454	21.27	14.9	NA	12.13	NA
CAF061	07/01/2008	0.378	0.483	0.43	0.463	0.455	21.07	15.31	NA	12.29	NA
CAF061	07/02/2008	0.373	0.481	0.431	0.463	0.455	20.79	15.57	NA	12.48	NA
CAF061	07/03/2008	0.37	0.479	0.432	0.463	0.455	21.6	15.76	NA	12.67	NA
CAF061	07/04/2008	0.364	0.477	0.432	0.463	0.455	20.85	16.02	NA	12.85	NA
CAF061	07/05/2008	0.357	0.475	0.433	0.463	0.455	19.64	16.08	NA	13.03	NA
CAF061	07/06/2008	0.353	0.473	0.433	0.463	0.455	19.75	16	NA	13.16	NA
CAF061	07/07/2008	0.348	0.47	0.434	0.463	0.456	19.14	15.98	NA	13.28	NA
CAF061	07/08/2008	0.345	0.467	0.434	0.463	0.456	19.23	15.9	NA	13.37	NA
CAF061	07/09/2008	0.344	0.464	0.434	0.463	0.456	19.94	15.89	NA	13.42	NA
CAF061	07/10/2008	0.34	0.461	0.434	0.462	0.456	19.6	15.98	NA	13.5	NA
CAF061	07/11/2008	0.333	0.457	0.434	0.462	0.456	18.2	15.98	NA	13.55	NA
CAF061	07/12/2008	0.332	0.454	0.434	0.462	0.456	18.43	15.85	NA	13.6	NA
CAF061	07/13/2008	0.331	0.45	0.433	0.462	0.457	19.08	15.79	NA	13.65	NA
CAF061	07/14/2008	0.329	0.445	0.433	0.464	0.457	19.4	15.87	NA	13.7	NA
CAF061	07/15/2008	0.328	0.441	0.432	0.465	0.457	20.1	15.96	NA	13.7	NA
CAF061	07/16/2008	0.325	0.437	0.432	0.465	0.457	19.74	16.09	NA	13.78	NA
CAF061	07/17/2008	0.321	0.432	0.431	0.465	0.457	19.1	16.16	NA	13.85	NA
CAF061	07/18/2008	0.318	0.428	0.43	0.465	0.457	18.74	16.14	NA	13.9	NA
CAF061	07/19/2008	0.315	0.423	0.429	0.465	0.457	18.52	16.07	NA	13.97	NA
CAF061	07/20/2008	0.314	0.418	0.427	0.464	0.457	18.96	16.03	NA	14	NA
CAF061	07/21/2008	0.312	0.413	0.425	0.463	0.457	19.06	16.08	NA	14	NA
CAF061	07/22/2008	0.308	0.409	0.424	0.462	0.457	18.17	16.13	NA	14.05	NA
CAF061	07/23/2008	0.304	0.408	0.422	0.461	0.458	17.36	16.02	NA	14.1	NA
CAF061	07/24/2008	0.302	0.404	0.42	0.458	0.458	17.08	15.83	NA	14.1	NA
CAF061	07/25/2008	0.304	0.398	0.416	0.455	0.458	18.37	15.7	NA	14.1	NA
CAF061	07/26/2008	0.304	0.392	0.412	0.451	0.458	19.11	15.84	NA	14.1	NA
CAF061	07/27/2008	0.302	0.387	0.408	0.446	0.458	19.04	15.97	NA	14.1	NA
CAF061	07/28/2008	0.299	0.382	0.405	0.44	0.459	18.68	16.05	NA	14.1	NA
CAF061	07/29/2008	0.294	0.378	0.402	0.433	0.459	18.17	16.06	NA	14.15	NA
CAF061	07/30/2008	0.293	0.373	0.399	0.427	0.459	18.39	16	NA	14.2	NA
CAF061	07/31/2008	0.287	0.369	0.395	0.419	0.459	17.64	15.97	NA	14.2	NA
CAF061	08/01/2008	0.288	0.364	0.391	0.408	0.459	18.54	15.97	NA	14.2	NA
CAF061	08/02/2008	0.288	0.36	0.388	0.398	0.459	18.88	16.06	NA	14.2	NA
CAF061	08/03/2008	0.281	0.357	0.385	0.389	0.459	17.54	16.08	NA	14.28	NA
CAF061	08/04/2008	0.28	0.354	0.382	0.381	0.459	17.94	16.01	NA	14.3	NA
CAF061	08/05/2008	0.28	0.35	0.378	0.372	0.459	18.85	16.07	NA	14.3	NA
CAF061	08/06/2008	0.281	0.346	0.374	0.363	0.459	19.73	16.22	NA	14.3	NA
CAF061	08/07/2008	0.278	0.343	0.37	0.357	0.459	19.7	16.44	NA	14.39	NA
CAF061	08/08/2008	0.281	0.342	0.368	0.354	0.458	20.68	16.58	NA	14.44	NA
CAF061	08/09/2008	0.278	0.34	0.365	0.35	0.455	20.5	16.83	NA	14.52	NA
CAF061	08/10/2008	0.273	0.34	0.363	0.348	0.437	19.57	16.94	NA	14.61	NA
CAF061	08/11/2008	0.267	0.34	0.361	0.348	0.433	18.37	16.85	NA	14.7	NA
CAF061	08/12/2008	0.264	0.339	0.359	0.347	0.43	18.65	16.68	NA	14.76	NA
CAF061	08/13/2008	0.267	0.339	0.357	0.345	0.427	19.85	16.68	NA	14.8	NA
CAF061	08/14/2008	0.266	0.339	0.355	0.344	0.425	20.25	16.87	NA	14.8	NA
CAF061	08/15/2008	0.269	0.339	0.352	0.342	0.422	21.39	17.1	NA	14.87	NA
CAF061	08/16/2008	0.266	0.339	0.35	0.341	0.419	21.68	17.4	NA	14.94	NA
CAF061	08/17/2008	0.267	0.339	0.348	0.34	0.417	22.72	17.68	NA	15.05	NA
CAF061	08/18/2008	0.264	0.339	0.347	0.339	0.414	22.83	18.03	NA	15.18	NA
CAF061	08/19/2008	0.258	0.34	0.347	0.34	0.411	21.55	18.27	NA	15.34	NA
CAF061	08/20/2008	0.266	0.34	0.348	0.341	0.409	19.48	18.17	NA	15.47	NA
CAF061	08/21/2008	0.308	0.339	0.348	0.342	0.408	18.31	17.79	NA	15.59	NA
CAF061	08/22/2008	0.321	0.338	0.348	0.342	0.406	16.93	17.31	NA	15.6	NA
CAF061	08/23/2008	0.326	0.337	0.347	0.342	0.403	17.64	16.89	NA	15.53	NA
CAF061	08/24/2008	0.33	0.337	0.346	0.342	0.398	18.96	16.74	NA	15.44	NA
CAF061	08/25/2008	0.326	0.336	0.346	0.342	0.394	18.1	16.79	NA	15.37	NA
CAF061	08/26/2008	0.324	0.336	0.346	0.342	0.39	16.21	16.61	NA	15.3	NA
CAF061	08/27/2008	0.326	0.335	0.346	0.342	0.387	16	16.25	NA	15.25	NA
CAF061	08/28/2008	0.324	0.335	0.345	0.342	0.385	15.13	16.02	NA	15.19	NA
CAF061	08/29/2008	NA	NA	NA	NA	NA	NA	NA	NA	NA	NA
CAF061	11/17/2008	NA	NA	NA	NA	NA	NA	NA	NA	NA	NA
CAF061	11/18/2008	0.382	0.319	0.322	0.34	0.346	7.06	8.4	9.32	9.5	10.41
CAF061	11/19/2008	0.381	0.32	0.322	0.34	0.345	6.43	8.43	9.3	9.49	10.4
CAF061	11/20/2008	0.38	0.319	0.322	0.34	0.345	6.55	8.4	9.26	9.4	10.3
CAF061	11/21/2008	0.378	0.319	0.322	0.339	0.345	5.95	8.3	9.2	9.34	10.26
CAF061	11/22/2008	0.376	0.319	0.321	0.339	0.345	5.52	8.14	9.13	9.29	10.2
CAF061	11/23/2008	0.374	0.319	0.321	0.339	0.344	4.59	7.92	9.04	9.2	10.13
CAF061	11/24/2008	0.373	0.318	0.32	0.339	0.344	4.13	7.59	8.91	9.09	10.09
CAF061	11/25/2008	0.372	0.318	0.32	0.339	0.344	4.2	7.3	8.75	8.96	10
CAF061	11/26/2008	0.372	0.318	0.319	0.338	0.343	4.68	7.15	8.59	8.83	9.92
CAF061	11/27/2008	0.371	0.317	0.319	0.338	0.343	3.89	7.08	8.46	8.69	9.84
CAF061	11/28/2008	0.373	0.317	0.318	0.338	0.343	3.72	6.89	8.35	8.58	9.75
CAF061	11/29/2008	0.398	0.317	0.318	0.338	0.342	4.28	6.72	8.22	8.46	9.67
CAF061	11/30/2008	0.397	0.317	0.317	0.337	0.342	5.41	6.74	8.1	8.34	9.57
CAF061	12/01/2008	0.394	0.318	0.317	0.337	0.342	6.07	6.94	8.02	8.25	9.49
CAF061	12/02/2008	0.405	0.318	0.317	0.337	0.341	6.3	7.16	8.02	8.2	9.4
CAF061	12/03/2008	0.395	0.318	0.317	0.337	0.341	5.64	7.3	8.1	8.2	9.33
CAF061	12/04/2008	0.39	0.318	0.317	0.337	0.341	4.23	7.2	8.1	8.2	9.3
CAF061	12/05/2008	0.387	0.318	0.317	0.337	0.34	3.23	6.85	8.04	8.18	9.23
CAF061	12/06/2008	0.387	0.317	0.317	0.337	0.34	3.28	6.45	7.9	8.08	9.2
CAF061	12/07/2008	0.397	0.317	0.316	0.337	0.34	4.01	6.23	7.74	7.96	9.12
CAF061	12/08/2008	0.399	0.317	0.315	0.336	0.34	4.06	6.2	7.62	7.84	9.06
CAF061	12/09/2008	0.394	0.317	0.315	0.336	0.339	3.45	6.17	7.52	7.74	9
CAF061	12/10/2008	0.392	0.318	0.315	0.336	0.339	3.77	6.03	7.44	7.65	8.9
CAF061	12/11/2008	0.39	0.32	0.314	0.336	0.339	3.78	6	7.35	7.56	8.83
CAF061	12/12/2008	0.389	0.323	0.314	0.336	0.338	3.44	5.95	7.29	7.5	8.77
CAF061	12/13/2008	0.392	0.326	0.314	0.335	0.338	2.98	5.84	7.2	7.4	8.7
CAF061	12/14/2008	0.387	0.33	0.313	0.335	0.338	2.35	5.65	7.12	7.33	8.61
CAF061	12/15/2008	0.38	0.334	0.313	0.335	0.337	1.92	5.41	7.01	7.23	8.55
CAF061	12/16/2008	0.372	0.338	0.312	0.335	0.337	1.63	5.17	6.86	7.12	8.48
CAF061	12/17/2008	0.366	0.341	0.312	0.334	0.337	1.37	4.94	6.72	6.99	8.4
CAF061	12/18/2008	0.363	0.345	0.311	0.334	0.337	1.23	4.75	6.56	6.86	8.31
CAF061	12/19/2008	0.363	0.348	0.311	0.333	0.336	1.2	4.57	6.43	6.72	8.22
CAF061	12/20/2008	0.364	0.35	0.31	0.333	0.336	1.2	4.45	6.28	6.59	8.13
CAF061	12/21/2008	0.364	0.352	0.31	0.333	0.335	1.17	4.34	6.16	6.47	8.03
CAF061	12/22/2008	0.363	0.354	0.309	0.332	0.335	1.1	4.25	6.05	6.35	7.94
CAF061	12/23/2008	0.364	0.356	0.309	0.332	0.335	1.1	4.18	5.94	6.25	7.85
CAF061	12/24/2008	0.364	0.357	0.309	0.332	0.334	1.1	4.1	5.85	6.16	7.75
CAF061	12/25/2008	0.366	0.358	0.309	0.332	0.334	1.1	4.03	5.76	6.07	7.67
CAF061	12/26/2008	0.368	0.359	0.308	0.332	0.334	1.1	4	5.69	5.98	7.59
CAF061	12/27/2008	0.37	0.36	0.308	0.332	0.333	1.1	3.93	5.6	5.9	7.5
CAF061	12/28/2008	0.38	0.371	0.307	0.331	0.333	1.09	3.86	5.51	5.8	7.41
CAF061	12/29/2008	0.393	0.408	0.307	0.331	0.333	1.05	3.74	5.35	5.73	7.34
CAF061	12/30/2008	0.396	0.418	0.308	0.331	0.332	1.1	3.7	5.27	5.63	7.25
CAF061	12/31/2008	0.395	0.421	0.31	0.331	0.332	1.1	3.7	5.2	5.56	7.18
CAF061	01/01/2009	0.399	0.422	0.312	0.331	0.331	1.15	3.7	5.17	5.5	7.1
CAF061	01/02/2009	0.41	0.435	0.379	0.331	0.331	1.19	3.64	5.07	5.42	7.02
CAF061	01/03/2009	0.402	0.438	0.387	0.331	0.331	1.21	3.6	5	5.36	6.95
CAF061	01/04/2009	0.398	0.437	0.387	0.331	0.33	1.3	3.62	5	5.3	6.89
CAF061	01/05/2009	0.395	0.436	0.387	0.331	0.33	1.35	3.7	4.93	5.24	6.8
CAF061	01/06/2009	0.411	0.442	0.393	0.336	0.341	1.33	3.68	4.85	5.2	6.75
CAF061	01/07/2009	0.462	0.475	0.402	0.435	0.433	0.99	3.35	4.6	5.09	6.63
CAF061	01/08/2009	0.44	0.474	0.402	0.434	0.434	2.05	3.3	4.5	5	6.56
CAF061	01/09/2009	0.422	0.474	0.402	0.434	0.434	2.21	3.51	4.5	4.9	6.47
CAF061	01/10/2009	0.438	0.475	0.403	0.434	0.434	1.92	3.67	4.5	4.9	6.4
CAF061	01/11/2009	0.476	0.476	0.403	0.433	0.435	2.11	3.7	4.58	4.9	6.32
CAF061	01/12/2009	0.476	0.476	0.404	0.433	0.435	2.66	3.76	4.6	4.9	6.3
CAF061	01/13/2009	0.476	0.476	0.404	0.432	0.435	3.11	3.9	4.61	4.9	6.27
CAF061	01/14/2009	0.478	0.476	0.404	0.432	0.435	2.76	4.05	4.7	4.9	6.2
CAF061	01/15/2009	0.479	0.476	0.405	0.433	0.435	2.28	4.1	4.77	4.9	6.2
CAF061	01/16/2009	0.481	0.476	0.405	0.434	0.435	1.98	4.03	4.8	4.98	6.2
CAF061	01/17/2009	0.482	0.477	0.405	0.434	0.436	1.84	3.97	4.8	4.98	6.2
CAF061	01/18/2009	0.483	0.477	0.406	0.434	0.437	1.59	3.9	4.85	4.9	6.2
CAF061	01/19/2009	0.483	0.477	0.406	0.433	0.437	1.47	3.8	4.9	4.9	6.2
CAF061	01/20/2009	0.484	0.477	0.406	0.432	0.437	1.41	3.72	4.9	4.88	6.2
CAF061	01/21/2009	0.485	0.477	0.406	0.434	0.437	1.4	3.69	4.87	4.8	6.2
CAF061	01/22/2009	0.485	0.478	0.406	0.434	0.437	1.4	3.6	4.8	4.8	6.2
CAF061	01/23/2009	0.486	0.478	0.406	0.433	0.437	1.4	3.6	4.8	4.72	6.11
CAF061	01/24/2009	0.486	0.478	0.406	0.432	0.437	1.37	3.51	4.8	4.7	6.1
CAF061	01/25/2009	0.486	0.478	0.406	0.431	0.437	1.4	3.5	4.8	4.69	6.1
CAF061	01/26/2009	0.488	0.479	0.406	0.431	0.438	1.4	3.5	4.8	4.6	6.1
CAF061	01/27/2009	0.488	0.48	0.406	0.431	0.438	1.38	3.5	4.7	4.6	6.1
CAF061	01/28/2009	0.489	0.48	0.406	0.434	0.438	1.3	3.4	4.7	4.59	6
CAF061	01/29/2009	0.491	0.481	0.407	0.434	0.438	1.3	3.4	4.7	4.5	6
CAF061	01/30/2009	0.49	0.48	0.407	0.434	0.438	1.3	3.4	4.7	4.5	6
CAF061	01/31/2009	0.49	0.481	0.407	0.433	0.438	1.33	3.4	4.7	4.5	6
CAF061	02/01/2009	0.491	0.481	0.407	0.433	0.438	1.35	3.38	4.66	4.4	5.96
CAF061	02/02/2009	0.492	0.481	0.407	0.432	0.438	1.3	3.3	4.6	4.4	5.9
CAF061	02/03/2009	0.492	0.482	0.407	0.432	0.439	1.35	3.3	4.6	4.4	5.9
CAF061	02/04/2009	0.492	0.482	0.407	0.431	0.438	1.7	3.3	4.6	4.38	5.9
CAF061	02/05/2009	0.491	0.481	0.407	0.43	0.438	2.13	3.34	4.6	4.3	5.88
CAF061	02/06/2009	0.491	0.482	0.407	0.43	0.438	2.62	3.41	4.6	4.3	5.8
CAF061	02/07/2009	0.492	0.482	0.407	0.431	0.439	3.08	3.54	4.6	4.3	5.8
CAF061	02/08/2009	0.492	0.482	0.407	0.434	0.439	2.82	3.68	4.6	4.3	5.8
CAF061	02/09/2009	0.493	0.482	0.407	0.434	0.439	2.47	3.79	4.63	4.39	5.8
CAF061	02/10/2009	0.495	0.483	0.408	0.434	0.439	2	3.77	4.7	4.4	5.8
CAF061	02/11/2009	0.496	0.483	0.408	0.434	0.439	1.82	3.7	4.7	4.4	5.8
CAF061	02/12/2009	0.496	0.484	0.408	0.434	0.44	1.81	3.6	4.68	4.4	5.8
CAF061	02/13/2009	0.496	0.484	0.408	0.433	0.439	1.68	3.58	4.6	4.4	5.72
CAF061	02/14/2009	0.497	0.484	0.408	0.433	0.44	1.68	3.5	4.6	4.4	5.7
CAF061	02/15/2009	0.497	0.484	0.408	0.433	0.44	1.61	3.5	4.56	4.35	5.7
CAF061	02/16/2009	0.497	0.484	0.408	0.432	0.44	1.78	3.4	4.5	4.3	5.7
CAF061	02/17/2009	0.496	0.485	0.408	0.432	0.44	2	3.4	4.5	4.3	5.7
CAF061	02/18/2009	0.497	0.486	0.408	0.433	0.44	2.29	3.43	4.47	4.3	5.61
CAF061	02/19/2009	0.497	0.486	0.408	0.433	0.44	2.74	3.53	4.4	4.3	5.6
CAF061	02/20/2009	0.497	0.486	0.408	0.433	0.44	2.59	3.64	4.4	4.3	5.6
CAF061	02/21/2009	0.498	0.486	0.408	0.433	0.44	2.43	3.7	4.5	4.3	5.6
CAF061	02/22/2009	0.498	0.486	0.408	0.433	0.44	2.6	3.7	4.5	4.3	5.52
CAF061	02/23/2009	0.496	0.486	0.409	0.433	0.44	3.41	3.72	4.5	4.3	5.5
CAF061	02/24/2009	0.495	0.486	0.409	0.433	0.44	3.85	3.9	4.5	4.3	5.5
CAF061	02/25/2009	0.496	0.486	0.409	0.433	0.441	3.97	4.07	4.54	4.36	5.5
CAF061	02/26/2009	0.498	0.486	0.409	0.434	0.441	3.43	4.2	4.6	4.41	5.5
CAF061	02/27/2009	0.5	0.487	0.41	0.434	0.441	2.61	4.19	4.7	4.5	5.5
CAF061	02/28/2009	0.501	0.487	0.41	0.434	0.441	2.19	4.06	4.7	4.5	5.52
CAF061	03/01/2009	0.501	0.487	0.41	0.434	0.441	2.6	3.93	4.7	4.5	5.6
CAF061	03/02/2009	0.499	0.487	0.41	0.434	0.441	3.85	3.94	4.7	4.5	5.6
CAF061	03/03/2009	0.498	0.487	0.41	0.437	0.441	4.42	4.12	4.7	4.5	5.6
CAF061	03/04/2009	0.498	0.487	0.41	0.437	0.442	4.59	4.35	4.72	4.51	5.6
CAF061	03/05/2009	0.499	0.487	0.41	0.437	0.442	3.77	4.49	4.8	4.6	5.6
CAF061	03/06/2009	0.5	0.488	0.411	0.437	0.442	3.02	4.48	4.88	4.65	5.6
CAF061	03/07/2009	0.501	0.487	0.411	0.437	0.442	2.27	4.35	4.9	4.7	5.6
CAF061	03/08/2009	0.502	0.488	0.411	0.437	0.442	1.92	4.17	4.9	4.7	5.6
CAF061	03/09/2009	0.502	0.488	0.411	0.437	0.442	1.73	3.99	4.85	4.67	5.6
CAF061	03/10/2009	0.503	0.489	0.411	0.437	0.442	1.7	3.84	4.8	4.6	5.6
CAF061	03/11/2009	0.503	0.489	0.411	0.438	0.443	1.7	3.73	4.71	4.55	5.6
CAF061	03/12/2009	0.503	0.489	0.411	0.438	0.443	1.63	3.65	4.67	4.5	5.6
CAF061	03/13/2009	0.503	0.489	0.411	0.437	0.443	1.53	3.59	4.6	4.41	5.6
CAF061	03/14/2009	0.503	0.489	0.411	0.436	0.442	1.47	3.5	4.56	4.39	5.57
CAF061	03/15/2009	0.503	0.489	0.411	0.436	0.442	1.53	3.44	4.5	4.3	5.5
CAF061	03/16/2009	0.503	0.489	0.411	0.436	0.443	2.02	3.4	4.47	4.3	5.5
CAF061	03/17/2009	0.502	0.49	0.411	0.437	0.443	2.83	3.46	4.4	4.21	5.5
CAF061	03/18/2009	0.501	0.49	0.411	0.437	0.443	3.6	3.62	4.4	4.2	5.49
CAF061	03/19/2009	0.5	0.49	0.411	0.437	0.443	4.29	3.84	4.49	4.2	5.4
CAF061	03/20/2009	0.498	0.489	0.411	0.436	0.443	5.58	4.1	4.54	4.29	5.4
CAF061	03/21/2009	0.495	0.489	0.412	0.436	0.443	7.03	4.5	4.65	4.34	5.4
CAF061	03/22/2009	0.494	0.489	0.412	0.437	0.443	6.46	4.98	4.8	4.47	5.41
CAF061	03/23/2009	0.496	0.49	0.413	0.437	0.443	5.09	5.2	4.98	4.65	5.5
CAF061	03/24/2009	0.496	0.49	0.414	0.437	0.443	4.93	5.19	5.13	4.78	5.5
CAF061	03/25/2009	0.496	0.49	0.414	0.437	0.443	4.8	5.1	5.2	4.88	5.59
CAF061	03/26/2009	0.497	0.49	0.414	0.438	0.444	4.4	5.1	5.28	4.95	5.6
CAF061	03/27/2009	0.497	0.49	0.414	0.438	0.444	4.6	5.06	5.3	5	5.7
CAF061	03/28/2009	0.496	0.49	0.414	0.437	0.444	5.02	5.07	5.3	5	5.7
CAF061	03/29/2009	0.496	0.491	0.414	0.437	0.444	4.06	5.1	5.35	5.01	5.71
CAF061	03/30/2009	0.497	0.492	0.415	0.438	0.444	3.81	5	5.4	5.1	5.8
CAF061	03/31/2009	0.497	0.491	0.414	0.438	0.444	3.66	4.89	5.4	5.1	5.8
CAF061	04/01/2009	0.498	0.492	0.415	0.438	0.444	3.15	4.79	5.3	5.05	5.8
CAF061	04/02/2009	0.499	0.492	0.414	0.437	0.444	2.75	4.65	5.3	5	5.8
CAF061	04/03/2009	0.499	0.492	0.414	0.438	0.444	3.03	4.49	5.24	5	5.8
CAF061	04/04/2009	0.499	0.493	0.415	0.438	0.445	4.66	4.45	5.2	4.91	5.8
CAF061	04/05/2009	0.498	0.493	0.415	0.438	0.445	5.69	4.68	5.2	4.9	5.8
CAF061	04/06/2009	0.499	0.492	0.415	0.438	0.445	6.64	5.04	5.23	4.9	5.8
CAF061	04/07/2009	0.497	0.492	0.415	0.438	0.444	7.48	5.45	5.35	4.99	5.8
CAF061	04/08/2009	0.494	0.492	0.415	0.438	0.444	8.02	5.89	5.52	5.12	5.8
CAF061	04/09/2009	0.494	0.492	0.416	0.438	0.445	7.6	6.24	5.71	5.28	5.89
CAF061	04/10/2009	0.494	0.492	0.416	0.438	0.445	7.81	6.43	5.88	5.45	5.9
CAF061	04/11/2009	0.493	0.492	0.417	0.439	0.445	7.92	6.62	6.04	5.6	6
CAF061	04/12/2009	0.494	0.492	0.418	0.439	0.445	7.53	6.78	6.17	5.75	6.07
CAF061	04/13/2009	0.493	0.492	0.418	0.439	0.446	7.78	6.84	6.29	5.87	6.13
CAF061	04/14/2009	0.494	0.492	0.418	0.439	0.446	6.83	6.89	6.39	5.98	6.2
CAF061	04/15/2009	0.494	0.492	0.419	0.44	0.446	6.92	6.78	6.43	6.08	6.3
CAF061	04/16/2009	0.493	0.492	0.419	0.44	0.446	7.55	6.77	6.5	6.1	6.35
CAF061	04/17/2009	0.492	0.492	0.419	0.44	0.446	7.88	6.88	6.5	6.17	6.4
CAF061	04/18/2009	0.493	0.492	0.419	0.44	0.447	8.3	7.05	6.59	6.21	6.43
CAF061	04/19/2009	0.491	0.492	0.42	0.44	0.447	9	7.25	6.67	6.3	6.5
CAF061	04/20/2009	0.49	0.492	0.42	0.44	0.447	10.04	7.55	6.78	6.41	6.54
CAF061	04/21/2009	0.487	0.492	0.42	0.441	0.447	10.31	7.81	6.9	6.5	6.6
CAF061	04/22/2009	NA	NA	NA	NA	NA	NA	NA	NA	NA	NA
CAF061	09/22/2011	NA	NA	NA	NA	NA	NA	NA	NA	NA	NA
CAF061	09/23/2011	0.263	0.413	0.305	0.439	0.413	18.56	16.44	15.4	15.3	15
CAF061	09/24/2011	0.272	0.426	0.306	0.451	0.414	18.88	17.26	15.96	15.8	15.6
CAF061	09/25/2011	0.273	0.426	0.304	0.451	0.412	19	17.47	16.07	15.85	15.6
CAF061	09/26/2011	0.265	0.425	0.304	0.451	0.411	17.08	17.3	16.1	15.9	15.53
CAF061	09/27/2011	0.263	0.423	0.304	0.451	0.41	16.51	16.92	16.1	15.9	15.57
CAF061	09/28/2011	0.261	0.422	0.303	0.451	0.409	15.83	16.57	15.98	15.82	15.56
CAF061	09/29/2011	0.258	0.421	0.303	0.45	0.408	15.23	16.19	15.85	15.72	15.5
CAF061	09/30/2011	0.26	0.421	0.301	0.45	0.406	15.65	15.97	15.68	15.6	15.5
CAF061	10/01/2011	0.264	0.42	0.3	0.449	0.404	16.75	16.02	15.55	15.48	15.49
CAF061	10/02/2011	0.264	0.42	0.298	0.449	0.401	16.6	16.22	15.5	15.4	15.4
CAF061	10/03/2011	0.264	0.42	0.298	0.449	0.4	16.77	16.2	15.5	15.4	15.4
CAF061	10/04/2011	0.261	0.419	0.298	0.449	0.399	16.01	16.19	15.5	15.33	15.32
CAF061	10/05/2011	0.256	0.418	0.298	0.449	0.399	14.62	15.86	15.44	15.3	15.3
CAF061	10/06/2011	0.251	0.416	0.298	0.45	0.398	13.2	15.35	15.31	15.23	15.3
CAF061	10/07/2011	0.248	0.416	0.298	0.449	0.398	12.35	14.7	15.1	15.07	15.26
CAF061	10/08/2011	0.247	0.415	0.297	0.449	0.397	11.94	14.2	14.82	14.85	15.2
CAF061	10/09/2011	0.246	0.414	0.296	0.448	0.396	11.75	13.87	14.56	14.62	15.12
CAF061	10/10/2011	0.246	0.413	0.295	0.448	0.406	11.76	13.65	14.32	14.4	15.1
CAF061	10/11/2011	0.246	0.413	0.294	0.447	0.409	11.77	13.46	14.13	14.21	NA
CAF061	10/12/2011	0.246	0.412	0.293	0.447	0.409	11.61	13.28	13.95	14.04	NA
CAF061	10/13/2011	0.246	0.412	0.292	0.446	0.409	11.35	13.07	13.8	13.87	NA
CAF061	10/14/2011	0.246	0.411	0.292	0.446	0.409	11.45	12.98	13.64	13.72	NA
CAF061	10/15/2011	0.246	0.411	0.291	0.445	0.409	11.64	12.87	13.44	13.56	NA
CAF061	10/16/2011	0.246	0.41	0.291	0.445	0.409	11.38	12.86	13.4	13.45	NA
CAF061	10/17/2011	0.243	0.41	0.291	0.444	0.409	10.25	12.64	13.29	13.35	NA
CAF061	10/18/2011	0.241	0.409	0.29	0.444	0.409	9.7	12.24	13.15	13.22	NA
CAF061	10/19/2011	0.242	0.409	0.289	0.443	0.409	10	12.05	12.93	13.06	NA
CAF061	10/20/2011	0.243	0.409	0.289	0.443	0.409	10.38	12	12.83	12.91	NA
CAF061	10/21/2011	0.245	0.409	0.288	0.443	0.409	10.89	12.04	12.71	12.77	NA
CAF061	10/22/2011	0.246	0.408	0.288	0.443	0.409	11.12	12.06	12.61	12.69	NA
CAF061	10/23/2011	0.247	0.409	0.288	0.443	0.409	11.35	12.17	12.6	12.6	NA
CAF061	10/24/2011	0.247	0.408	0.287	0.443	0.409	11.17	12.2	12.54	12.56	NA
CAF061	10/25/2011	0.242	0.408	0.287	0.442	0.409	9.6	12.03	12.5	12.5	NA
CAF061	10/26/2011	0.238	0.407	0.287	0.442	0.409	8.33	11.58	12.37	12.44	NA
CAF061	10/27/2011	0.237	0.406	0.287	0.442	0.409	8.12	11.06	12.18	12.3	NA
CAF061	10/28/2011	0.236	0.405	0.286	0.441	0.409	7.63	10.78	11.99	12.12	NA
CAF061	10/29/2011	0.238	0.405	0.285	0.441	0.409	8.25	10.55	11.78	11.94	NA
CAF061	10/30/2011	0.238	0.405	0.284	0.441	0.409	8.23	10.49	11.6	11.75	NA
CAF061	10/31/2011	0.241	0.405	0.283	0.44	0.409	8.93	10.48	11.46	11.62	NA
CAF061	11/01/2011	0.237	0.405	0.283	0.44	0.409	7.68	10.44	11.38	11.5	NA
CAF061	11/02/2011	0.234	0.404	0.283	0.44	0.409	6.36	10.04	11.25	11.38	NA
CAF061	11/03/2011	0.236	0.403	0.282	0.439	0.409	6.26	9.62	11.07	11.25	NA
CAF061	11/04/2011	0.236	0.403	0.281	0.439	0.409	6.47	9.42	10.85	11.05	NA
CAF061	11/05/2011	0.233	0.402	0.28	0.438	0.409	5.5	9.17	10.66	10.87	NA
CAF061	11/06/2011	0.231	0.402	0.28	0.438	0.409	4.97	8.79	10.46	10.68	NA
CAF061	11/07/2011	0.23	0.401	0.279	0.437	0.409	4.47	8.44	10.23	10.48	NA
CAF061	11/08/2011	0.23	0.401	0.278	0.437	0.409	4.52	8.12	10.01	10.27	NA
CAF061	11/09/2011	0.232	0.401	0.277	0.436	0.409	4.89	8	9.76	10.05	NA
CAF061	11/10/2011	0.232	0.4	0.276	0.436	0.409	5.04	7.99	9.64	9.86	NA
CAF061	11/11/2011	0.232	0.4	0.276	0.435	0.409	5.13	7.95	9.48	9.73	NA
CAF061	11/12/2011	0.232	0.403	0.275	0.435	0.409	5.15	7.9	9.4	9.6	NA
CAF061	11/13/2011	0.232	0.413	0.275	0.435	0.409	4.8	7.75	9.29	9.48	NA
CAF061	11/14/2011	0.234	0.41	0.275	0.435	0.409	4.95	7.64	9.17	9.35	NA
CAF061	11/15/2011	0.233	0.408	0.274	0.435	0.409	4.22	7.54	9.03	9.24	NA
CAF061	11/16/2011	0.232	0.406	0.274	0.434	0.409	3.25	7.21	8.94	9.13	NA
CAF061	11/17/2011	0.237	0.421	0.273	0.434	0.409	2.85	6.81	8.72	8.96	NA
CAF061	11/18/2011	0.245	0.416	0.272	0.434	0.409	3.06	6.55	8.55	8.78	NA
CAF061	11/19/2011	0.248	0.412	0.271	0.433	0.409	3.1	6.43	8.32	8.6	NA
CAF061	11/20/2011	0.25	0.409	0.271	0.433	0.409	3.18	6.32	8.22	8.44	NA
CAF061	11/21/2011	0.251	0.407	0.27	0.432	0.409	3.2	6.27	8.04	8.29	NA
CAF061	11/22/2011	0.349	0.407	0.269	0.432	0.409	3.3	6.16	7.93	8.16	NA
CAF061	11/23/2011	0.37	0.405	0.269	0.432	0.409	4.57	6.24	7.85	8.05	NA
CAF061	11/24/2011	0.365	0.405	0.269	0.431	0.409	5.02	6.54	7.8	7.99	NA
CAF061	11/25/2011	0.365	0.405	0.269	0.431	0.409	4.76	6.69	7.8	7.9	NA
CAF061	11/26/2011	0.362	0.404	0.269	0.431	0.409	3.87	6.59	7.8	7.9	NA
CAF061	11/27/2011	0.359	0.404	0.269	0.431	0.409	3.4	6.33	7.78	7.89	NA
CAF061	11/28/2011	0.359	0.403	0.269	0.431	0.409	3.89	6.2	7.67	7.8	NA
CAF061	11/29/2011	0.36	0.403	0.268	0.431	0.409	3.9	6.2	7.6	7.7	NA
CAF061	11/30/2011	0.359	0.403	0.268	0.431	0.409	3.95	6.2	7.52	7.62	NA
CAF061	12/01/2011	0.358	0.403	0.268	0.431	0.409	3.39	6.11	7.49	7.57	NA
CAF061	12/02/2011	0.356	0.403	0.268	0.43	0.409	2.86	5.9	7.4	7.5	NA
CAF061	12/03/2011	0.353	0.403	0.267	0.43	0.409	2.51	5.67	7.28	7.41	NA
CAF061	12/04/2011	0.351	0.403	0.267	0.43	0.409	2.23	5.46	7.15	7.28	NA
CAF061	12/05/2011	0.348	0.403	0.266	0.429	0.409	2.05	5.26	7.02	7.17	NA
CAF061	12/06/2011	0.346	0.403	0.265	0.429	0.409	1.88	5.09	6.87	7.05	NA
CAF061	12/07/2011	0.343	0.403	0.265	0.428	0.409	1.79	4.94	6.75	6.93	NA
CAF061	12/08/2011	0.342	0.403	0.264	0.427	0.409	1.65	4.78	6.62	6.79	NA
CAF061	12/09/2011	0.34	0.402	0.264	0.427	0.409	1.54	4.67	6.5	6.67	NA
CAF061	12/10/2011	0.339	0.402	0.263	0.427	0.409	1.5	4.56	6.35	6.56	NA
CAF061	12/11/2011	0.337	0.402	0.263	0.426	0.409	1.45	4.47	6.28	6.45	NA
CAF061	12/12/2011	0.336	0.402	0.263	0.426	0.409	1.4	4.38	6.17	6.34	NA
CAF061	12/13/2011	0.334	0.402	0.262	0.425	0.409	1.33	4.26	6.08	6.24	NA
CAF061	12/14/2011	0.333	0.401	0.262	0.425	0.409	1.27	4.2	5.92	6.14	NA
CAF061	12/15/2011	0.332	0.402	0.262	0.425	0.409	1.3	4.12	5.9	6.05	NA
CAF061	12/16/2011	0.331	0.402	0.261	0.425	0.409	1.3	4.1	5.8	5.95	NA
CAF061	12/17/2011	0.33	0.402	0.261	0.425	0.409	1.3	4	5.73	5.88	NA
CAF061	12/18/2011	0.33	0.402	0.261	0.426	0.409	1.3	4	5.67	5.8	NA
CAF061	12/19/2011	0.33	0.402	0.261	0.426	0.409	1.36	3.98	5.6	5.72	NA
CAF061	12/20/2011	0.33	0.402	0.261	0.426	0.409	1.4	3.9	5.52	5.66	NA
CAF061	12/21/2011	0.33	0.402	0.261	0.425	0.409	1.4	3.9	5.5	5.6	NA
CAF061	12/22/2011	0.33	0.402	0.26	0.424	0.409	1.35	3.9	5.41	5.52	NA
CAF061	12/23/2011	0.33	0.401	0.26	0.423	0.409	1.2	3.81	5.39	5.5	NA
CAF061	12/24/2011	0.33	0.401	0.26	0.423	0.409	1.1	3.75	5.3	5.41	NA
CAF061	12/25/2011	0.328	0.401	0.26	0.423	0.409	1.1	3.7	5.26	5.37	NA
CAF061	12/26/2011	0.328	0.401	0.259	0.423	0.409	1.1	3.62	5.2	5.3	NA
CAF061	12/27/2011	0.327	0.402	0.259	0.423	0.409	1.1	3.57	5.12	5.23	NA
CAF061	12/28/2011	0.366	0.4	0.259	0.424	0.409	1.12	3.57	5.1	5.2	NA
CAF061	12/29/2011	0.394	0.401	0.258	0.424	0.409	1.84	3.55	5.02	5.1	NA
CAF061	12/30/2011	0.413	0.454	0.258	0.438	0.409	2.57	3.7	5	5.06	NA
CAF061	12/31/2011	0.395	0.461	0.257	0.448	0.409	2.6	3.96	4.97	5	NA
CAF061	01/01/2012	0.389	0.457	0.257	0.446	0.409	2.13	4	5.1	5	NA
CAF061	01/02/2012	0.387	0.456	0.257	0.444	0.409	2.05	3.92	5.07	5	NA
CAF061	01/03/2012	0.386	0.455	0.257	0.445	0.409	2.17	3.87	5	5	NA
CAF061	01/04/2012	0.386	0.455	0.257	0.444	0.409	2.55	3.95	5	5	NA
CAF061	01/05/2012	0.384	0.455	0.257	0.444	0.409	3.28	4.12	4.97	5	NA
CAF061	01/06/2012	0.381	0.455	0.258	0.445	0.409	2.98	4.3	5.06	5	NA
CAF061	01/07/2012	0.379	0.454	0.258	0.445	0.409	2.49	4.26	5.07	5.08	NA
CAF061	01/08/2012	0.379	0.454	0.258	0.446	0.409	2.37	4.16	5.1	5.1	NA
CAF061	01/09/2012	0.378	0.453	0.258	0.445	0.409	2.36	4.07	5.1	5.04	NA
CAF061	01/10/2012	0.378	0.453	0.258	0.445	0.409	2.54	4.1	5.02	5	NA
CAF061	01/11/2012	0.377	0.454	0.258	0.445	0.409	2.22	4.1	5	5	NA
CAF061	01/12/2012	0.373	0.454	0.259	0.445	0.409	1.84	3.97	5	5	NA
CAF061	01/13/2012	0.37	0.454	0.258	0.444	0.409	1.58	3.84	4.94	4.99	NA
CAF061	01/14/2012	0.368	0.454	0.258	0.444	0.409	1.49	3.71	4.87	4.9	NA
CAF061	01/15/2012	0.366	0.454	0.259	0.444	0.409	1.4	3.6	4.8	4.85	NA
CAF061	01/16/2012	0.365	0.453	0.259	0.444	0.409	1.4	3.52	4.7	4.8	NA
CAF061	01/17/2012	0.365	0.453	0.259	0.444	0.409	1.4	3.48	4.65	4.71	NA
CAF061	01/18/2012	0.365	0.451	0.259	0.444	0.409	1.39	3.37	4.6	4.7	NA
CAF061	01/19/2012	0.373	0.457	0.258	0.445	0.409	1.34	3.34	4.5	4.6	NA
CAF061	01/20/2012	0.406	0.482	0.258	0.453	0.409	1.16	3.04	4.46	4.53	NA
CAF061	01/21/2012	0.409	0.486	0.32	0.452	0.409	1.2	3.1	4.35	4.43	NA
CAF061	01/22/2012	0.404	0.484	0.383	0.453	0.409	1.21	3.1	4.28	4.35	NA
CAF061	01/23/2012	0.4	0.479	0.369	0.453	0.409	1.24	3.1	4.2	4.3	NA
CAF061	01/24/2012	0.398	0.475	0.369	0.453	0.409	1.3	3.1	4.2	4.3	NA
CAF061	01/25/2012	0.42	0.491	0.381	0.453	0.409	1.25	2.98	4.09	4.23	NA
CAF061	01/26/2012	0.427	0.493	0.387	0.454	0.409	1.15	2.9	3.97	4.2	NA
CAF061	01/27/2012	0.411	0.491	0.387	0.454	0.409	1.2	2.87	3.88	4.1	NA
CAF061	01/28/2012	0.404	0.489	0.385	0.454	0.409	1.2	2.9	3.8	4.1	NA
CAF061	01/29/2012	0.405	0.488	0.383	0.454	0.409	1.24	2.9	3.8	4.1	NA
CAF061	01/30/2012	0.475	0.495	0.387	0.455	0.409	0.89	2.85	3.8	4	NA
CAF061	01/31/2012	0.427	0.493	0.386	0.455	0.409	1.15	2.8	3.73	4	NA
CAF061	02/01/2012	0.435	0.494	0.386	0.455	0.409	1.3	2.82	3.7	4	NA
CAF061	02/02/2012	0.43	0.494	0.387	0.455	0.409	1.39	2.86	3.62	3.9	NA
CAF061	02/03/2012	0.418	0.492	0.386	0.453	0.409	1.5	2.9	3.6	3.9	NA
CAF061	02/04/2012	0.413	0.491	0.385	0.453	0.409	1.42	2.97	3.6	3.9	NA
CAF061	02/05/2012	0.41	0.491	0.385	0.454	0.409	1.5	3	3.64	3.9	NA
CAF061	02/06/2012	0.407	0.49	0.384	0.454	0.409	1.52	3	3.7	3.9	NA
CAF061	02/07/2012	0.405	0.489	0.384	0.453	0.409	1.55	3	3.7	3.9	NA
CAF061	02/08/2012	0.403	0.489	0.384	0.453	0.409	1.62	3.04	3.7	3.9	NA
CAF061	02/09/2012	0.403	0.488	0.384	0.453	0.409	1.87	3.1	3.7	3.9	NA
CAF061	02/10/2012	0.404	0.487	0.383	0.453	0.409	2.5	3.2	3.7	3.9	NA
CAF061	02/11/2012	0.404	0.487	0.383	0.453	0.409	3.07	3.45	3.75	3.9	NA
CAF061	02/12/2012	0.407	0.488	0.383	0.453	0.409	3.12	3.66	3.85	3.99	NA
CAF061	02/13/2012	0.406	0.489	0.384	0.453	0.409	3.03	3.78	3.93	4.03	NA
CAF061	02/14/2012	0.405	0.489	0.384	0.453	0.409	2.81	3.8	4	4.1	NA
CAF061	02/15/2012	0.406	0.488	0.385	0.453	0.409	2.53	3.77	4.09	4.11	NA
CAF061	02/16/2012	0.404	0.488	0.384	0.454	0.409	2.29	3.67	4.1	4.2	NA
CAF061	02/17/2012	0.402	0.485	0.385	0.454	0.409	2.12	3.57	4.07	4.2	NA
CAF061	02/18/2012	0.403	0.484	0.385	0.453	0.409	2.58	3.57	4.05	4.12	NA
CAF061	02/19/2012	0.411	0.487	0.385	0.453	0.409	2.48	3.6	4.03	4.1	NA
CAF061	02/20/2012	0.41	0.491	0.386	0.453	0.409	2.21	3.6	4.1	4.1	NA
CAF061	02/21/2012	0.426	0.496	0.389	0.454	0.409	2.16	3.47	4.02	4.1	NA
CAF061	02/22/2012	0.421	0.497	0.39	0.453	0.409	3.32	3.54	4	4.1	NA
CAF061	02/23/2012	0.414	0.497	0.39	0.454	0.409	3.15	3.79	4.01	4.1	NA
CAF061	02/24/2012	0.41	0.494	0.389	0.454	0.409	2.74	3.74	4.1	4.13	NA
CAF061	02/25/2012	0.407	0.494	0.387	0.454	0.409	2.68	3.77	4.1	4.2	NA
CAF061	02/26/2012	0.406	0.494	0.388	0.454	0.409	2.32	3.72	4.1	4.2	NA
CAF061	02/27/2012	0.406	0.493	0.388	0.454	0.409	2.14	3.62	4.1	4.2	NA
CAF061	02/28/2012	0.406	0.493	0.387	0.454	0.409	1.94	3.52	4.1	4.15	NA
CAF061	02/29/2012	0.406	0.492	0.386	0.454	0.409	1.77	3.42	4.02	4.1	NA
CAF061	03/01/2012	0.407	0.492	0.386	0.454	0.409	1.7	3.32	4	4.1	NA
CAF061	03/02/2012	0.415	0.492	0.388	0.455	0.409	1.67	3.27	3.93	4.02	NA
CAF061	03/03/2012	0.425	0.497	0.39	0.455	0.409	1.66	3.18	3.9	4	NA
CAF061	03/04/2012	0.42	0.499	0.391	0.455	0.409	2.23	3.15	3.81	3.94	NA
CAF061	03/05/2012	0.416	0.498	0.389	0.454	0.409	3.4	3.41	3.8	3.9	NA
CAF061	03/06/2012	0.418	0.497	0.39	0.455	0.409	3.16	3.65	3.86	3.93	NA
CAF061	03/07/2012	0.412	0.497	0.391	0.456	0.409	2.53	3.7	3.96	4	NA
CAF061	03/08/2012	0.409	0.496	0.39	0.456	0.409	2.42	3.6	4	4	NA
CAF061	03/09/2012	0.407	0.495	0.389	0.456	0.409	3.13	3.62	3.97	4	NA
CAF061	03/10/2012	0.406	0.494	0.388	0.456	0.409	4.03	3.87	4	4.02	NA
CAF061	03/11/2012	0.407	0.493	0.387	0.455	0.409	4.47	4.18	4.1	4.1	NA
CAF061	03/12/2012	0.407	0.492	0.388	0.455	0.409	3.71	4.35	4.22	4.18	NA
CAF061	03/13/2012	0.414	0.494	0.388	0.455	0.409	3.43	4.24	4.27	4.28	NA
CAF061	03/14/2012	0.413	0.496	0.39	0.456	0.409	3.19	4.17	4.3	4.3	NA
CAF061	03/15/2012	0.424	0.498	0.391	0.456	0.409	3.6	4.1	4.3	4.3	NA
CAF061	03/16/2012	0.448	0.502	0.393	0.459	0.409	4.26	4.28	4.3	4.3	NA
CAF061	03/17/2012	0.429	0.5	0.391	0.457	0.409	4.48	4.5	4.4	4.34	NA
CAF061	03/18/2012	0.421	0.499	0.391	0.456	0.409	3.98	4.6	4.48	4.4	NA
CAF061	03/19/2012	0.416	0.499	0.392	0.456	0.409	3.47	4.47	4.5	4.5	NA
CAF061	03/20/2012	0.418	0.499	0.392	0.457	0.409	3.17	4.32	4.5	4.5	NA
CAF061	03/21/2012	0.438	0.503	0.394	0.459	0.409	2.78	4.15	4.5	4.5	NA
CAF061	03/22/2012	0.456	0.504	0.395	0.46	0.409	2.26	3.94	4.42	4.44	NA
CAF061	03/23/2012	0.457	0.504	0.397	0.46	0.409	2.38	3.8	4.37	4.4	NA
CAF061	03/24/2012	0.457	0.504	0.397	0.461	0.409	2.86	3.8	4.3	4.3	NA
CAF061	03/25/2012	0.457	0.504	0.397	0.46	0.409	4.03	3.95	4.3	4.3	NA
CAF061	03/26/2012	0.458	0.504	0.397	0.46	0.409	4.94	4.39	4.3	4.3	NA
CAF061	03/27/2012	0.458	0.504	0.398	0.461	0.409	4.64	4.67	4.43	4.38	NA
CAF061	03/28/2012	0.459	0.504	0.398	0.461	0.409	5.23	4.83	4.55	4.48	NA
CAF061	03/29/2012	0.459	0.504	0.398	0.461	0.409	5.4	5.03	4.66	4.58	NA
CAF061	03/30/2012	0.46	0.504	0.398	0.461	0.409	5.62	5.22	4.78	4.69	NA
CAF061	03/31/2012	0.46	0.504	0.398	0.461	0.409	5.69	5.38	4.88	4.79	NA
CAF061	04/01/2012	0.462	0.504	0.399	0.462	0.409	5.5	5.49	4.99	4.89	NA
CAF061	04/02/2012	0.464	0.505	0.401	0.462	0.409	5.05	5.46	5.1	5	NA
CAF061	04/03/2012	0.463	0.504	0.4	0.462	0.409	5.29	5.43	5.17	5.04	NA
CAF061	04/04/2012	0.463	0.504	0.401	0.462	0.409	5.35	5.45	5.2	5.1	NA
CAF061	04/05/2012	0.464	0.505	0.401	0.462	0.409	4.67	5.41	5.26	5.1	NA
CAF061	04/06/2012	0.465	0.505	0.402	0.463	0.409	4.7	5.3	5.3	5.1	NA
CAF061	04/07/2012	0.465	0.506	0.402	0.463	0.409	4.51	5.18	5.23	5.1	NA
CAF061	04/08/2012	0.465	0.506	0.402	0.463	0.409	5.17	5.23	5.23	5.1	NA
CAF061	04/09/2012	0.464	0.506	0.402	0.463	0.409	5.98	5.42	5.3	5.1	NA
CAF061	04/10/2012	0.463	0.505	0.401	0.463	0.409	6.78	5.67	5.31	5.17	NA
CAF061	04/11/2012	NA	NA	NA	NA	NA	NA	NA	NA	NA	NA
CAF061	11/02/2012	NA	NA	NA	NA	NA	NA	NA	NA	NA	NA
CAF061	11/03/2012	0.378	0.424	0.376	0.446	0.425	10.05	11.3	11.9	11.99	13.4
CAF061	11/04/2012	0.377	0.424	0.376	0.446	0.424	10.08	11.3	11.8	11.9	13.3
CAF061	11/05/2012	0.376	0.424	0.376	0.445	0.424	10.44	11.3	11.8	11.9	13.24
CAF061	11/06/2012	0.375	0.424	0.376	0.445	0.424	10.8	11.37	11.8	11.84	13.19
CAF061	11/07/2012	0.375	0.424	0.376	0.445	0.424	10.86	11.47	11.76	11.8	13.1
CAF061	11/08/2012	0.372	0.425	0.376	0.445	0.424	9.42	11.4	11.8	11.8	13.08
CAF061	11/09/2012	0.372	0.424	0.375	0.444	0.424	7.91	10.89	11.72	11.78	13
CAF061	11/10/2012	0.372	0.424	0.375	0.444	0.423	6.92	10.3	11.54	11.65	12.98
CAF061	11/11/2012	0.37	0.423	0.374	0.444	0.422	6.03	9.73	11.3	11.45	12.9
CAF061	11/12/2012	0.367	0.422	0.373	0.443	0.422	5.32	9.18	11	11.21	12.81
CAF061	11/13/2012	0.41	0.424	0.371	0.442	0.421	4.79	8.69	10.69	10.95	12.69
CAF061	11/14/2012	0.414	0.443	0.37	0.442	0.421	4.6	8.15	10.35	10.67	12.55
CAF061	11/15/2012	0.403	0.449	0.371	0.441	0.42	5.18	8	10.07	10.39	12.41
CAF061	11/16/2012	0.398	0.45	0.374	0.44	0.42	5.62	8	9.82	10.13	12.25
CAF061	11/17/2012	0.395	0.45	0.377	0.44	0.42	6	7.97	9.62	9.95	12.08
CAF061	11/18/2012	0.399	0.45	0.379	0.44	0.419	6.19	8.1	9.54	9.82	11.94
CAF061	11/19/2012	0.416	0.457	0.383	0.442	0.419	5.89	8	9.47	9.72	11.8
CAF061	11/20/2012	0.419	0.48	0.407	0.452	0.443	6.29	7.93	9.32	9.59	11.64
CAF061	11/21/2012	0.414	0.487	0.418	0.451	0.444	6.75	7.98	9.13	9.46	11.45
CAF061	11/22/2012	0.405	0.482	0.416	0.451	0.444	6.12	8.07	9.09	9.38	11.32
CAF061	11/23/2012	0.399	0.472	0.415	0.451	0.442	5.4	7.85	9	9.3	11.21
CAF061	11/24/2012	0.407	0.477	0.415	0.452	0.442	5.46	7.6	8.95	9.22	11.13
CAF061	11/25/2012	0.405	0.48	0.416	0.452	0.443	5.62	7.5	8.82	9.08	11.01
CAF061	11/26/2012	0.399	0.478	0.415	0.452	0.443	5.13	7.47	8.72	8.98	10.93
CAF061	11/27/2012	0.395	0.473	0.414	0.452	0.443	4.5	7.22	8.64	8.88	10.85
CAF061	11/28/2012	0.394	0.47	0.413	0.452	0.442	4.4	6.98	8.5	8.76	10.77
CAF061	11/29/2012	0.394	0.469	0.413	0.451	0.442	4.73	6.88	8.32	8.63	10.68
CAF061	11/30/2012	0.404	0.471	0.413	0.451	0.442	5.43	6.9	8.25	8.51	10.58
CAF061	12/01/2012	0.405	0.473	0.414	0.451	0.443	6.13	7.1	8.2	8.41	10.48
CAF061	12/02/2012	0.418	0.487	0.416	0.453	0.443	6.16	7.28	8.2	8.4	10.35
CAF061	12/03/2012	0.41	0.487	0.417	0.453	0.444	5.82	7.3	8.1	8.4	10.25
CAF061	12/04/2012	0.413	0.487	0.417	0.454	0.445	5.72	7.24	8.1	8.35	10.18
CAF061	12/05/2012	0.415	0.488	0.417	0.454	0.445	5.98	7.2	8.1	8.3	10.1
CAF061	12/06/2012	0.409	0.487	0.417	0.454	0.446	5.49	7.23	8	8.28	10.03
CAF061	12/07/2012	0.412	0.487	0.417	0.455	0.447	4.69	7.03	8	8.2	9.99
CAF061	12/08/2012	0.413	0.488	0.417	0.455	0.447	4.08	6.7	7.9	8.15	9.9
CAF061	12/09/2012	0.404	0.485	0.416	0.454	0.448	3.68	6.39	7.71	8.03	9.85
CAF061	12/10/2012	0.4	0.482	0.415	0.454	0.448	3.38	6.12	7.58	7.88	9.8
CAF061	12/11/2012	0.404	0.481	0.414	0.453	0.448	3.16	5.88	7.43	7.74	9.7
CAF061	12/12/2012	0.417	0.486	0.415	0.454	0.449	2.97	5.67	7.25	7.57	9.61
CAF061	12/13/2012	0.416	0.488	0.415	0.455	0.449	2.9	5.45	7.07	7.41	9.48
CAF061	12/14/2012	0.41	0.486	0.414	0.453	0.448	2.85	5.32	6.9	7.25	9.38
CAF061	12/15/2012	0.405	0.484	0.414	0.452	0.449	2.74	5.22	6.76	7.13	9.28
CAF061	12/16/2012	0.404	0.483	0.413	0.452	0.449	2.7	5.12	6.65	7.01	9.17
CAF061	12/17/2012	0.412	0.485	0.413	0.453	0.448	2.65	5.03	6.54	6.89	9.07
CAF061	12/18/2012	0.409	0.486	0.414	0.453	0.448	2.56	4.91	6.43	6.77	8.95
CAF061	12/19/2012	0.401	0.483	0.413	0.453	0.448	2.45	4.83	6.28	6.67	8.86
CAF061	12/20/2012	0.396	0.481	0.412	0.453	0.448	2.32	4.74	6.2	6.57	8.77
CAF061	12/21/2012	0.395	0.48	0.412	0.453	0.448	2.29	4.65	6.12	6.48	8.7
CAF061	12/22/2012	0.395	0.477	0.411	0.452	0.448	2.23	4.52	6.03	6.38	8.61
CAF061	12/23/2012	0.397	0.476	0.41	0.452	0.448	2.2	4.5	5.95	6.3	8.53
CAF061	12/24/2012	0.398	0.476	0.41	0.453	0.448	2.19	4.44	5.85	6.2	8.45
CAF061	12/25/2012	0.399	0.477	0.411	0.453	0.448	2.19	4.4	5.8	6.12	8.37
CAF061	12/26/2012	0.399	0.477	0.411	0.453	0.448	2.19	4.34	5.72	6.05	8.3
CAF061	12/27/2012	0.399	0.477	0.41	0.453	0.448	2.2	4.3	5.68	5.98	8.2
CAF061	12/28/2012	0.4	0.477	0.41	0.453	0.448	2.2	4.3	5.6	5.9	8.14
CAF061	12/29/2012	0.4	0.477	0.41	0.453	0.448	2.22	4.3	5.57	5.83	8.08
CAF061	12/30/2012	0.399	0.476	0.41	0.454	0.448	2.27	4.25	5.5	5.8	8
CAF061	12/31/2012	0.397	0.475	0.41	0.454	0.448	2.29	4.2	5.5	5.72	7.92
CAF061	01/01/2013	0.396	0.474	0.41	0.454	0.448	2.26	4.17	5.38	5.7	7.89
CAF061	01/02/2013	0.394	0.472	0.41	0.454	0.448	2.22	4.2	5.4	5.63	7.8
CAF061	01/03/2013	0.393	0.471	0.409	0.454	0.448	2.19	4.15	5.37	5.6	7.77
CAF061	01/04/2013	0.39	0.47	0.409	0.454	0.447	2.11	4.1	5.3	5.56	7.7
CAF061	01/05/2013	0.388	0.469	0.409	0.454	0.44	2.1	4.09	5.3	5.5	7.65
CAF061	01/06/2013	0.387	NA	0.409	0.453	0.436	2	NA	5.2	5.49	7.6
CAF061	01/07/2013	0.386	NA	0.409	0.453	0.436	2	NA	5.2	5.4	7.55
CAF061	01/08/2013	0.394	NA	0.409	0.454	0.437	1.99	NA	5.14	5.4	7.5
CAF061	01/09/2013	0.441	NA	0.412	0.457	0.438	1.75	NA	5.07	5.3	7.43
CAF061	01/10/2013	0.421	NA	0.411	0.456	0.438	1.75	NA	4.95	5.23	7.36
CAF061	01/11/2013	0.41	NA	0.412	0.454	0.438	1.8	NA	4.87	5.17	7.3
CAF061	01/12/2013	0.405	NA	0.411	0.455	0.438	1.8	NA	4.8	5.1	7.2
CAF061	01/13/2013	0.4	NA	0.411	0.455	0.438	1.8	NA	4.8	5.1	7.17
CAF061	01/14/2013	0.397	NA	0.41	0.455	0.438	1.76	NA	4.72	5.01	7.1
CAF061	01/15/2013	0.395	NA	0.409	0.455	0.438	1.7	NA	4.7	5	7.07
CAF061	01/16/2013	0.394	NA	0.409	0.456	0.438	1.7	NA	4.7	4.99	7
CAF061	01/17/2013	0.393	NA	0.408	0.456	0.437	1.7	NA	4.63	4.9	7
CAF061	01/18/2013	0.392	NA	0.408	0.455	0.437	1.7	NA	4.6	4.9	6.9
CAF061	01/19/2013	0.39	NA	0.408	0.455	0.437	1.65	NA	4.6	4.85	6.9
CAF061	01/20/2013	0.389	NA	0.408	0.455	0.437	1.6	NA	4.55	4.8	6.85
CAF061	01/21/2013	0.387	NA	0.408	0.455	0.437	1.6	NA	4.5	4.8	6.8
CAF061	01/22/2013	0.385	NA	0.408	0.455	0.437	1.6	NA	4.5	4.75	6.8
CAF061	01/23/2013	0.383	NA	0.407	0.454	0.437	1.55	NA	4.47	4.7	6.7
CAF061	01/24/2013	0.383	NA	0.407	0.454	0.437	1.5	NA	4.4	4.7	6.7
CAF061	01/25/2013	0.409	NA	0.408	0.455	0.437	1.47	NA	4.4	4.65	6.66
CAF061	01/26/2013	0.435	NA	0.411	0.459	0.438	1.4	NA	4.33	4.6	6.6
CAF061	01/27/2013	0.421	NA	0.41	0.458	0.438	1.43	NA	4.24	4.52	6.52
CAF061	01/28/2013	0.416	NA	0.41	0.456	0.437	1.5	NA	4.2	4.5	6.5
CAF061	01/29/2013	0.415	NA	0.411	0.456	0.437	1.5	NA	4.2	4.46	6.43
CAF061	01/30/2013	0.455	NA	0.411	0.46	0.438	1.49	NA	4.12	4.4	6.4
CAF061	01/31/2013	0.434	NA	0.41	0.46	0.438	2.13	NA	4.1	4.4	6.36
CAF061	02/01/2013	0.425	NA	0.41	0.458	0.437	2.7	NA	4.1	4.4	6.3
CAF061	02/02/2013	0.42	NA	0.411	0.457	0.437	2.78	NA	4.14	4.4	6.3
CAF061	02/03/2013	0.417	NA	0.411	0.456	0.437	2.78	NA	4.2	4.45	6.3
CAF061	02/04/2013	0.414	NA	0.411	0.456	0.437	3.06	NA	4.29	4.5	6.3
CAF061	02/05/2013	0.413	NA	0.411	0.456	0.437	3.4	NA	4.33	4.53	6.29
CAF061	02/06/2013	0.411	NA	0.411	0.456	0.437	3.32	NA	4.4	4.6	6.3
CAF061	02/07/2013	0.41	NA	0.412	0.457	0.438	3.23	NA	4.5	4.65	6.3
CAF061	02/08/2013	0.411	NA	0.412	0.457	0.438	2.96	NA	4.51	4.7	6.3
CAF061	02/09/2013	0.416	NA	0.412	0.457	0.438	2.64	NA	4.6	4.7	6.3
CAF061	02/10/2013	0.417	NA	0.412	0.457	0.438	2.38	NA	4.59	4.7	6.3
CAF061	02/11/2013	0.414	NA	0.412	0.457	0.438	2.15	NA	4.5	4.7	6.3
CAF061	02/12/2013	0.415	NA	0.412	0.457	0.438	2.28	NA	4.5	4.68	6.3
CAF061	02/13/2013	0.416	NA	0.412	0.457	0.438	2.86	NA	4.44	4.6	6.3
CAF061	02/14/2013	0.415	NA	0.412	0.457	0.438	3.01	NA	4.42	4.6	6.3
CAF061	02/15/2013	0.415	NA	0.412	0.457	0.438	3	NA	4.5	4.6	6.3
CAF061	02/16/2013	0.415	0.488	0.412	0.457	0.438	3.43	4.1	4.5	4.6	6.3
CAF061	02/17/2013	0.416	0.488	0.412	0.457	0.438	3.54	4.22	4.53	4.7	6.25
CAF061	02/18/2013	0.415	0.488	0.412	0.457	0.438	3.25	4.3	4.6	4.7	6.26
CAF061	02/19/2013	0.416	0.488	0.412	0.457	0.438	2.84	4.22	4.6	4.7	6.3
CAF061	02/20/2013	0.418	0.489	0.412	0.457	0.439	2.84	4.11	4.6	4.7	6.3
CAF061	02/21/2013	0.417	0.489	0.412	0.458	0.439	2.85	4.1	4.6	4.7	6.3
CAF061	02/22/2013	0.426	0.491	0.412	0.459	0.439	2.38	4.02	4.6	4.7	6.3
CAF061	02/23/2013	0.459	0.495	0.414	0.462	0.439	2.11	3.84	4.57	4.7	6.29
CAF061	02/24/2013	0.459	0.495	0.414	0.462	0.44	2.07	3.72	4.5	4.63	6.2
CAF061	02/25/2013	0.459	0.496	0.414	0.462	0.44	2.1	3.65	4.43	4.6	6.2
CAF061	02/26/2013	0.46	0.496	0.414	0.463	0.44	2.13	3.6	4.4	4.52	6.2
CAF061	02/27/2013	0.461	0.496	0.414	0.463	0.44	2.22	3.6	4.33	4.5	6.2
CAF061	02/28/2013	0.461	0.497	0.414	0.463	0.44	2.59	3.62	4.3	4.46	6.13
CAF061	03/01/2013	0.46	0.497	0.414	0.463	0.44	3.02	3.72	4.3	4.4	6.1
CAF061	03/02/2013	0.458	0.497	0.414	0.463	0.439	3.78	3.94	4.3	4.41	6.1
CAF061	03/03/2013	0.459	0.497	0.415	0.464	0.44	4.05	4.23	4.4	4.5	6.1
CAF061	03/04/2013	0.462	0.497	0.415	0.464	0.44	3.59	4.36	4.5	4.57	6.1
CAF061	03/05/2013	0.461	0.497	0.415	0.464	0.44	3.3	4.3	4.58	4.6	6.1
CAF061	03/06/2013	0.46	0.496	0.414	0.463	0.44	3.24	4.23	4.6	4.7	6.1
CAF061	03/07/2013	0.463	0.496	0.414	0.463	0.44	3.62	4.26	4.6	4.7	6.1
CAF061	03/08/2013	0.462	0.497	0.415	0.464	0.44	3.9	4.37	4.6	4.7	6.1
CAF061	03/09/2013	0.463	0.497	0.416	0.464	0.44	3.91	4.48	4.65	4.7	6.1
CAF061	03/10/2013	0.465	0.497	0.415	0.464	0.441	3.84	4.5	4.7	4.74	6.1
CAF061	03/11/2013	0.466	0.497	0.415	0.464	0.44	3.94	4.51	4.7	4.8	6.1
CAF061	03/12/2013	0.467	0.497	0.415	0.464	0.441	4.43	4.65	4.8	4.8	6.1
CAF061	03/13/2013	0.467	0.497	0.415	0.464	0.441	5.1	4.84	4.81	4.85	6.18
CAF061	03/14/2013	0.467	0.497	0.415	0.464	0.441	5.92	5.18	4.92	4.92	6.2
CAF061	03/15/2013	0.468	0.497	0.416	0.464	0.441	6.27	5.54	5.05	5.03	6.2
CAF061	03/16/2013	0.468	0.497	0.416	0.464	0.441	6.32	5.82	5.22	5.16	6.21
CAF061	03/17/2013	0.469	0.496	0.416	0.465	0.441	5.56	5.9	5.37	5.32	6.3
CAF061	03/18/2013	0.469	0.496	0.417	0.465	0.441	4.66	5.71	5.49	5.4	6.34
CAF061	03/19/2013	0.469	0.497	0.417	0.466	0.442	4.25	5.44	5.5	5.5	6.4
CAF061	03/20/2013	0.471	0.496	0.416	0.464	0.442	4.59	5.24	5.45	5.41	6.45
CAF061	03/21/2013	0.472	0.496	0.416	0.465	0.442	4.54	5.3	5.4	5.4	6.5
CAF061	03/22/2013	0.473	0.496	0.417	0.465	0.442	4	5.17	5.4	5.4	6.5
CAF061	03/23/2013	0.474	0.497	0.417	0.466	0.442	3.77	5	5.36	5.39	6.5
CAF061	03/24/2013	0.474	0.497	0.417	0.466	0.442	3.96	4.9	5.3	5.3	6.5
CAF061	03/25/2013	0.475	0.497	0.417	0.465	0.442	4.11	4.9	5.24	5.3	6.5
CAF061	03/26/2013	0.475	0.497	0.416	0.465	0.442	4.7	4.95	5.2	5.23	6.5
CAF061	03/27/2013	0.476	0.497	0.416	0.465	0.442	5.67	5.19	5.2	5.22	6.5
CAF061	03/28/2013	0.476	0.497	0.417	0.465	0.442	6.38	5.57	5.31	5.3	6.5
CAF061	03/29/2013	0.476	0.497	0.418	0.466	0.442	6.99	5.99	5.45	5.4	6.5
CAF061	03/30/2013	0.475	0.497	0.419	0.467	0.442	7.28	6.34	5.62	5.54	6.5
CAF061	03/31/2013	0.475	0.497	0.419	0.467	0.442	7.8	6.67	5.8	5.7	6.57
CAF061	04/01/2013	0.476	0.498	0.419	0.467	0.443	8.27	6.98	6	5.86	6.6
CAF061	04/02/2013	0.477	0.499	0.42	0.468	0.443	8.46	7.27	6.19	6.05	6.7
CAF061	04/03/2013	0.478	0.499	0.42	0.468	0.443	8.53	7.4	6.38	6.22	6.78
CAF061	04/04/2013	0.479	NA	0.421	0.468	0.443	8.77	NA	6.55	6.37	6.86
CAF061	04/05/2013	0.482	NA	0.42	0.467	0.443	8.6	NA	6.73	6.54	6.95
CAF061	04/06/2013	0.482	NA	0.421	0.467	0.443	8.64	NA	6.86	6.66	7.05
CAF061	04/07/2013	0.482	NA	0.42	0.467	0.444	8.33	NA	6.98	6.77	7.14
CAF061	04/08/2013	0.482	NA	0.421	0.468	0.444	7.82	NA	7.08	6.88	7.22
CAF061	04/09/2013	0.481	NA	0.423	0.468	0.444	7.49	NA	7.1	6.9	7.31
CAF061	04/10/2013	0.482	NA	0.422	0.468	0.444	7.82	NA	7.1	7	7.4
CAF061	04/11/2013	0.48	NA	0.423	0.469	0.445	7.42	NA	7.14	7	7.45
CAF061	04/12/2013	0.479	NA	0.422	0.469	0.445	7.15	NA	7.2	7	7.5
CAF061	04/13/2013	0.481	NA	0.421	0.468	0.445	7.22	NA	7.14	7	7.54
CAF061	04/14/2013	0.48	NA	0.422	0.468	0.445	6.7	NA	7.1	7	7.6
CAF061	04/15/2013	0.479	NA	0.423	0.469	0.445	6.53	NA	7.1	7	7.6
CAF061	04/16/2013	0.479	NA	0.423	0.469	0.445	6.24	NA	7.09	6.96	7.61
CAF061	04/17/2013	0.481	NA	0.423	0.469	0.445	6.1	NA	7	6.9	7.7
CAF061	04/18/2013	0.481	NA	0.422	0.469	0.445	6.3	NA	6.95	6.86	7.7
CAF061	04/19/2013	0.483	NA	0.422	0.468	0.446	6.55	NA	6.9	6.8	7.7
CAF061	04/20/2013	0.482	NA	0.422	0.468	0.446	6.83	NA	6.9	6.8	7.7
CAF061	04/21/2013	0.48	NA	0.422	0.469	0.446	6.98	NA	6.9	6.8	7.7
CAF061	04/22/2013	0.481	NA	0.423	0.469	0.446	6.92	NA	6.9	6.8	7.7
CAF061	04/23/2013	0.481	NA	0.423	0.469	0.446	7.15	NA	7	6.83	7.7
CAF061	04/24/2013	0.48	NA	0.423	0.469	0.446	7.4	NA	7	6.9	7.7
CAF061	04/25/2013	0.48	NA	0.423	0.469	0.446	8.05	NA	7.05	6.9	7.7
CAF061	04/26/2013	0.479	NA	0.423	0.469	0.446	8.84	NA	7.13	6.98	7.7
CAF061	04/27/2013	0.479	NA	0.423	0.469	0.446	9.45	NA	7.25	7.06	7.76
CAF061	04/28/2013	0.479	NA	0.423	0.469	0.446	9.27	NA	7.43	7.19	7.8
CAF061	04/29/2013	0.478	NA	0.424	0.47	0.446	9.11	NA	7.56	7.33	7.85
CAF061	04/30/2013	0.478	NA	0.424	0.47	0.446	7.99	NA	7.69	7.45	7.9
CAF061	05/01/2013	0.473	NA	0.424	0.47	0.447	7.5	NA	7.7	7.5	8
CAF061	05/02/2013	0.462	NA	0.424	0.47	0.447	8.12	NA	7.7	7.5	8
CAF061	05/03/2013	NA	NA	NA	NA	NA	NA	NA	NA	NA	NA
CAF061	09/24/2014	NA	NA	0.25	0.293	0.304	NA	NA	15.33	15.1	14.71
CAF061	09/25/2014	0.168	0.166	0.25	0.293	0.304	18.58	16.79	15.4	15.17	14.8
CAF061	09/26/2014	0.168	0.166	0.25	0.294	0.305	17.72	16.43	15.4	15.2	14.8
CAF061	09/27/2014	0.167	0.166	0.25	0.294	0.305	17.39	16.3	15.4	15.2	14.8
CAF061	09/28/2014	0.167	0.166	0.25	0.294	0.305	17.32	16.22	15.4	15.2	14.8
CAF061	09/29/2014	0.168	0.166	0.25	0.294	0.305	17.52	16.2	15.33	15.13	14.8
CAF061	09/30/2014	0.167	0.166	0.25	0.294	0.305	16.63	16.15	15.3	15.1	14.8
CAF061	10/01/2014	0.165	0.166	0.25	0.294	0.305	15.14	15.87	15.29	15.1	14.83
CAF061	10/02/2014	0.164	0.165	0.25	0.294	0.305	14.17	15.42	15.15	15	14.81
CAF061	10/03/2014	0.163	0.165	0.249	0.294	0.305	13.8	15	14.94	14.86	14.8
CAF061	10/04/2014	0.163	0.164	0.249	0.293	0.305	13.96	14.68	14.72	14.69	14.8
CAF061	10/05/2014	0.164	0.164	0.249	0.293	0.305	14.57	14.51	14.54	14.53	14.72
CAF061	10/06/2014	0.165	0.164	0.249	0.293	0.305	15.23	14.57	14.4	14.38	14.67
CAF061	10/07/2014	0.166	0.164	0.248	0.293	0.305	15.89	14.71	14.3	14.3	14.6
CAF061	10/08/2014	0.167	0.165	0.248	0.293	0.304	16.21	14.9	14.3	14.24	14.52
CAF061	10/09/2014	0.166	0.165	0.248	0.293	0.304	15.61	15	14.4	14.2	14.5
CAF061	10/10/2014	0.166	0.165	0.248	0.293	0.304	15.3	14.9	14.4	14.2	14.45
CAF061	10/11/2014	0.166	0.165	0.248	0.293	0.304	15.43	14.8	14.3	14.2	14.4
CAF061	10/12/2014	0.165	0.165	0.248	0.293	0.304	14.64	14.76	14.3	14.13	14.4
CAF061	10/13/2014	0.164	0.164	0.248	0.293	0.304	14.2	14.54	14.22	14.1	14.4
CAF061	10/14/2014	0.165	0.164	0.248	0.293	0.304	14.23	14.36	14.13	14	14.31
CAF061	10/15/2014	0.164	0.164	0.248	0.293	0.304	13.82	14.25	14.05	13.93	14.3
CAF061	10/16/2014	0.164	0.164	0.248	0.292	0.304	12.54	14.02	13.96	13.86	14.26
CAF061	10/17/2014	0.168	0.163	0.248	0.293	0.304	11.85	13.57	13.82	13.76	14.2
CAF061	10/18/2014	0.168	0.163	0.247	0.293	0.303	12.15	13.25	13.64	13.63	14.16
CAF061	10/19/2014	0.169	0.163	0.247	0.293	0.303	12.78	13.19	13.47	13.47	14.1
CAF061	10/20/2014	0.17	0.163	0.247	0.292	0.303	13.32	13.2	13.38	13.38	14
CAF061	10/21/2014	0.17	0.163	0.247	0.292	0.303	13.67	13.28	13.3	13.3	13.94
CAF061	10/22/2014	0.169	0.163	0.247	0.292	0.302	12.71	13.3	13.3	13.28	13.9
CAF061	10/23/2014	0.168	0.163	0.247	0.292	0.302	12.44	13.15	13.25	13.2	13.8
CAF061	10/24/2014	0.168	0.162	0.247	0.292	0.302	11.76	12.97	13.17	13.12	13.79
CAF061	10/25/2014	0.167	0.162	0.246	0.292	0.302	11.38	12.73	13.06	13.04	13.7
CAF061	10/26/2014	0.167	0.162	0.246	0.292	0.302	11.43	12.55	12.95	12.95	13.66
CAF061	10/27/2014	0.166	0.162	0.246	0.292	0.301	10.59	12.38	12.84	12.85	13.6
CAF061	10/28/2014	0.165	0.161	0.246	0.291	0.301	10.03	12.1	12.68	12.73	13.51
CAF061	10/29/2014	0.165	0.161	0.246	0.291	0.301	9.763	11.81	12.51	12.57	13.46
CAF061	10/30/2014	0.166	0.161	0.245	0.291	0.3	10.28	11.62	12.34	12.43	13.38
CAF061	10/31/2014	0.166	0.161	0.245	0.291	0.3	10.82	11.6	12.22	12.3	13.3
CAF061	11/01/2014	0.167	0.161	0.245	0.29	0.3	11.07	11.68	12.15	12.2	13.2
CAF061	11/02/2014	0.165	0.161	0.245	0.29	0.299	9.954	11.67	12.1	12.17	13.11
CAF061	11/03/2014	0.165	0.16	0.245	0.29	0.299	9.321	11.44	12.04	12.09	13.06
CAF061	11/04/2014	0.165	0.16	0.245	0.29	0.299	9.225	11.18	11.9	11.98	13
CAF061	11/05/2014	0.165	0.16	0.245	0.29	0.298	9.583	11.03	11.76	11.87	12.91
CAF061	11/06/2014	0.166	0.16	0.244	0.29	0.298	10.25	11.04	11.67	11.78	12.85
CAF061	11/07/2014	0.166	0.16	0.244	0.29	0.298	10.23	11.13	11.6	11.7	12.78
CAF061	11/08/2014	0.165	0.16	0.244	0.289	0.297	9.508	11.08	11.6	11.67	12.7
CAF061	11/09/2014	0.165	0.16	0.244	0.289	0.297	9.225	10.92	11.52	11.6	12.63
CAF061	11/10/2014	0.164	0.159	0.244	0.289	0.297	8.617	10.75	11.42	11.5	12.6
CAF061	11/11/2014	0.162	0.159	0.244	0.289	0.297	7.383	10.48	11.29	11.4	12.5
CAF061	11/12/2014	0.16	0.158	0.244	0.289	0.296	5.621	9.962	11.1	11.26	12.45
CAF061	11/13/2014	0.158	0.158	0.243	0.288	0.296	4.233	9.317	10.8	11.05	12.37
CAF061	11/14/2014	0.158	0.157	0.243	0.288	0.296	3.525	8.717	10.44	10.76	12.27
CAF061	11/15/2014	0.157	0.156	0.242	0.287	0.295	2.713	8.221	10.07	10.47	12.14
CAF061	11/16/2014	0.156	0.155	0.242	0.286	0.294	1.958	7.721	9.738	10.18	11.99
CAF061	11/17/2014	0.155	0.155	0.242	0.286	0.294	1.608	7.246	9.421	9.9	11.84
CAF061	11/18/2014	0.155	0.154	0.241	0.285	0.293	1.688	6.888	9.129	9.633	11.67
CAF061	11/19/2014	0.156	0.154	0.241	0.284	0.292	2.042	6.646	8.875	9.379	11.5
CAF061	11/20/2014	0.156	0.154	0.24	0.284	0.291	2.379	6.529	8.663	9.129	11.32
CAF061	11/21/2014	0.156	0.153	0.24	0.283	0.291	2.575	6.421	8.458	8.925	11.15
CAF061	11/22/2014	0.157	0.153	0.24	0.283	0.29	3.25	6.4	8.313	8.737	10.97
CAF061	11/23/2014	0.158	0.153	0.239	0.283	0.289	3.842	6.45	8.196	8.571	10.83
CAF061	11/24/2014	0.158	0.153	0.239	0.282	0.289	3.725	6.546	8.1	8.467	10.67
CAF061	11/25/2014	0.159	0.152	0.239	0.282	0.288	4.042	6.512	8.1	8.387	10.54
CAF061	11/26/2014	0.192	0.152	0.239	0.282	0.287	5.033	6.654	8.013	8.3	10.42
CAF061	11/27/2014	0.221	0.152	0.239	0.282	0.287	5.846	6.892	8.079	8.3	10.31
CAF061	11/28/2014	0.224	0.153	0.239	0.282	0.287	6.729	7.171	8.113	8.3	10.22
CAF061	11/29/2014	0.243	0.153	0.239	0.282	0.286	6.754	7.479	8.221	8.304	10.15
CAF061	11/30/2014	0.246	0.154	0.239	0.282	0.286	5.237	7.554	8.3	8.4	10.1
CAF061	12/01/2014	0.24	0.153	0.239	0.282	0.286	4.129	7.279	8.3	8.4	10.1
CAF061	12/02/2014	0.237	0.153	0.239	0.282	0.286	3.5	6.938	8.237	8.342	10.02
CAF061	12/03/2014	0.235	0.152	0.239	0.282	0.285	3.079	6.633	8.079	8.229	10
CAF061	12/04/2014	0.233	0.152	0.239	0.281	0.285	2.842	6.379	7.942	8.075	9.912
CAF061	12/05/2014	0.236	0.152	0.239	0.281	0.285	2.713	6.162	7.8	7.946	9.846
CAF061	12/06/2014	0.266	0.152	0.238	0.281	0.284	3.092	5.963	7.654	7.817	9.758
CAF061	12/07/2014	0.271	0.153	0.238	0.28	0.284	3.725	5.967	7.567	7.7	9.663
CAF061	12/08/2014	0.267	0.153	0.238	0.28	0.284	4.087	6.071	7.5	7.604	9.567
CAF061	12/09/2014	0.264	0.153	0.238	0.28	0.283	4.808	6.179	7.5	7.6	9.492
CAF061	12/10/2014	0.263	0.153	0.238	0.28	0.283	5.487	6.375	7.5	7.525	9.4
CAF061	12/11/2014	0.262	0.154	0.238	0.28	0.283	6.121	6.617	7.55	7.575	9.342
CAF061	12/12/2014	0.272	0.154	0.238	0.28	0.282	6.579	6.871	7.625	7.6	9.3
CAF061	12/13/2014	0.287	0.155	0.238	0.28	0.282	6.321	7.062	7.729	7.662	9.3
CAF061	12/14/2014	0.276	0.155	0.238	0.28	0.282	5.529	7.079	7.8	7.7	9.237
CAF061	12/15/2014	0.271	0.155	0.238	0.28	0.282	4.767	6.917	7.8	7.7	9.2
CAF061	12/16/2014	0.268	0.155	0.238	0.28	0.282	4.112	6.662	7.771	7.7	9.2
CAF061	12/17/2014	0.268	0.154	0.238	0.28	0.282	3.95	6.413	7.662	7.633	9.2
CAF061	12/18/2014	0.267	0.154	0.238	0.28	0.282	4.117	6.242	7.567	7.546	9.192
CAF061	12/19/2014	0.284	0.154	0.238	0.279	0.282	4.55	6.2	7.488	7.467	9.1
CAF061	12/20/2014	0.292	0.155	0.238	0.279	0.281	4.425	6.2	7.4	7.4	9.079
CAF061	12/21/2014	0.31	0.278	0.238	0.28	0.281	4.746	6.029	7.367	7.329	9
CAF061	12/22/2014	0.29	0.275	0.238	0.28	0.281	5.225	6.146	7.3	7.237	8.967
CAF061	12/23/2014	0.283	0.271	0.238	0.28	0.281	4.737	6.2	7.3	7.2	8.9
CAF061	12/24/2014	0.298	0.275	0.238	0.28	0.281	4.308	6.162	7.254	7.2	8.854
CAF061	12/25/2014	0.298	0.284	0.237	0.28	0.281	4.008	5.996	7.192	7.125	8.8
CAF061	12/26/2014	0.289	0.279	0.237	0.281	0.281	3.6	5.85	7.096	7.071	8.763
CAF061	12/27/2014	0.284	0.276	0.237	0.281	0.28	3.275	5.675	6.979	6.996	8.7
CAF061	12/28/2014	0.28	0.274	0.237	0.281	0.28	3.025	5.512	6.867	6.896	8.646
CAF061	12/29/2014	0.281	0.273	0.237	0.281	0.28	2.9	5.35	6.742	6.783	8.596
CAF061	12/30/2014	0.279	0.272	0.237	0.281	0.28	2.8	5.25	6.617	6.683	8.5
CAF061	12/31/2014	0.275	0.271	0.237	0.281	0.279	2.65	5.121	6.483	6.583	8.429
CAF061	01/01/2015	0.27	0.27	0.237	0.281	0.279	2.471	5	6.358	6.479	8.358
CAF061	01/02/2015	0.266	0.27	0.237	0.281	0.279	2.271	4.871	6.233	6.367	8.283
CAF061	01/03/2015	0.263	0.269	0.237	0.281	0.279	2.133	4.737	6.083	6.25	8.2
CAF061	01/04/2015	0.261	0.269	0.237	0.281	0.278	2.1	4.625	5.958	6.15	8.108
CAF061	01/05/2015	0.263	0.283	0.237	0.349	0.278	2.025	4.488	5.842	6.042	8.029
CAF061	01/06/2015	0.287	0.293	0.256	0.435	0.278	1.971	4.354	5.671	5.867	7.95
CAF061	01/07/2015	0.291	0.29	0.348	0.434	0.277	2.554	4.3	5.546	5.779	7.858
CAF061	01/08/2015	0.286	0.286	0.368	0.433	0.277	3.033	4.392	5.5	5.7	7.771
CAF061	01/09/2015	0.284	0.284	0.372	0.436	0.277	2.871	4.5	5.5	5.7	7.7
CAF061	01/10/2015	0.283	0.283	0.374	0.436	0.277	2.733	4.504	5.5	5.7	7.604
CAF061	01/11/2015	0.282	0.283	0.375	0.438	0.276	2.783	4.5	5.5	5.692	7.583
CAF061	01/12/2015	0.282	0.283	0.375	0.438	0.276	2.95	4.5	5.496	5.6	7.5
CAF061	01/13/2015	0.282	0.283	0.376	0.438	0.276	2.879	4.587	5.404	5.6	7.5
CAF061	01/14/2015	0.28	0.283	0.376	0.438	0.276	2.854	4.583	5.4	5.6	7.404
CAF061	01/15/2015	0.277	0.282	0.376	0.439	0.276	2.646	4.5	5.4	5.6	7.4
CAF061	01/16/2015	0.279	0.282	0.376	0.439	0.275	2.583	4.417	5.321	5.55	7.367
CAF061	01/17/2015	0.289	0.283	0.377	0.441	0.275	2.767	4.4	5.3	5.5	7.3
CAF061	01/18/2015	0.322	0.379	0.419	0.444	0.403	2.737	4.229	5.162	5.438	7.233
CAF061	01/19/2015	0.3	0.38	0.425	0.445	0.415	3.271	4.212	5.008	5.346	7.112
CAF061	01/20/2015	0.292	0.353	0.416	0.445	0.414	3.308	4.35	5.087	5.3	7.1
CAF061	01/21/2015	0.287	0.329	0.408	0.444	0.414	3.108	4.4	5.1	5.3	7.079
CAF061	01/22/2015	0.283	0.316	0.402	0.444	0.413	2.708	4.4	5.1	5.3	7
CAF061	01/23/2015	0.281	0.309	0.401	0.444	0.413	2.567	4.308	5.1	5.3	7
CAF061	01/24/2015	0.281	0.306	0.401	0.445	0.413	3.433	4.275	5.1	5.254	7
CAF061	01/25/2015	0.281	0.303	0.401	0.444	0.413	4.325	4.433	5.1	5.2	6.967
CAF061	01/26/2015	0.28	0.302	0.401	0.445	0.413	4.975	4.696	5.137	5.254	6.9
CAF061	01/27/2015	0.279	0.301	0.401	0.444	0.414	5.3	4.963	5.242	5.304	6.9
CAF061	01/28/2015	0.277	0.299	0.401	0.445	0.414	5.354	5.154	5.354	5.4	6.9
CAF061	01/29/2015	0.275	0.298	0.401	0.445	0.415	5.188	5.3	5.562	5.492	6.9
CAF061	01/30/2015	0.273	0.298	0.401	0.446	0.415	4.833	5.3	5.683	5.571	6.929
CAF061	01/31/2015	0.272	0.297	0.401	0.447	0.416	4.287	5.3	5.721	5.608	7
CAF061	02/01/2015	0.271	0.296	0.401	0.446	0.416	3.937	5.275	5.8	5.7	7
CAF061	02/02/2015	0.27	0.296	0.401	0.447	0.416	3.537	5.137	5.767	5.7	7
CAF061	02/03/2015	0.275	0.296	0.402	0.449	0.416	3.738	5.021	5.7	5.7	7
CAF061	02/04/2015	0.279	0.297	0.404	0.449	0.416	4.075	5	5.7	5.604	7
CAF061	02/05/2015	0.281	0.298	0.403	0.449	0.416	4.358	5.025	5.7	5.6	7
CAF061	02/06/2015	0.283	0.3	0.403	0.448	0.416	5.204	5.129	5.7	5.6	7
CAF061	02/07/2015	0.292	0.303	0.405	0.448	0.417	5.721	5.317	5.7	5.621	7
CAF061	02/08/2015	0.296	0.323	0.409	0.449	0.418	6.129	5.525	5.813	5.7	7
CAF061	02/09/2015	0.318	0.374	0.411	0.451	0.418	6.417	5.729	5.933	5.771	7
CAF061	02/10/2015	0.317	0.388	0.41	0.452	0.419	6.562	5.925	6.058	5.854	7
CAF061	02/11/2015	0.306	0.388	0.411	0.45	0.419	6.417	6.083	6.171	5.954	7.012
CAF061	02/12/2015	0.3	0.387	0.412	0.45	0.419	6.604	6.187	6.296	6.042	7.1
CAF061	02/13/2015	0.296	0.387	0.412	0.451	0.419	6.775	6.267	6.383	6.108	7.1
CAF061	02/14/2015	0.293	0.386	0.412	0.45	0.42	6.579	6.388	6.479	6.2	7.1
CAF061	02/15/2015	0.291	0.387	0.413	0.451	0.42	6.571	6.4	6.546	6.267	7.179
CAF061	02/16/2015	0.289	0.386	0.413	0.451	0.42	6.146	6.4	6.6	6.3	7.2
CAF061	02/17/2015	0.287	0.387	0.413	0.451	0.42	5.542	6.375	6.608	6.4	7.2
CAF061	02/18/2015	0.286	0.386	0.413	0.451	0.42	5.254	6.233	6.604	6.4	7.296
CAF061	02/19/2015	0.285	0.387	0.414	0.451	0.42	5.108	6.121	6.6	6.396	7.3
CAF061	02/20/2015	0.285	0.387	0.414	0.452	0.42	5.317	6.004	6.537	6.3	7.3
CAF061	02/21/2015	0.285	0.388	0.414	0.452	0.42	5.375	6	6.5	6.3	7.3
CAF061	02/22/2015	0.285	0.388	0.415	0.453	0.421	4.625	5.954	6.5	6.3	7.3
CAF061	02/23/2015	0.283	0.387	0.415	0.453	0.421	3.808	5.779	6.45	6.267	7.3
CAF061	02/24/2015	0.282	0.387	0.415	0.453	0.421	3.512	5.529	6.358	6.179	7.3
CAF061	02/25/2015	0.282	0.386	0.414	0.452	0.42	3.642	5.338	6.229	6.1	7.3
CAF061	02/26/2015	0.282	0.386	0.414	0.452	0.42	4.008	5.3	6.1	6.012	7.279
CAF061	02/27/2015	0.282	0.386	0.413	0.453	0.42	4.275	5.3	6.012	5.938	7.2
CAF061	02/28/2015	0.282	0.385	0.414	0.454	0.42	4.525	5.3	6	5.9	7.2
CAF061	03/01/2015	0.281	0.384	0.414	0.454	0.42	4.279	5.3	6	5.9	7.167
CAF061	03/02/2015	0.281	0.383	0.413	0.453	0.42	3.95	5.283	5.908	5.804	7.1
CAF061	03/03/2015	0.28	0.382	0.413	0.454	0.42	3.8	5.179	5.9	5.8	7.1
CAF061	03/04/2015	0.279	0.38	0.414	0.454	0.42	3.667	5.1	5.804	5.733	7.1
CAF061	03/05/2015	0.279	0.376	0.414	0.454	0.421	3.683	5.012	5.746	5.7	7.1
CAF061	03/06/2015	0.279	0.37	0.414	0.454	0.421	4.262	5	5.7	5.608	7.021
CAF061	03/07/2015	0.279	0.37	0.414	0.454	0.42	5.167	5.054	5.65	5.6	7
CAF061	03/08/2015	0.28	0.369	0.414	0.454	0.42	5.796	5.246	5.696	5.6	7
CAF061	03/09/2015	0.28	0.368	0.414	0.454	0.42	6.325	5.438	5.717	5.6	6.971
CAF061	03/10/2015	0.28	0.368	0.414	0.453	0.422	6.792	5.675	5.833	5.625	6.9
CAF061	03/11/2015	0.28	0.367	0.415	0.454	0.423	7.438	5.913	5.95	5.7	6.9
CAF061	03/12/2015	0.28	0.366	0.416	0.455	0.424	7.633	6.192	6.087	5.796	6.983
CAF061	03/13/2015	0.28	0.365	0.417	0.455	0.424	7.858	6.421	6.254	5.892	7
CAF061	03/14/2015	0.28	0.365	0.417	0.454	0.423	8.283	6.617	6.425	6.017	7
CAF061	03/15/2015	0.284	0.371	0.417	0.454	0.423	8.325	6.817	6.575	6.133	7.058
CAF061	03/16/2015	0.294	0.39	0.419	0.455	0.424	8.067	6.979	6.742	6.254	7.1
CAF061	03/17/2015	0.293	0.391	0.419	0.455	0.424	8.146	7.075	6.875	6.379	7.133
CAF061	03/18/2015	0.306	0.394	0.42	0.457	0.424	7.538	7.171	6.992	6.496	7.2
CAF061	03/19/2015	0.301	0.394	0.42	0.456	0.424	7.483	7.104	7.1	6.596	7.263
CAF061	03/20/2015	0.297	0.393	0.42	0.456	0.424	7.642	7.129	7.146	6.658	7.3
CAF061	03/21/2015	0.294	0.393	0.421	0.456	0.425	8.088	7.2	7.2	6.7	7.383
CAF061	03/22/2015	0.291	0.393	0.421	0.456	0.425	7.875	7.338	7.263	6.792	7.4
CAF061	03/23/2015	0.294	0.393	0.421	0.457	0.425	7.717	7.4	7.313	6.863	7.467
CAF061	03/24/2015	0.317	0.396	0.422	0.459	0.426	6.975	7.346	7.4	6.9	7.5
CAF061	03/25/2015	0.311	0.397	0.423	0.459	0.426	6.292	7.171	7.4	6.9	7.529
CAF061	03/26/2015	0.306	0.397	0.423	0.458	0.427	6.896	7.008	7.342	6.9	7.6
CAF061	03/27/2015	0.303	0.396	0.422	0.457	0.426	8.279	7.071	7.3	6.9	7.6
CAF061	03/28/2015	0.307	0.397	0.423	0.46	0.427	9.333	7.367	7.346	6.933	7.6
CAF061	03/29/2015	0.305	0.397	0.424	0.458	0.427	8.629	7.708	7.463	7.033	7.6
CAF061	03/30/2015	0.302	0.397	0.423	0.458	0.427	8.975	7.833	7.592	7.133	7.679
CAF061	03/31/2015	0.303	0.398	0.423	0.458	0.427	9.433	7.971	7.7	7.229	7.7
CAF061	04/01/2015	0.299	0.399	0.423	0.458	0.427	8.346	8.1	7.825	7.338	7.767
CAF061	04/02/2015	0.297	0.4	0.424	0.459	0.428	7.675	7.996	7.9	7.4	7.8
CAF061	04/03/2015	0.296	0.4	0.423	0.459	0.428	7.212	7.838	7.904	7.4	7.879
CAF061	04/04/2015	0.295	0.4	0.422	0.459	0.428	7.783	7.629	7.938	7.4	7.9
CAF061	04/05/2015	0.294	0.397	0.421	0.458	0.427	7.883	7.642	7.9	7.4	7.9
CAF061	04/06/2015	0.294	0.397	0.421	0.458	0.428	7.858	7.667	7.9	7.4	7.946
CAF061	04/07/2015	0.295	0.397	0.421	0.458	0.428	7.154	7.637	7.975	7.4	8
CAF061	04/08/2015	0.295	0.398	0.421	0.458	0.428	7.713	7.583	8	7.4	8
CAF061	04/09/2015	0.293	0.398	0.421	0.459	0.428	7.921	7.6	8	7.4	8
CAF061	04/10/2015	0.293	0.398	0.421	0.459	0.428	8.296	7.642	8	7.4	8
CAF061	04/11/2015	0.292	0.398	0.419	0.459	0.428	8.921	7.8	8	7.4	8
CAF061	04/12/2015	0.291	0.399	0.42	0.46	0.429	8.083	7.921	8.075	7.4	8
CAF061	04/13/2015	0.29	0.399	0.419	0.459	0.429	7.946	7.9	8.1	7.5	8
CAF061	04/14/2015	0.29	0.399	0.42	0.46	0.429	8.396	7.9	8.1	7.5	8.054
CAF061	04/15/2015	0.289	0.4	0.42	0.461	0.429	7.554	7.896	8.1	7.5	8.1
CAF061	04/16/2015	0.289	0.4	0.42	0.461	0.429	7.979	7.8	8.1	7.5	8.1
CAF061	04/17/2015	0.289	0.399	0.42	0.46	0.429	9.213	7.854	8.1	7.5	8.1
CAF061	04/18/2015	0.289	0.399	0.42	0.46	0.429	10.23	8.092	8.108	7.5	8.1
CAF061	04/19/2015	0.288	0.399	0.42	0.46	0.429	10.61	8.4	8.212	7.567	8.1
CAF061	04/20/2015	0.287	0.399	0.42	0.46	0.429	11.24	8.663	8.329	7.654	8.133
CAF061	04/21/2015	0.288	0.397	0.42	0.46	0.429	11.83	8.954	8.45	7.763	8.2
CAF061	04/22/2015	0.288	0.396	0.421	0.461	0.43	11.82	9.258	8.621	7.9	8.217
CAF061	04/23/2015	0.287	0.396	0.422	0.461	0.43	10.95	9.462	8.788	8.05	8.3
CAF061	04/24/2015	0.286	0.396	0.422	NA	0.43	10.38	9.479	8.921	NA	8.379
CAF061	04/25/2015	0.286	0.395	0.422	NA	0.43	10.1	9.4	9	NA	8.462
CAF061	04/26/2015	0.285	0.394	0.422	NA	0.43	9.871	9.325	9.004	NA	8.525
CAF061	04/27/2015	0.286	0.394	0.422	0.462	0.431	10.26	9.3	9.1	8.4	8.6
CAF061	04/28/2015	0.286	0.394	0.421	0.462	0.43	11.27	9.357	9.1	8.4	8.657
CAF061	04/29/2015	0.286	0.392	0.419	0.461	0.435	12.22	9.613	9.15	8.471	8.7
CAF061	04/30/2015	0.285	0.391	0.421	0.461	0.438	11.88	9.912	9.296	8.567	8.758
CAF061	05/01/2015	0.285	0.391	0.419	0.461	0.438	12.18	10.06	9.45	8.683	8.804
CAF061	05/02/2015	0.285	0.391	0.418	0.461	0.439	12.66	10.25	9.567	8.796	8.9
CAF061	05/03/2015	0.284	0.39	0.418	0.461	0.439	12.83	10.44	9.717	8.913	8.975
CAF061	05/04/2015	0.284	0.39	0.419	0.461	0.439	13.35	10.61	9.846	9.025	9.042
CAF061	05/05/2015	0.284	0.389	0.419	0.461	0.44	13.9	10.84	10	9.146	9.121
CAF061	05/06/2015	0.282	0.389	0.419	0.461	0.44	13.22	11.05	10.15	9.274	9.208
CAF061	05/07/2015	0.282	0.388	0.42	NA	0.44	13.28	11.1	10.3	NA	9.3
CAF061	05/08/2015	0.281	0.388	0.42	NA	0.438	13.69	11.19	10.4	NA	9.4
CAF061	05/09/2015	0.281	0.388	0.42	NA	0.438	14.27	11.35	10.52	NA	9.487
CAF061	05/10/2015	0.28	0.386	0.42	NA	0.437	14.59	11.55	10.65	NA	9.571
CAF061	05/11/2015	0.279	0.385	0.421	NA	0.441	14.85	11.75	10.81	NA	9.663
CAF061	05/12/2015	0.278	0.385	0.421	NA	0.441	15.14	11.95	10.95	NA	9.75
CAF061	05/13/2015	0.312	0.392	0.422	0.462	0.441	14.38	12.14	11.13	10.17	9.846
CAF061	05/14/2015	0.309	0.397	0.422	0.462	0.441	13.15	12.14	11.27	10.2	9.95
CAF061	05/15/2015	0.301	0.396	0.422	NA	0.442	13.75	12	11.3	NA	10.05
CAF061	05/16/2015	0.305	0.397	0.423	NA	0.442	13.41	12	11.36	NA	10.13
CAF061	05/17/2015	0.329	0.4	0.423	NA	0.443	13.7	12	11.4	NA	10.2
CAF061	05/18/2015	0.307	0.399	0.423	NA	0.443	14.08	12.11	11.48	NA	10.3
CAF061	05/19/2015	0.298	0.398	0.423	0.463	0.443	15.02	12.25	11.54	10.65	10.35
CAF061	05/20/2015	0.291	0.397	0.423	NA	0.441	15.95	12.51	11.65	NA	10.41
CAF061	05/21/2015	0.286	0.393	0.423	NA	0.442	16.67	12.85	11.82	NA	10.5
CAF061	05/22/2015	0.282	0.39	0.424	NA	0.443	16.96	13.2	12.01	NA	10.58
CAF061	05/23/2015	0.278	0.389	0.424	NA	0.443	16.65	13.5	12.22	NA	10.67
CAF061	05/24/2015	0.275	0.389	0.425	NA	0.443	16.72	13.66	12.41	NA	10.78
CAF061	05/25/2015	0.273	0.388	0.425	NA	0.444	16.89	13.83	12.57	NA	10.88
CAF061	05/26/2015	0.27	0.388	0.425	NA	0.445	16.54	13.98	12.74	NA	11
CAF061	05/27/2015	0.267	0.388	0.426	NA	0.446	15.89	14.05	12.87	NA	11.12
CAF061	05/28/2015	0.264	0.388	0.426	NA	0.446	16.26	14	12.95	NA	11.22
CAF061	05/29/2015	0.257	0.386	0.426	NA	0.446	16.94	14.09	13.02	NA	11.32
CAF061	05/30/2015	0.247	0.385	0.426	NA	0.446	17.65	14.3	13.13	NA	11.4
CAF061	05/31/2015	0.237	0.384	0.427	NA	0.446	17.93	14.56	13.25	NA	11.5
CAF061	06/01/2015	0.231	0.383	0.427	NA	0.446	17.88	14.78	13.42	NA	11.6
CAF061	06/02/2015	0.228	0.381	0.428	NA	0.447	17.01	14.9	13.57	NA	11.69
CAF061	06/03/2015	0.225	0.38	0.428	NA	0.448	16.1	14.85	13.68	NA	11.79
CAF061	06/04/2015	0.222	0.377	0.428	NA	0.448	15.66	14.67	13.7	NA	11.89
CAF061	06/05/2015	0.219	0.372	0.428	NA	0.448	15.85	14.51	13.7	NA	11.98
CAF061	06/06/2015	0.217	0.367	0.427	NA	0.449	16.27	14.5	13.7	NA	12.04
CAF061	06/07/2015	0.216	0.362	0.427	NA	0.449	16.89	14.56	13.7	NA	12.1
CAF061	06/08/2015	0.215	0.356	0.427	NA	0.449	17.68	14.73	13.8	NA	12.15
CAF061	06/09/2015	0.215	0.352	0.427	NA	0.448	18.37	14.97	13.9	NA	12.2
CAF061	06/10/2015	0.213	0.346	0.427	NA	0.448	18.16	15.22	14.05	NA	12.28
CAF061	06/11/2015	0.212	0.34	0.427	NA	0.449	17.89	15.33	14.18	NA	12.3
CAF061	06/12/2015	0.211	0.334	0.428	NA	NA	17.7	15.4	14.3	NA	NA
CAF061	06/13/2015	0.21	0.328	0.428	NA	NA	17.01	15.39	14.4	NA	NA
CAF061	06/14/2015	0.208	0.322	0.429	NA	NA	16.43	15.28	14.31	NA	NA
CAF061	06/15/2015	0.208	0.315	0.429	NA	NA	16.38	15.16	14.29	NA	NA
CAF061	06/16/2015	0.208	0.307	0.429	NA	NA	16.57	15.1	14.2	NA	NA
CAF061	06/17/2015	0.208	0.298	0.429	NA	NA	17.03	15.1	14.2	NA	NA
CAF061	06/18/2015	0.208	0.287	0.428	NA	NA	17.21	15.1	14.2	NA	NA
CAF061	06/19/2015	0.207	0.277	0.427	NA	0.442	17.36	15.2	14.2	NA	12.8
CAF061	06/20/2015	0.207	0.267	0.426	NA	0.442	17.02	15.29	14.25	NA	12.88
CAF061	06/21/2015	0.206	0.256	0.425	NA	0.442	16.73	15.27	14.3	NA	12.9
CAF061	06/22/2015	0.205	0.245	0.423	NA	0.442	16.67	15.2	14.3	NA	12.94
CAF061	06/23/2015	0.205	0.235	0.421	NA	0.444	16.94	15.17	14.3	NA	13
CAF061	06/24/2015	0.204	0.226	0.418	NA	0.443	17.09	15.19	14.3	NA	13
CAF061	06/25/2015	0.204	0.218	0.416	NA	0.444	17.31	15.2	14.3	NA	13.06
CAF061	06/26/2015	0.203	0.21	0.414	NA	0.449	17.76	15.28	14.3	NA	13.1
CAF061	06/27/2015	0.202	0.204	0.409	NA	0.449	18.4	15.38	14.39	NA	13.1
CAF061	06/28/2015	0.201	0.199	0.402	NA	0.444	19.27	15.59	14.43	NA	13.15
CAF061	06/29/2015	0.201	0.198	0.395	NA	0.443	20.1	15.87	14.53	NA	13.2
CAF061	06/30/2015	0.2	0.198	0.389	NA	0.445	20.04	16.16	14.67	NA	13.23
CAF061	07/01/2015	0.199	0.196	0.377	NA	0.444	20.03	16.36	14.81	NA	13.3
CAF061	07/02/2015	0.198	0.194	0.358	NA	0.447	20.04	16.47	14.9	NA	13.37
CAF061	07/03/2015	0.197	0.192	0.334	NA	0.453	20.22	16.58	15	NA	13.45
CAF061	07/04/2015	0.196	0.191	0.313	NA	0.453	20.41	16.68	15.08	NA	13.5
CAF061	07/05/2015	0.195	0.189	0.294	NA	0.454	20.54	16.84	15.16	NA	13.6
CAF061	07/06/2015	0.195	0.188	0.28	NA	0.455	20.42	16.95	15.23	NA	13.66
CAF061	07/07/2015	0.194	0.187	0.269	NA	0.454	20.59	17	15.3	NA	13.72
CAF061	07/08/2015	0.194	0.186	0.26	NA	0.451	20.87	17.1	15.38	NA	13.8
CAF061	07/09/2015	0.193	0.185	0.253	NA	0.447	21.19	17.26	15.45	NA	13.85
CAF061	07/10/2015	0.193	0.185	0.25	NA	0.447	21.58	17.4	15.54	NA	13.9
CAF061	07/11/2015	0.192	0.185	0.251	NA	0.449	20.63	17.55	15.65	NA	14
CAF061	07/12/2015	0.191	0.185	0.251	NA	0.447	19.97	17.47	15.7	NA	14.07
CAF061	07/13/2015	0.19	0.184	0.25	NA	0.447	20.18	17.39	15.7	NA	14.11
CAF061	07/14/2015	0.19	0.183	0.249	NA	0.448	20.21	17.38	15.7	NA	14.2
CAF061	07/15/2015	0.19	0.183	0.249	NA	0.449	20.24	17.39	15.8	NA	14.22
CAF061	07/16/2015	0.19	0.182	0.248	NA	0.451	20.37	17.4	15.8	NA	14.3
CAF061	07/17/2015	0.189	0.182	0.248	NA	0.452	19.92	17.4	15.8	NA	14.31
CAF061	07/18/2015	0.189	0.181	0.247	NA	0.452	20.29	17.4	15.8	NA	14.4
CAF061	07/19/2015	0.19	0.181	0.246	NA	0.452	20.78	17.45	15.8	NA	14.4
CAF061	07/20/2015	0.19	0.181	0.246	NA	0.451	21.39	17.58	15.87	NA	14.44
CAF061	07/21/2015	0.19	0.181	0.245	NA	0.448	21.72	17.8	15.95	NA	14.5
CAF061	07/22/2015	0.19	0.182	0.245	NA	0.446	21.78	17.96	16.07	NA	14.52
CAF061	07/23/2015	0.19	0.182	0.245	NA	0.434	21.47	18.08	16.18	NA	14.6
CAF061	07/24/2015	0.19	0.182	0.245	NA	0.414	21.38	18.1	16.28	NA	14.66
CAF061	07/25/2015	0.19	0.182	0.245	NA	0.408	21.61	18.15	16.33	NA	14.71
CAF061	07/26/2015	0.19	0.182	0.245	NA	0.393	21.48	18.2	16.4	NA	14.8
CAF061	07/27/2015	0.189	0.182	0.245	NA	0.384	20.9	18.2	16.49	NA	14.83
CAF061	07/28/2015	0.188	0.182	0.245	NA	0.376	20.56	18.14	16.5	NA	14.9
CAF061	07/29/2015	0.189	0.182	0.245	NA	0.372	20.73	18.08	16.5	NA	14.97
CAF061	07/30/2015	0.189	0.182	0.245	NA	0.371	21.24	18.07	16.5	NA	15
CAF061	07/31/2015	0.19	0.182	0.245	NA	0.367	21.91	18.19	16.53	NA	15.03
CAF061	08/01/2015	0.191	0.182	0.245	NA	0.363	22.53	18.42	16.62	NA	15.1
CAF061	08/02/2015	0.191	0.183	0.245	NA	0.361	22.84	18.64	16.75	NA	15.11
CAF061	08/03/2015	0.191	0.183	0.245	NA	0.359	22.84	18.87	16.88	NA	15.2
CAF061	08/04/2015	0.191	0.183	0.246	NA	0.358	22.55	19	17.02	NA	15.25
CAF061	08/05/2015	0.191	0.184	0.246	NA	0.357	22.68	19.04	17.11	NA	15.31
CAF061	08/06/2015	0.191	0.184	0.246	NA	0.357	22.7	19.1	17.2	NA	15.4
CAF061	08/07/2015	0.19	0.184	0.246	NA	0.355	22.14	19.15	17.28	NA	15.47
CAF061	08/08/2015	0.19	0.184	0.246	NA	0.355	21.89	19.09	17.3	NA	15.52
CAF061	08/09/2015	0.19	0.184	0.246	NA	0.353	22	19	17.3	NA	15.6
CAF061	08/10/2015	0.19	0.184	0.247	NA	0.353	22.17	19	17.37	NA	15.64
CAF061	08/11/2015	0.19	0.184	0.247	NA	0.354	22.2	19.08	17.4	NA	15.7
CAF061	08/12/2015	0.191	0.184	0.247	NA	0.352	23.01	19.15	17.42	NA	15.74
CAF061	08/13/2015	0.191	0.184	0.247	NA	0.351	23.2	19.36	17.51	NA	15.8
CAF061	08/14/2015	0.192	0.185	0.247	NA	0.351	23.41	19.54	17.62	NA	15.84
CAF061	08/15/2015	0.191	0.185	0.247	NA	0.352	22.79	19.64	17.73	NA	15.9
CAF061	08/16/2015	0.189	0.185	0.248	NA	0.351	21.86	19.58	17.8	NA	15.97
CAF061	08/17/2015	0.189	0.184	0.248	NA	0.351	21.32	19.37	17.8	NA	16.01
CAF061	08/18/2015	0.188	0.184	0.248	NA	0.351	21.2	19.18	17.78	NA	16.1
CAF061	08/19/2015	0.189	0.184	0.248	NA	0.349	21.5	19.1	17.7	NA	16.1
CAF061	08/20/2015	0.188	0.184	0.248	NA	0.349	21.88	19.1	17.7	NA	16.16
CAF061	08/21/2015	0.185	0.184	0.248	NA	0.357	21.84	19.16	17.7	NA	16.2
CAF061	08/22/2015	0.184	0.184	0.248	NA	0.351	21.16	19.18	17.75	NA	16.2
CAF061	08/23/2015	0.183	0.184	0.248	NA	0.351	20.71	19.03	17.74	NA	16.2
CAF061	08/24/2015	0.183	0.184	0.248	NA	0.351	20.56	18.85	17.7	NA	16.3
CAF061	08/25/2015	0.183	0.184	0.248	NA	0.355	20.72	18.75	17.64	NA	16.3
CAF061	08/26/2015	0.184	0.184	0.248	NA	0.348	21.05	18.76	17.6	NA	16.3
CAF061	08/27/2015	0.183	0.184	0.248	NA	0.353	20.98	18.8	17.6	NA	16.3
CAF061	08/28/2015	0.184	0.184	0.248	NA	0.35	21.12	18.8	17.6	NA	16.3
CAF061	08/29/2015	0.183	0.184	0.248	NA	0.352	21.01	18.8	17.6	NA	16.3
CAF061	08/30/2015	0.182	0.184	0.248	NA	0.354	20.01	18.78	17.6	NA	16.3
CAF061	08/31/2015	0.18	0.183	0.248	NA	0.351	18.74	18.55	17.57	NA	16.3
CAF061	09/01/2015	0.18	0.183	0.248	NA	0.352	18.7	18.2	17.44	NA	16.3
CAF061	09/02/2015	0.18	0.182	0.248	NA	0.352	18.82	18.03	17.31	NA	16.3
CAF061	09/03/2015	0.178	0.182	0.247	NA	0.353	17.84	17.89	17.19	NA	16.3
CAF061	09/04/2015	0.178	0.182	0.247	NA	0.349	17.55	17.61	17.05	NA	16.26
CAF061	09/05/2015	0.178	0.182	0.247	NA	0.35	17.53	17.4	16.92	NA	16.2
CAF061	09/06/2015	0.176	0.181	0.247	NA	0.351	16.12	17.17	16.77	NA	16.19
CAF061	09/07/2015	0.175	0.181	0.247	NA	0.346	15.68	16.77	16.6	NA	16.1
CAF061	09/08/2015	0.175	0.18	0.246	NA	0.343	15.72	16.47	16.39	NA	16.05
CAF061	09/09/2015	0.176	0.18	0.246	NA	0.347	16.22	16.3	16.23	NA	15.99
CAF061	09/10/2015	0.176	0.18	0.246	NA	0.352	16.77	16.3	16.1	NA	15.9
CAF061	09/11/2015	0.177	0.18	0.246	NA	0.351	17.34	16.37	16.02	NA	15.82
CAF061	09/12/2015	0.178	0.18	0.246	NA	0.35	17.9	16.54	16	NA	15.77
CAF061	09/13/2015	0.179	0.181	0.246	NA	0.35	18.32	16.71	16.05	NA	15.7
CAF061	09/14/2015	0.178	0.181	0.246	NA	0.349	17.9	16.86	16.1	NA	15.7
CAF061	09/15/2015	0.177	0.181	0.246	NA	0.347	17.16	16.82	16.1	NA	15.6
CAF061	09/16/2015	0.177	0.181	0.246	NA	0.348	16.76	16.67	16.1	NA	15.6
CAF061	09/17/2015	0.176	0.18	0.246	NA	0.343	16.5	16.5	16.01	NA	15.6
CAF061	09/18/2015	0.176	0.18	0.246	NA	0.339	15.99	16.31	15.93	NA	15.6
CAF061	09/19/2015	0.176	0.18	0.246	NA	0.338	15.89	16.12	15.83	NA	15.52
CAF061	09/20/2015	0.176	0.18	0.246	NA	0.341	16.1	16	15.73	NA	15.5
CAF061	09/21/2015	0.176	0.18	0.246	NA	0.339	16.55	16	15.68	NA	15.46
CAF061	09/22/2015	0.176	0.18	0.246	NA	0.338	16.32	16.03	15.6	NA	15.4
CAF061	09/23/2015	0.175	0.18	0.246	NA	0.337	15.56	15.96	15.6	NA	15.4
CAF061	09/24/2015	0.175	0.18	0.246	NA	0.337	15.4	15.77	15.53	NA	15.3
CAF061	09/25/2015	0.175	0.179	0.245	NA	0.337	15.38	15.64	15.43	NA	15.3
CAF061	09/26/2015	0.176	0.179	0.245	NA	0.336	15.69	15.58	15.33	NA	15.25
CAF061	09/27/2015	0.175	0.179	0.245	NA	0.335	15.15	15.5	15.29	NA	15.2
CAF061	09/28/2015	0.174	0.179	0.245	NA	0.335	14.67	15.38	15.2	NA	15.19
CAF061	09/29/2015	0.174	0.179	0.244	NA	NA	14.65	15.2	15.09	NA	NA
CAF061	09/30/2015	0.175	0.178	0.244	NA	0.332	14.99	15.1	14.99	NA	15
CAF061	10/01/2015	0.176	0.178	0.244	NA	0.33	15.46	15.1	14.9	NA	15
CAF061	10/02/2015	0.175	0.178	0.244	NA	0.329	15.33	15.16	14.9	NA	14.94
CAF061	10/03/2015	0.176	0.178	0.244	NA	0.328	15.39	15.1	14.9	NA	14.9
CAF061	10/04/2015	0.176	0.178	0.244	NA	NA	15.42	15.16	14.8	NA	NA
CAF061	10/05/2015	0.175	0.178	0.244	NA	NA	15.16	15.12	14.8	NA	NA
CAF061	10/06/2015	0.175	0.178	0.244	NA	NA	15.16	15.09	14.8	NA	NA
CAF061	10/07/2015	0.176	0.178	0.244	NA	NA	15.37	15.05	14.76	NA	NA
CAF061	10/08/2015	0.176	0.178	0.244	NA	NA	15.2	15.05	14.7	NA	NA
CAF061	10/09/2015	0.176	0.178	0.244	NA	NA	15.47	15	14.7	NA	NA
CAF061	10/10/2015	0.176	0.178	0.244	NA	NA	15.65	15.07	14.7	NA	NA
CAF061	10/11/2015	0.176	0.178	0.244	NA	NA	15.61	15.1	14.7	NA	NA
CAF061	10/12/2015	0.175	0.178	0.243	NA	NA	14.96	15.1	14.7	NA	NA
CAF061	10/13/2015	0.175	0.178	0.243	NA	NA	14.82	14.99	14.7	NA	NA
CAF061	10/14/2015	0.175	0.178	0.243	NA	NA	14.63	14.89	14.62	NA	NA
CAF061	10/15/2015	0.175	0.178	0.243	NA	NA	14.36	14.78	14.58	NA	NA
CAF061	10/16/2015	0.175	0.178	0.243	NA	NA	14.27	14.66	14.5	NA	NA
CAF061	10/17/2015	0.175	0.178	0.243	NA	NA	14.44	14.57	14.4	NA	NA
CAF061	10/18/2015	0.175	0.178	0.242	NA	NA	14.51	14.5	14.36	NA	NA
CAF061	10/19/2015	0.175	0.178	0.242	NA	NA	14.31	14.5	14.3	NA	NA
CAF061	10/20/2015	0.174	0.178	0.242	NA	NA	14.05	14.44	14.3	NA	NA
CAF061	10/21/2015	0.174	0.178	0.242	NA	NA	13.6	14.33	14.2	NA	NA
CAF061	10/22/2015	0.173	0.177	0.242	NA	NA	13.32	14.16	14.15	NA	NA
CAF061	10/23/2015	0.171	0.177	0.242	NA	NA	12.83	14.03	14.06	NA	NA
CAF061	10/24/2015	0.171	0.177	0.242	NA	NA	12.51	13.8	13.95	NA	NA
CAF061	10/25/2015	0.171	0.177	0.242	NA	NA	12.4	13.59	13.83	NA	NA
CAF061	10/26/2015	0.171	0.176	0.242	NA	NA	12.48	13.47	13.72	NA	NA
CAF061	10/27/2015	0.171	0.176	0.241	NA	NA	12.19	13.37	13.62	NA	NA
CAF061	10/28/2015	0.17	0.176	0.241	NA	NA	11.91	13.23	13.53	NA	NA
CAF061	10/29/2015	0.17	0.176	0.241	NA	NA	11.7	13.07	13.44	NA	NA
CAF061	10/30/2015	0.17	0.176	0.241	NA	NA	11.53	12.94	13.33	NA	NA
CAF061	10/31/2015	0.17	0.175	0.241	NA	NA	11.7	12.81	13.23	NA	NA
CAF061	11/01/2015	0.17	0.175	0.241	NA	NA	11.62	12.79	13.14	NA	NA
CAF061	11/02/2015	0.169	0.175	0.241	NA	NA	10.65	12.64	13.08	NA	NA
CAF061	11/03/2015	0.168	0.175	0.24	NA	NA	9.846	12.37	12.96	NA	NA
CAF061	11/04/2015	0.167	0.174	0.24	NA	NA	8.904	12.03	12.8	NA	NA
CAF061	11/05/2015	0.166	0.174	0.24	NA	NA	8.179	11.64	12.59	NA	NA
CAF061	11/06/2015	0.165	0.173	0.239	NA	NA	7.492	11.24	12.35	NA	NA
CAF061	11/07/2015	0.166	0.173	0.239	NA	NA	7.521	10.88	12.1	NA	NA
CAF061	11/08/2015	0.166	0.172	0.239	NA	NA	7.854	10.65	11.86	NA	NA
CAF061	11/09/2015	0.166	0.172	0.238	NA	NA	8.096	10.57	11.67	NA	NA
CAF061	11/10/2015	0.166	0.171	0.238	NA	NA	7.792	10.49	11.54	NA	NA
CAF061	11/11/2015	0.167	0.171	0.237	NA	NA	7.308	10.35	11.42	NA	NA
CAF061	11/12/2015	0.168	0.17	0.236	NA	NA	6.819	10.22	11.31	NA	NA
CAF061	11/13/2015	NA	NA	NA	NA	NA	NA	NA	NA	NA	NA
