CAF201	09/19/2007	NA	0.447	0.422	0.501	0.449	NA	13.78	13.61	13.4	13.3
CAF201	09/20/2007	0.365	0.446	0.423	0.502	0.449	12.29	13.54	13.49	13.34	13.3
CAF201	09/21/2007	0.364	0.445	0.424	0.502	0.449	11.91	13.26	13.36	13.29	13.3
CAF201	09/22/2007	0.365	0.444	0.425	0.503	0.448	12.22	13.08	13.23	13.2	13.2
CAF201	09/23/2007	0.365	0.444	0.424	0.503	0.449	12.13	13.01	13.1	13.11	13.2
CAF201	09/24/2007	0.364	0.443	0.424	0.503	0.45	11.86	12.87	13.01	13.04	13.13
CAF201	09/25/2007	0.364	0.443	0.424	0.504	0.449	11.73	12.72	12.9	12.98	13.1
CAF201	09/26/2007	0.364	0.442	0.424	0.504	0.449	11.73	12.58	12.79	12.9	13.05
CAF201	09/27/2007	0.364	0.442	0.424	0.504	0.448	11.93	12.5	12.7	12.81	13
CAF201	09/28/2007	0.365	0.442	0.425	0.505	0.448	12.3	12.58	12.63	12.73	12.96
CAF201	09/29/2007	0.363	0.442	0.425	0.505	0.449	11.41	12.53	12.6	12.7	12.9
CAF201	09/30/2007	0.363	0.441	0.426	0.505	0.449	11.06	12.25	12.52	12.61	12.88
CAF201	10/01/2007	0.363	0.44	0.426	0.505	0.449	11.06	12.03	12.4	12.58	12.8
CAF201	10/02/2007	0.363	0.44	0.426	0.505	0.449	10.88	11.88	12.29	12.5	12.79
CAF201	10/03/2007	0.364	0.44	0.426	0.505	0.448	10.79	11.76	12.17	12.4	12.7
CAF201	10/04/2007	0.364	0.439	0.426	0.505	0.448	10.41	11.61	12.06	12.33	12.68
CAF201	10/05/2007	0.362	0.439	0.425	0.505	0.449	9.63	11.42	11.96	12.25	12.6
CAF201	10/06/2007	0.362	0.437	0.425	0.505	0.449	9.13	11.08	11.8	12.18	12.55
CAF201	10/07/2007	0.363	0.437	0.425	0.505	0.449	9.41	10.85	11.63	12.07	12.5
CAF201	10/08/2007	0.365	0.436	0.425	0.505	0.448	10.21	10.8	11.5	11.96	12.41
CAF201	10/09/2007	0.367	0.437	0.426	0.504	0.448	10.98	10.96	11.4	11.87	12.35
CAF201	10/10/2007	0.368	0.437	0.428	0.504	0.448	11.23	11.17	11.4	11.8	12.3
CAF201	10/11/2007	0.367	0.437	0.429	0.504	0.448	10.62	11.21	11.41	11.71	12.2
CAF201	10/12/2007	0.367	0.437	0.431	0.504	0.448	10.53	11.18	11.4	11.7	12.2
CAF201	10/13/2007	0.366	0.437	0.432	0.504	0.448	9.98	11.06	11.39	11.7	12.1
CAF201	10/14/2007	0.366	0.436	0.432	0.504	0.448	9.74	10.94	11.32	11.63	12.1
CAF201	10/15/2007	0.367	0.436	0.432	0.504	0.447	9.99	10.79	11.24	11.6	12.06
CAF201	10/16/2007	0.368	0.436	0.431	0.504	0.447	10.27	10.8	11.19	11.53	12
CAF201	10/17/2007	0.368	0.435	0.431	0.504	0.447	9.51	10.76	11.13	11.5	12
CAF201	10/18/2007	0.367	0.434	0.431	0.504	0.447	8.73	10.5	11.07	11.43	11.9
CAF201	10/19/2007	0.368	0.433	0.431	0.505	0.447	8.77	10.23	10.95	11.4	11.9
CAF201	10/20/2007	0.369	0.432	0.433	0.505	0.447	8.48	10.08	10.81	11.3	11.83
CAF201	10/21/2007	0.37	0.431	0.432	0.504	0.449	7.93	9.86	10.68	11.21	11.8
CAF201	10/22/2007	0.373	0.431	0.434	0.504	0.449	8.52	9.69	10.55	11.13	11.71
CAF201	10/23/2007	0.375	0.431	0.435	0.504	0.449	9.11	9.73	10.43	11.03	11.67
CAF201	10/24/2007	0.378	0.432	0.435	0.503	0.448	9.8	9.89	10.4	10.95	11.6
CAF201	10/25/2007	0.38	0.432	0.432	0.503	0.449	9.73	10.09	10.41	10.9	11.52
CAF201	10/26/2007	0.378	0.432	0.431	0.503	0.449	7.87	10.01	10.45	10.88	11.5
CAF201	10/27/2007	0.378	0.43	0.434	0.503	0.448	6.79	9.53	10.36	10.8	11.42
CAF201	10/28/2007	0.379	0.429	0.433	0.503	0.448	6.71	9.09	10.18	10.77	11.4
CAF201	10/29/2007	0.38	0.429	0.431	0.503	0.448	7.18	8.88	9.98	10.66	11.34
CAF201	10/30/2007	0.382	0.428	0.432	0.502	0.448	7.45	8.85	9.83	10.55	11.29
CAF201	10/31/2007	0.381	0.428	0.431	0.502	0.448	6.42	8.74	9.73	10.44	11.2
CAF201	11/01/2007	0.382	0.428	0.431	0.502	0.448	6.29	8.48	9.59	10.35	11.13
CAF201	11/02/2007	0.382	0.427	0.43	0.502	0.448	5.55	8.26	9.44	10.25	11.06
CAF201	11/03/2007	0.382	0.426	0.43	0.501	0.448	5.31	7.93	9.27	10.13	10.99
CAF201	11/04/2007	0.384	0.426	0.43	0.501	0.447	6.05	7.8	9.07	10	10.9
CAF201	11/05/2007	0.385	0.426	0.433	0.501	0.448	6.18	7.82	8.94	9.87	10.8
CAF201	11/06/2007	0.385	0.426	0.432	0.5	0.447	6.06	7.8	8.87	9.77	10.7
CAF201	11/07/2007	0.386	0.426	0.43	0.5	0.447	6.33	7.8	8.8	9.68	10.62
CAF201	11/08/2007	0.388	0.426	0.428	0.5	0.446	6.85	7.86	8.73	9.6	10.54
CAF201	11/09/2007	0.389	0.427	0.427	0.5	0.446	7.31	7.99	8.7	9.51	10.47
CAF201	11/10/2007	0.39	0.427	0.428	0.499	0.446	7.33	8.14	8.7	9.5	10.4
CAF201	11/11/2007	0.389	0.428	0.427	0.499	0.446	6.4	8.17	8.73	9.4	10.33
CAF201	11/12/2007	0.389	0.427	0.429	0.499	0.446	5.83	7.95	8.7	9.4	10.3
CAF201	11/13/2007	0.393	0.424	0.43	0.499	0.446	5.83	7.69	8.61	9.36	10.24
CAF201	11/14/2007	0.396	0.423	0.429	0.499	0.447	5.06	7.54	8.5	9.3	10.2
CAF201	11/15/2007	0.398	0.423	0.43	0.499	0.446	5.03	7.27	8.37	9.2	10.13
CAF201	11/16/2007	0.401	0.424	0.43	0.499	0.446	5.88	7.22	8.23	9.12	10.08
CAF201	11/17/2007	0.412	0.424	0.456	0.498	0.446	6.78	7.39	8.12	9.03	10
CAF201	11/18/2007	0.478	0.421	0.522	0.498	0.447	6.85	7.54	8.13	8.96	9.92
CAF201	11/19/2007	0.535	0.423	0.522	0.498	0.447	5.82	7.51	8.2	8.9	9.87
CAF201	11/20/2007	0.546	0.424	0.519	0.498	0.448	5.27	7.3	8.15	8.9	9.8
CAF201	11/21/2007	0.554	0.427	0.504	0.498	0.449	4.96	7.08	8.05	8.84	9.8
CAF201	11/22/2007	0.554	0.431	0.483	0.497	0.449	4.42	6.86	7.94	8.78	9.7
CAF201	11/23/2007	0.552	0.434	0.472	0.497	0.449	3.93	6.55	7.78	8.7	9.68
CAF201	11/24/2007	0.551	0.438	0.463	0.497	0.448	3.57	6.27	7.61	8.59	9.6
CAF201	11/25/2007	0.549	0.441	0.452	0.497	0.448	3.2	6	7.44	8.48	9.53
CAF201	11/26/2007	0.547	0.443	0.443	0.495	0.447	2.98	5.74	7.22	8.35	9.45
CAF201	11/27/2007	0.546	0.444	0.441	0.493	0.444	2.9	5.52	7.03	8.2	9.35
CAF201	11/28/2007	0.545	0.447	0.441	0.493	0.445	2.9	5.36	6.85	8.06	9.26
CAF201	11/29/2007	0.545	0.45	0.437	0.492	0.444	2.9	5.25	6.72	7.94	9.16
CAF201	11/30/2007	0.545	0.452	0.439	0.492	0.444	2.9	5.18	6.59	7.82	9.06
CAF201	12/01/2007	0.546	0.454	0.441	0.492	0.444	2.9	5.12	6.49	7.68	8.96
CAF201	12/02/2007	0.546	0.457	0.442	0.491	0.444	2.9	5.1	6.4	7.59	8.86
CAF201	12/03/2007	0.599	0.489	0.513	0.49	0.45	2.59	4.95	6.28	7.48	8.76
CAF201	12/04/2007	0.65	0.494	0.524	0.49	0.455	3.19	4.76	6.13	7.36	8.67
CAF201	12/05/2007	0.636	0.495	0.524	0.49	0.455	3.77	4.91	6.01	7.24	8.58
CAF201	12/06/2007	0.628	0.494	0.524	0.489	0.453	3.5	5.04	6	7.16	8.5
CAF201	12/07/2007	0.622	0.495	0.522	0.488	0.453	3.34	5.03	6	7.1	8.4
CAF201	12/08/2007	0.616	0.496	0.53	0.488	0.454	3.08	5	5.99	7.06	8.34
CAF201	12/09/2007	0.609	0.496	0.533	0.488	0.453	2.63	4.88	5.9	7	8.29
CAF201	12/10/2007	0.605	0.496	0.533	0.488	0.453	2.3	4.7	5.83	6.95	8.2
CAF201	12/11/2007	0.603	0.496	0.531	0.487	0.453	2.2	4.52	5.73	6.88	8.15
CAF201	12/12/2007	0.601	0.496	0.53	0.487	0.452	2.2	4.4	5.61	6.78	8.09
CAF201	12/13/2007	0.599	0.496	0.527	0.487	0.453	2.2	4.31	5.5	6.69	8
CAF201	12/14/2007	0.598	0.496	0.524	0.486	0.452	2.3	4.28	5.42	6.6	7.93
CAF201	12/15/2007	0.597	0.496	0.523	0.486	0.451	2.37	4.25	5.36	6.52	7.86
CAF201	12/16/2007	0.596	0.497	0.526	0.486	0.451	2.4	4.3	5.3	6.46	7.8
CAF201	12/17/2007	0.595	0.497	0.525	0.486	0.45	2.49	4.3	5.26	6.4	7.7
CAF201	12/18/2007	0.601	0.497	0.526	0.486	0.451	2.56	4.3	5.2	6.3	7.63
CAF201	12/19/2007	0.641	0.499	0.53	0.487	0.455	2.52	4.24	5.2	6.28	7.59
CAF201	12/20/2007	0.645	0.5	0.524	0.488	0.458	2.6	4.2	5.12	6.2	7.5
CAF201	12/21/2007	0.648	0.503	0.527	0.49	0.462	2.45	4.2	5.1	6.19	7.47
CAF201	12/22/2007	0.632	0.502	0.529	0.49	0.461	2.14	4.12	5.08	6.1	7.4
CAF201	12/23/2007	0.632	0.501	0.528	0.489	0.46	1.95	3.98	4.98	6.1	7.35
CAF201	12/24/2007	0.655	0.502	0.529	0.49	0.463	1.65	3.85	4.91	6	7.3
CAF201	12/25/2007	0.656	0.502	0.529	0.489	0.464	1.7	3.71	4.81	5.93	7.23
CAF201	12/26/2007	0.655	0.502	0.529	0.489	0.462	1.7	3.63	4.71	5.87	7.2
CAF201	12/27/2007	0.645	0.502	0.528	0.489	0.462	1.7	3.57	4.62	5.8	7.1
CAF201	12/28/2007	0.637	0.502	0.528	0.489	0.461	1.7	3.5	4.57	5.71	7.06
CAF201	12/29/2007	0.635	0.501	0.525	0.489	0.461	1.7	3.46	4.5	5.65	7
CAF201	12/30/2007	0.642	0.5	0.525	0.488	0.461	1.7	3.41	4.45	5.6	6.92
CAF201	12/31/2007	0.643	0.5	0.525	0.487	0.462	1.7	3.4	4.4	5.5	6.89
CAF201	01/01/2008	0.641	0.5	0.526	0.487	0.463	1.7	3.4	4.36	5.48	6.8
CAF201	01/02/2008	0.641	0.5	0.527	0.487	0.461	1.7	3.36	4.3	5.4	6.75
CAF201	01/03/2008	0.64	0.5	0.528	0.487	0.46	1.7	3.32	4.3	5.39	6.7
CAF201	01/04/2008	0.647	0.502	0.529	0.488	0.459	1.7	3.3	4.23	5.3	6.63
CAF201	01/05/2008	0.661	0.502	0.528	0.488	0.461	1.7	3.3	4.2	5.3	6.6
CAF201	01/06/2008	0.662	0.502	0.529	0.488	0.461	1.7	3.3	4.2	5.23	6.54
CAF201	01/07/2008	0.651	0.502	0.528	0.488	0.461	1.79	3.3	4.17	5.2	6.5
CAF201	01/08/2008	0.643	0.502	0.528	0.487	0.461	1.8	3.3	4.12	5.2	6.48
CAF201	01/09/2008	0.647	0.501	0.528	0.487	0.461	1.8	3.3	4.1	5.1	6.4
CAF201	01/10/2008	0.644	0.501	0.528	0.487	0.461	1.88	3.31	4.1	5.1	6.4
CAF201	01/11/2008	0.666	0.502	0.528	0.487	0.463	1.9	3.3	4.1	5.1	6.33
CAF201	01/12/2008	0.67	0.502	0.529	0.487	0.464	1.9	3.3	4.1	5.09	6.3
CAF201	01/13/2008	0.671	0.503	0.53	0.487	0.465	1.9	3.3	4.09	5	6.3
CAF201	01/14/2008	0.672	0.503	0.53	0.487	0.465	1.9	3.3	4.05	5	6.2
CAF201	01/15/2008	0.673	0.503	0.531	0.487	0.465	1.9	3.3	4	5	6.2
CAF201	01/16/2008	0.665	0.502	0.53	0.487	0.465	1.88	3.29	4	4.99	6.2
CAF201	01/17/2008	0.652	0.502	0.53	0.487	0.465	1.8	3.26	4	4.9	6.12
CAF201	01/18/2008	0.655	0.501	0.53	0.486	0.464	1.8	3.21	4	4.9	6.1
CAF201	01/19/2008	0.654	0.5	0.528	0.486	0.463	1.8	3.2	3.97	4.9	6.1
CAF201	01/20/2008	0.653	0.5	0.529	0.486	0.462	1.8	3.2	3.96	4.87	6.07
CAF201	01/21/2008	0.653	0.5	0.529	0.486	0.463	1.8	3.2	3.91	4.8	6
CAF201	01/22/2008	0.652	0.501	0.529	0.486	0.464	1.77	3.19	3.9	4.8	6
CAF201	01/23/2008	0.65	0.501	0.529	0.486	0.463	1.69	3.14	3.9	4.8	6
CAF201	01/24/2008	0.649	0.5	0.528	0.485	0.461	1.6	3.1	3.85	4.77	5.9
CAF201	01/25/2008	0.645	0.5	0.53	0.485	0.461	1.53	3.02	3.8	4.7	5.9
CAF201	01/26/2008	0.644	0.5	0.532	0.485	0.461	1.5	2.97	3.74	4.7	5.9
CAF201	01/27/2008	0.66	0.501	0.534	0.486	0.461	1.4	2.9	3.7	4.65	5.8
CAF201	01/28/2008	0.653	0.501	0.533	0.486	0.461	1.43	2.86	3.66	4.6	5.8
CAF201	01/29/2008	0.647	0.501	0.535	0.486	0.462	1.5	2.81	3.6	4.6	5.79
CAF201	01/30/2008	0.65	0.5	0.533	0.485	0.462	1.53	2.83	3.6	4.5	5.7
CAF201	01/31/2008	0.647	0.501	0.534	0.485	0.462	1.6	2.82	3.58	4.5	5.7
CAF201	02/01/2008	0.65	0.501	0.533	0.485	0.462	1.6	2.82	3.55	4.5	5.65
CAF201	02/02/2008	0.65	0.501	0.533	0.485	0.462	1.6	2.82	3.52	4.41	5.6
CAF201	02/03/2008	0.651	0.501	0.534	0.485	0.461	1.6	2.82	3.5	4.4	5.6
CAF201	02/04/2008	0.653	0.5	0.539	0.485	0.463	1.6	2.8	3.5	4.4	5.59
CAF201	02/05/2008	0.652	0.501	0.535	0.485	0.463	1.6	2.8	3.5	4.4	5.5
CAF201	02/06/2008	0.653	0.5	0.537	0.485	0.463	1.6	2.8	3.5	4.35	5.5
CAF201	02/07/2008	0.65	0.501	0.532	0.485	0.462	1.6	2.8	3.5	4.3	5.5
CAF201	02/08/2008	0.653	0.501	0.536	0.485	0.463	1.6	2.8	3.46	4.3	5.49
CAF201	02/09/2008	0.676	0.502	0.536	0.485	0.465	1.6	2.8	3.41	4.3	5.4
CAF201	02/10/2008	0.68	0.502	0.545	0.485	0.467	1.44	2.76	3.41	4.3	5.4
CAF201	02/11/2008	0.683	0.502	0.544	0.485	0.468	1.38	2.7	3.4	4.29	5.4
CAF201	02/12/2008	0.684	0.502	0.542	0.485	0.468	1.39	2.7	3.4	4.2	5.4
CAF201	02/13/2008	0.685	0.502	0.54	0.485	0.467	1.37	2.68	3.38	4.2	5.31
CAF201	02/14/2008	0.685	0.502	0.537	0.485	0.468	1.4	2.61	3.32	4.2	5.3
CAF201	02/15/2008	0.685	0.502	0.537	0.485	0.467	1.4	2.6	3.31	4.17	5.3
CAF201	02/16/2008	0.686	0.502	0.535	0.485	0.467	1.4	2.6	3.3	4.1	5.3
CAF201	02/17/2008	0.686	0.502	0.537	0.485	0.468	1.4	2.6	3.3	4.1	5.22
CAF201	02/18/2008	0.686	0.502	0.54	0.485	0.467	1.4	2.6	3.3	4.1	5.2
CAF201	02/19/2008	0.684	0.502	0.538	0.485	0.466	1.4	2.6	3.28	4.1	5.2
CAF201	02/20/2008	0.685	0.502	0.538	0.485	0.466	1.4	2.58	3.27	4.09	5.2
CAF201	02/21/2008	NA	NA	NA	NA	NA	NA	NA	NA	NA	NA
CAF201	11/08/2010	NA	NA	NA	NA	NA	NA	NA	NA	NA	NA
CAF201	11/09/2010	0.297	0.439	NA	0.462	0.524	7.38	8.82	NA	10.2	11.1
CAF201	11/10/2010	0.296	0.438	0.336	0.456	0.525	7.11	8.52	9.71	10.17	11.1
CAF201	11/11/2010	0.295	0.437	0.338	0.449	0.525	7.07	8.27	9.53	10.06	11.02
CAF201	11/12/2010	0.294	0.435	0.339	0.442	0.525	6.92	8.13	9.36	9.94	10.98
CAF201	11/13/2010	0.292	0.434	0.339	0.438	0.525	6.27	7.87	9.23	9.83	10.9
CAF201	11/14/2010	0.293	0.432	0.339	0.444	0.525	6.17	7.5	9.05	9.7	10.8
CAF201	11/15/2010	0.297	0.432	0.339	0.449	0.524	6.87	7.62	8.89	9.57	10.72
CAF201	11/16/2010	0.308	0.438	0.337	0.484	0.523	7.26	7.74	8.8	9.41	10.64
CAF201	11/17/2010	0.308	0.438	0.336	0.477	0.523	6.95	7.79	8.8	9.37	10.56
CAF201	11/18/2010	0.323	0.44	0.336	0.493	0.523	6.62	7.6	8.72	9.3	10.49
CAF201	11/19/2010	0.321	0.438	0.336	0.495	0.522	5.8	7.33	8.65	9.22	10.4
CAF201	11/20/2010	0.316	0.436	0.336	0.496	0.522	5.17	6.93	8.5	9.15	10.34
CAF201	11/21/2010	0.309	0.434	0.336	0.492	0.522	4.58	6.49	8.3	9.04	10.28
CAF201	11/22/2010	0.307	0.432	0.336	0.486	0.522	4.25	6.13	8.08	8.88	10.2
CAF201	11/23/2010	0.307	0.431	0.335	0.473	0.523	4.15	5.86	7.85	8.73	10.09
CAF201	11/24/2010	0.308	0.43	0.335	0.458	0.524	4.1	5.74	7.65	8.55	9.99
CAF201	11/25/2010	0.309	0.429	0.335	0.455	0.523	4.07	5.62	7.48	8.4	9.87
CAF201	11/26/2010	0.311	0.429	0.335	0.455	0.523	4	5.48	7.35	8.25	9.78
CAF201	11/27/2010	0.313	0.431	0.335	0.461	0.522	3.91	5.42	7.21	8.14	9.67
CAF201	11/28/2010	0.317	0.431	0.334	0.459	0.522	3.81	5.3	7.08	8.01	9.57
CAF201	11/29/2010	0.32	0.432	0.334	0.457	0.523	3.78	5.2	6.98	7.88	9.46
CAF201	11/30/2010	0.321	0.431	0.334	0.475	0.522	3.7	5.14	6.88	7.78	9.36
CAF201	12/01/2010	0.322	0.431	0.334	0.493	0.521	3.62	5.05	6.77	7.65	9.27
CAF201	12/02/2010	0.325	0.43	0.335	0.497	0.52	3.26	4.68	6.6	7.19	9.17
CAF201	12/03/2010	0.327	0.431	0.335	0.497	0.521	3.28	4.64	6.48	7.3	9.08
CAF201	12/04/2010	0.327	0.431	0.335	0.497	0.521	3.36	4.7	6.41	7.3	9
CAF201	12/05/2010	0.326	0.431	0.335	0.498	0.52	3.4	4.7	6.36	7.25	8.9
CAF201	12/06/2010	0.325	0.43	0.335	0.497	0.52	3.4	4.61	6.27	7.17	8.81
CAF201	12/07/2010	0.325	0.43	0.335	0.497	0.52	3.38	4.57	6.2	7.07	8.72
CAF201	12/08/2010	0.33	0.43	0.337	0.498	0.522	3.11	4.3	6.08	6.71	8.65
CAF201	12/09/2010	0.332	0.43	0.358	0.499	0.524	3.01	4.22	5.95	6.7	8.58
CAF201	12/10/2010	0.34	0.432	0.358	0.499	0.524	3.08	4.2	5.86	6.7	8.48
CAF201	12/11/2010	0.344	0.431	0.358	0.499	0.524	3.07	4.2	5.8	6.6	8.4
CAF201	12/12/2010	0.34	0.432	0.358	0.499	0.524	3.02	4.12	5.71	6.6	8.3
CAF201	12/13/2010	0.343	0.433	0.358	0.499	0.524	3.87	4.32	5.66	6.51	8.21
CAF201	12/14/2010	0.344	0.434	0.358	0.499	0.524	4.56	4.73	5.67	6.5	8.14
CAF201	12/15/2010	0.346	0.435	0.358	0.499	0.524	4	4.81	5.76	6.5	8.08
CAF201	12/16/2010	0.346	0.434	0.358	0.499	0.524	3.4	4.6	5.8	6.5	8
CAF201	12/17/2010	0.345	0.433	0.358	0.498	0.523	3.02	4.36	5.67	6.4	7.98
CAF201	12/18/2010	0.349	0.432	0.358	0.498	0.524	2.8	4.12	5.62	6.38	7.9
CAF201	12/19/2010	0.351	0.432	0.358	0.498	0.523	2.65	3.95	5.49	6.3	7.87
CAF201	12/20/2010	0.348	0.432	0.358	0.498	0.523	2.6	3.85	5.38	6.21	7.8
CAF201	12/21/2010	0.347	0.432	0.358	0.497	0.523	2.5	3.76	5.27	6.12	7.72
CAF201	12/22/2010	0.347	0.431	0.358	0.497	0.523	2.5	3.7	5.17	6.04	7.65
CAF201	12/23/2010	0.347	0.432	0.358	0.497	0.523	2.43	3.61	5.09	5.95	7.59
CAF201	12/24/2010	0.347	0.432	0.358	0.497	0.523	2.4	3.59	5	5.88	7.5
CAF201	12/25/2010	0.35	0.432	0.358	0.496	0.523	2.4	3.5	4.89	5.8	7.43
CAF201	12/26/2010	0.347	0.432	0.358	0.496	0.523	2.4	3.5	4.85	5.7	7.36
CAF201	12/27/2010	0.343	0.432	0.358	0.496	0.523	2.35	3.41	4.8	5.64	7.3
CAF201	12/28/2010	0.342	0.433	0.358	0.496	0.523	2.34	3.35	4.72	5.6	7.2
CAF201	12/29/2010	0.343	0.432	0.358	0.495	0.523	2.31	3.3	4.7	5.53	7.16
CAF201	12/30/2010	0.345	0.433	0.358	0.495	0.523	2.31	3.3	4.65	5.5	7.1
CAF201	12/31/2010	0.346	0.433	0.358	0.495	0.523	2.4	3.27	4.6	5.41	7.02
CAF201	01/01/2011	0.347	0.433	0.358	0.495	0.523	2.4	3.3	4.57	5.4	7
CAF201	01/02/2011	0.347	0.433	0.358	0.495	0.523	2.4	3.3	4.54	5.31	6.9
CAF201	01/03/2011	0.347	0.433	0.358	0.495	0.523	2.33	3.25	4.5	5.3	6.9
CAF201	01/04/2011	0.347	0.432	0.358	0.495	0.523	2.3	3.2	4.49	5.24	6.8
CAF201	01/05/2011	0.346	0.432	0.358	0.494	0.523	2.3	3.2	4.38	5.2	6.79
CAF201	01/06/2011	0.347	0.432	0.358	0.494	0.523	2.29	3.2	4.4	5.15	6.7
CAF201	01/07/2011	0.348	0.433	0.358	0.494	0.523	2.3	3.09	4.36	5.1	6.7
CAF201	01/08/2011	0.348	0.433	0.358	0.494	0.523	2.27	3.1	4.3	5.1	6.6
CAF201	01/09/2011	0.349	0.433	0.358	0.494	0.523	2.2	3.1	4.3	5.01	6.6
CAF201	01/10/2011	0.349	0.433	0.358	0.494	0.523	2.14	3.05	4.24	5	6.51
CAF201	01/11/2011	0.352	0.432	0.358	0.494	0.523	2.09	3	4.2	4.93	6.5
CAF201	01/12/2011	0.356	0.432	0.358	0.494	0.523	2	2.92	4.17	4.9	6.43
CAF201	01/13/2011	0.346	0.433	0.358	0.494	0.523	2	2.9	4.1	4.86	6.4
CAF201	01/14/2011	0.347	0.433	0.358	0.493	0.523	2.03	2.8	4.08	4.8	6.34
CAF201	01/15/2011	0.351	0.434	0.358	0.493	0.523	2.95	3.05	4	4.8	6.3
CAF201	01/16/2011	0.351	0.435	0.358	0.493	0.522	3.91	3.48	4.07	4.77	6.25
CAF201	01/17/2011	0.354	0.437	0.358	0.493	0.523	4.9	4.13	4.2	4.79	6.2
CAF201	01/18/2011	0.354	0.438	0.358	0.493	0.523	4.39	4.37	4.38	4.82	6.2
CAF201	01/19/2011	0.353	0.438	0.358	0.493	0.523	3.67	4.21	4.57	4.9	6.2
CAF201	01/20/2011	0.352	0.437	0.358	0.493	0.523	3.07	3.87	4.6	5	6.2
CAF201	01/21/2011	0.35	0.436	0.358	0.493	0.523	2.7	3.65	4.57	5	6.2
CAF201	01/22/2011	0.352	0.436	0.358	0.493	0.523	2.72	3.53	4.48	5	6.2
CAF201	01/23/2011	0.352	0.435	0.358	0.493	0.523	2.93	3.5	4.4	4.97	6.2
CAF201	01/24/2011	0.352	0.435	0.358	0.493	0.523	2.98	3.6	4.4	4.9	6.2
CAF201	01/25/2011	0.353	0.436	0.358	0.493	0.523	3.27	3.61	4.33	4.9	6.2
CAF201	01/26/2011	0.353	0.436	0.358	0.493	0.523	3.48	3.77	4.36	4.9	6.1
CAF201	01/27/2011	0.352	0.436	0.358	0.493	0.523	3.53	3.75	4.4	4.9	6.1
CAF201	01/28/2011	0.352	0.436	0.358	0.493	0.523	3.68	3.91	4.4	4.9	6.1
CAF201	01/29/2011	0.351	0.436	0.358	0.493	0.523	3.86	4.02	4.47	4.9	6.1
CAF201	01/30/2011	0.352	0.437	0.358	0.493	0.523	3.81	4.1	4.5	4.9	6.1
CAF201	01/31/2011	0.351	0.437	0.358	0.493	0.524	3.23	3.98	4.52	4.9	6.1
CAF201	02/01/2011	0.355	0.435	0.358	0.493	0.524	2.63	3.64	4.51	4.9	6.1
CAF201	02/02/2011	0.357	0.434	0.358	0.493	0.524	2.29	3.4	4.43	4.9	6.1
CAF201	02/03/2011	0.352	0.433	0.358	0.493	0.524	2.07	3.2	4.31	4.86	6.1
CAF201	02/04/2011	0.349	0.432	0.358	0.493	0.524	2	3.05	4.19	4.8	6
CAF201	02/05/2011	0.35	0.432	0.358	0.493	0.524	1.94	2.96	4.1	4.7	6
CAF201	02/06/2011	0.35	0.432	0.358	0.493	0.524	1.86	2.87	4	4.67	5.98
CAF201	02/07/2011	0.344	0.432	0.358	0.493	0.523	1.84	2.8	3.92	4.6	5.9
CAF201	02/08/2011	0.346	0.432	0.358	0.493	0.523	1.92	2.74	3.84	4.51	5.88
CAF201	02/09/2011	0.346	0.432	0.358	0.493	0.524	1.85	2.7	3.78	4.45	5.8
CAF201	02/10/2011	0.346	0.432	0.358	0.492	0.523	1.82	2.63	3.71	4.4	5.8
CAF201	02/11/2011	0.347	0.431	0.358	0.492	0.523	1.89	2.6	3.68	4.32	5.7
CAF201	02/12/2011	0.347	0.431	0.358	0.493	0.523	2.17	2.63	3.61	4.3	5.7
CAF201	02/13/2011	0.349	0.432	0.358	0.492	0.523	2.73	2.81	3.6	4.21	5.61
CAF201	02/14/2011	0.349	0.432	0.358	0.492	0.523	3.17	3.1	3.66	4.2	5.6
CAF201	02/15/2011	0.348	0.433	0.358	0.492	0.523	3.31	3.32	3.74	4.2	5.6
CAF201	02/16/2011	0.349	0.433	0.358	0.493	0.523	2.78	3.32	3.81	4.27	5.5
CAF201	02/17/2011	0.35	0.433	0.358	0.493	0.523	2.55	3.2	3.89	4.3	5.5
CAF201	02/18/2011	0.35	0.433	0.358	0.493	0.523	2.48	3.14	3.88	4.3	5.5
CAF201	02/19/2011	0.349	0.433	0.358	0.493	0.524	2.37	3.09	3.83	4.3	5.5
CAF201	02/20/2011	0.35	0.433	0.358	0.493	0.524	2.3	3	3.81	4.3	5.5
CAF201	02/21/2011	0.349	0.432	0.358	0.493	0.524	2.23	2.95	3.8	4.3	5.5
CAF201	02/22/2011	0.349	0.432	0.358	0.492	0.524	2.18	2.9	3.76	4.25	5.5
CAF201	02/23/2011	0.349	0.432	0.358	0.492	0.524	2.1	2.9	3.7	4.2	5.5
CAF201	02/24/2011	0.349	0.432	0.358	0.492	0.524	2.1	2.79	3.7	4.2	5.44
CAF201	02/25/2011	0.349	0.432	0.358	0.492	0.524	2.1	2.8	3.69	4.2	5.4
CAF201	02/26/2011	0.349	0.432	0.358	0.492	0.524	2.06	2.78	3.61	4.13	5.4
CAF201	02/27/2011	0.348	0.431	0.358	0.492	0.524	2	2.67	3.6	4.1	5.4
CAF201	02/28/2011	0.347	0.431	0.358	0.492	0.524	2	2.67	3.6	4.1	5.4
CAF201	03/01/2011	0.347	0.432	0.358	0.492	0.524	2	2.7	3.56	4.09	5.3
CAF201	03/02/2011	0.347	0.431	0.358	0.492	0.524	1.87	2.65	3.51	4	5.3
CAF201	03/03/2011	0.348	0.432	0.358	0.492	0.524	1.89	2.6	3.47	4	5.3
CAF201	03/04/2011	0.349	0.432	0.358	0.492	0.524	1.9	2.57	3.5	4	5.3
CAF201	03/05/2011	0.348	0.431	0.358	0.492	0.524	1.9	2.54	3.48	4	5.21
CAF201	03/06/2011	0.348	0.431	0.358	0.491	0.524	1.84	2.6	3.42	3.98	5.2
CAF201	03/07/2011	0.349	0.431	0.358	0.491	0.524	1.9	2.6	3.4	3.9	5.2
CAF201	03/08/2011	0.349	0.431	0.358	0.491	0.524	1.9	2.5	3.4	3.9	5.2
CAF201	03/09/2011	0.349	0.431	0.358	0.491	0.524	1.9	2.5	3.4	3.9	5.11
CAF201	03/10/2011	0.348	0.431	0.358	0.491	0.524	2.05	2.53	3.35	3.9	5.1
CAF201	03/11/2011	0.35	0.432	0.358	0.491	0.524	2.43	2.7	3.35	3.85	5.1
CAF201	03/12/2011	0.351	0.432	0.358	0.491	0.524	2.66	2.89	3.39	3.8	5.1
CAF201	03/13/2011	0.351	0.433	0.358	0.491	0.524	3.03	2.98	3.43	3.87	5.1
CAF201	03/14/2011	0.352	0.434	0.358	0.491	0.524	3.61	3.29	3.51	3.9	5.04
CAF201	03/15/2011	0.351	0.434	0.358	0.491	0.524	3.85	3.54	3.62	3.9	5
CAF201	03/16/2011	0.352	0.435	0.358	0.491	0.524	4.02	3.69	3.75	3.99	5.03
CAF201	03/17/2011	0.352	0.435	0.358	0.491	0.524	3.92	3.8	3.86	4.04	5.1
CAF201	03/18/2011	0.352	0.435	0.358	0.491	0.524	3.85	3.8	3.95	4.1	5.1
CAF201	03/19/2011	0.351	0.435	0.358	0.492	0.524	4.13	3.97	4.01	4.17	5.1
CAF201	03/20/2011	0.351	0.435	0.358	0.492	0.524	3.62	3.92	4.09	4.2	5.1
CAF201	03/21/2011	0.35	0.435	0.358	0.492	0.524	3.91	3.9	4.1	4.25	5.16
CAF201	03/22/2011	0.352	0.436	0.358	0.492	0.524	4.18	4	4.12	4.3	5.2
CAF201	03/23/2011	0.352	0.436	0.358	0.492	0.524	4.35	4.08	4.2	4.3	5.2
CAF201	03/24/2011	0.352	0.436	0.358	0.492	0.524	4.88	4.27	4.26	4.38	5.2
CAF201	03/25/2011	0.352	0.437	0.358	0.492	0.524	5.32	4.63	4.31	4.4	5.25
CAF201	03/26/2011	0.352	0.437	0.358	0.492	0.524	5.19	4.78	4.48	4.48	5.3
CAF201	03/27/2011	0.352	0.438	0.358	0.492	0.524	5.38	4.86	4.59	4.56	5.3
CAF201	03/28/2011	0.352	0.439	0.358	0.492	0.524	5.46	4.96	4.55	4.62	5.36
CAF201	03/29/2011	0.352	0.439	0.358	0.492	0.525	5.19	5	4.8	4.7	5.4
CAF201	03/30/2011	0.353	0.439	0.358	0.492	0.525	5.51	5.08	4.85	4.79	5.42
CAF201	03/31/2011	0.354	0.44	0.358	0.493	0.525	6.48	5.44	4.93	4.83	5.5
CAF201	04/01/2011	0.354	0.441	0.358	0.493	0.525	6.79	5.8	5.07	4.91	5.5
CAF201	04/02/2011	0.354	0.442	0.358	0.493	0.525	7.36	6.2	5.22	5.02	5.59
CAF201	04/03/2011	0.353	0.442	0.358	0.493	0.525	6.27	6.13	5.45	5.13	5.6
CAF201	04/04/2011	0.352	0.441	0.358	0.493	0.525	5.74	5.81	5.5	5.25	5.7
CAF201	04/05/2011	0.352	0.441	0.359	0.493	0.526	5.8	5.7	5.5	5.3	5.77
CAF201	04/06/2011	0.351	0.441	0.358	0.494	0.526	5.4	5.6	5.5	5.35	5.8
CAF201	04/07/2011	0.351	0.44	0.358	0.494	0.526	5	5.35	5.5	5.4	5.86
CAF201	04/08/2011	0.351	0.439	0.359	0.494	0.526	5.28	5.24	5.4	5.4	5.9
CAF201	04/09/2011	0.351	0.439	0.358	0.494	0.526	5.86	5.37	5.4	5.4	5.9
CAF201	04/10/2011	0.351	0.44	0.358	0.493	0.526	6.03	5.52	5.4	5.4	5.9
CAF201	04/11/2011	0.352	0.44	0.358	0.494	0.526	6.11	5.65	5.48	5.4	6
CAF201	04/12/2011	0.351	0.441	0.358	0.494	0.526	6.01	5.67	5.51	5.4	6
CAF201	04/13/2011	0.351	0.441	0.358	0.494	0.527	5.95	5.76	5.58	5.45	6
CAF201	04/14/2011	0.351	0.44	0.358	0.494	0.527	5.37	5.59	5.57	5.5	6
CAF201	04/15/2011	0.351	0.441	0.358	0.494	0.527	5.76	5.58	5.6	5.5	6.08
CAF201	04/16/2011	0.352	0.441	0.358	0.494	0.527	6.56	5.8	5.6	5.5	6.1
CAF201	04/17/2011	0.353	0.442	0.358	0.494	0.527	6.9	6.1	5.66	5.52	6.1
CAF201	04/18/2011	0.352	0.442	0.358	0.494	0.527	6.29	6.12	5.77	5.6	6.1
CAF201	04/19/2011	0.351	0.441	0.358	0.494	0.527	5.84	5.97	5.8	5.61	6.1
CAF201	04/20/2011	NA	NA	NA	NA	NA	NA	NA	NA	NA	NA
CAF201	10/25/2011	NA	NA	NA	NA	NA	NA	NA	NA	NA	NA
CAF201	10/26/2011	0.141	0.285	0.489	0.627	0.533	9.38	11.02	12.5	13	13.2
CAF201	10/27/2011	0.141	0.284	0.488	0.626	0.533	9.24	10.76	12.38	12.9	13.14
CAF201	10/28/2011	0.141	0.284	0.488	0.626	0.532	8.84	10.43	12.15	12.74	13.08
CAF201	10/29/2011	0.142	0.284	0.486	0.625	0.532	9.35	10.2	11.92	12.55	12.98
CAF201	10/30/2011	0.142	0.285	0.487	0.624	0.532	9.28	10.23	11.74	12.38	12.87
CAF201	10/31/2011	0.142	0.286	0.487	0.624	0.532	9.84	10.24	11.62	12.25	12.76
CAF201	11/01/2011	0.141	0.285	0.483	0.624	0.532	8.67	10.14	11.51	12.13	12.65
CAF201	11/02/2011	0.141	0.282	0.483	0.625	0.532	7.55	9.63	11.39	12.03	12.55
CAF201	11/03/2011	0.141	0.281	0.487	0.625	0.532	7.42	9.16	11.18	11.87	12.45
CAF201	11/04/2011	0.141	0.283	0.487	0.626	0.532	7.68	9.01	10.95	11.7	12.35
CAF201	11/05/2011	0.14	0.282	0.486	0.626	0.532	6.84	8.78	10.75	11.53	12.24
CAF201	11/06/2011	0.139	0.281	0.486	0.624	0.531	6.35	8.4	10.56	11.35	12.13
CAF201	11/07/2011	0.139	0.28	0.481	0.623	0.531	5.92	8.05	10.32	11.17	12.01
CAF201	11/08/2011	0.139	0.279	0.48	0.623	0.53	5.86	7.7	10.09	10.98	11.87
CAF201	11/09/2011	0.139	0.279	0.479	0.622	0.53	6.24	7.63	9.85	10.77	11.75
CAF201	11/10/2011	0.14	0.279	0.483	0.621	0.53	6.26	7.59	9.68	10.59	11.61
CAF201	11/11/2011	0.14	0.28	0.484	0.62	0.53	6.3	7.56	9.54	10.44	11.47
CAF201	11/12/2011	0.14	0.281	0.484	0.619	0.53	6.28	7.5	9.43	10.3	11.35
CAF201	11/13/2011	0.14	0.282	0.484	0.619	0.53	5.89	7.35	9.33	10.17	11.23
CAF201	11/14/2011	0.14	0.283	0.483	0.614	0.529	6.05	7.23	9.19	10.05	11.11
CAF201	11/15/2011	0.14	0.283	0.465	0.612	0.528	5.44	7.12	9.08	9.94	11
CAF201	11/16/2011	0.139	0.281	0.47	0.611	0.528	4.57	6.73	8.95	9.83	10.88
CAF201	11/17/2011	0.139	0.281	0.48	0.611	0.529	4.14	6.31	8.75	9.68	10.77
CAF201	11/18/2011	0.14	0.28	0.48	0.611	0.529	4.2	6.04	8.52	9.5	10.66
CAF201	11/19/2011	0.14	0.28	0.479	0.611	0.528	4.3	5.9	8.32	9.32	10.54
CAF201	11/20/2011	0.14	0.28	0.477	0.611	0.528	4.3	5.83	8.15	9.15	10.42
CAF201	11/21/2011	0.14	0.279	0.478	0.611	0.528	4.3	5.77	8.03	9.02	10.28
CAF201	11/22/2011	0.168	0.312	0.483	0.61	0.529	4.3	5.57	7.85	8.87	10.16
CAF201	11/23/2011	0.208	0.309	0.483	0.609	0.528	5.49	5.73	7.73	8.74	10.04
CAF201	11/24/2011	0.21	0.307	0.483	0.608	0.528	5.88	6.13	7.7	8.64	9.93
CAF201	11/25/2011	0.212	0.305	0.481	0.608	0.527	5.68	6.25	7.76	8.6	9.81
CAF201	11/26/2011	0.212	0.306	0.476	0.606	0.526	4.92	6.12	7.8	8.6	9.73
CAF201	11/27/2011	0.21	0.304	0.479	0.608	0.526	4.45	5.8	7.7	8.54	9.67
CAF201	11/28/2011	0.211	0.302	0.475	0.608	0.525	4.86	5.7	7.61	8.47	9.6
CAF201	11/29/2011	0.212	0.303	0.476	0.607	0.526	4.85	5.74	7.5	8.39	9.52
CAF201	11/30/2011	0.212	0.302	0.465	0.607	0.525	4.85	5.7	7.45	8.3	9.44
CAF201	12/01/2011	0.211	0.302	0.425	0.605	0.525	4.38	5.6	7.4	8.22	9.37
CAF201	12/02/2011	0.21	0.302	0.467	0.605	0.525	3.89	5.34	7.3	8.17	9.3
CAF201	12/03/2011	0.209	0.302	0.433	0.605	0.524	3.54	5.09	7.17	8.07	9.2
CAF201	12/04/2011	0.207	0.301	0.423	0.605	0.524	3.22	4.84	7.04	7.96	9.13
CAF201	12/05/2011	0.206	0.3	0.417	0.605	0.524	3	4.61	6.87	7.84	9.05
CAF201	12/06/2011	0.204	0.298	0.417	0.604	0.524	2.77	4.4	6.71	7.7	8.97
CAF201	12/07/2011	0.203	0.297	0.416	0.602	0.524	2.63	4.21	6.55	7.56	8.87
CAF201	12/08/2011	0.202	0.296	0.414	0.601	0.524	2.44	4.05	6.4	7.43	8.76
CAF201	12/09/2011	0.201	0.295	0.413	0.6	0.524	2.22	3.87	6.25	7.28	8.66
CAF201	12/10/2011	0.2	0.294	0.415	0.599	0.523	2.1	3.7	6.1	7.15	8.56
CAF201	12/11/2011	0.199	0.294	0.415	0.598	0.523	2.07	3.57	5.95	7.02	8.45
CAF201	12/12/2011	0.198	0.294	0.413	0.598	0.523	1.96	3.47	5.83	6.88	8.35
CAF201	12/13/2011	0.197	0.293	0.412	0.597	0.523	1.9	3.35	5.7	6.76	8.24
CAF201	12/14/2011	0.196	0.293	0.411	0.596	0.523	1.83	3.26	5.58	6.65	8.14
CAF201	12/15/2011	0.195	0.292	0.408	0.596	0.522	1.82	3.2	5.47	6.54	8.03
CAF201	12/16/2011	0.195	0.292	0.405	0.596	0.522	1.9	3.12	5.37	6.43	7.93
CAF201	12/17/2011	0.195	0.292	0.405	0.595	0.522	1.9	3.1	5.28	6.33	7.84
CAF201	12/18/2011	0.195	0.292	0.405	0.593	0.522	1.91	3.1	5.2	6.24	7.75
CAF201	12/19/2011	0.195	0.292	0.402	0.595	0.522	2	3.1	5.12	6.15	7.65
CAF201	12/20/2011	0.195	0.292	0.402	0.595	0.521	2	3.1	5.1	6.08	7.56
CAF201	12/21/2011	0.195	0.291	0.401	0.594	0.521	2	3.01	5	6	7.49
CAF201	12/22/2011	0.195	0.291	0.401	0.595	0.522	1.92	3	5	5.94	7.4
CAF201	12/23/2011	0.194	0.29	0.4	0.595	0.522	1.71	2.93	4.9	5.9	7.32
CAF201	12/24/2011	0.193	0.29	0.4	0.594	0.521	1.55	2.82	4.85	5.8	7.26
CAF201	12/25/2011	0.192	0.29	0.399	0.593	0.521	1.6	2.71	4.78	5.74	7.2
CAF201	12/26/2011	0.192	0.289	0.399	0.592	0.521	1.6	2.7	4.7	5.67	7.1
CAF201	12/27/2011	0.192	0.289	0.399	0.592	0.521	1.6	2.68	4.62	5.6	7.04
CAF201	12/28/2011	0.195	0.288	0.407	0.591	0.52	1.66	2.6	4.59	5.5	6.98
CAF201	12/29/2011	0.207	0.302	0.481	0.598	0.524	1.73	2.6	4.49	5.46	6.9
CAF201	12/30/2011	0.256	0.435	0.477	0.595	0.525	2.54	2.62	4.41	5.37	6.83
CAF201	12/31/2011	0.248	0.382	0.48	0.594	0.525	2.88	3.01	4.4	5.3	6.77
CAF201	01/01/2012	0.243	0.323	0.482	0.593	0.525	2.51	3.08	4.5	5.3	6.7
CAF201	01/02/2012	0.242	0.319	0.482	0.593	0.524	2.4	3	4.5	5.3	6.67
CAF201	01/03/2012	0.242	0.318	0.483	0.596	0.524	2.43	3	4.5	5.3	6.6
CAF201	01/04/2012	0.243	0.319	0.483	0.596	0.524	2.74	3.07	4.5	5.3	6.6
CAF201	01/05/2012	0.243	0.318	0.483	0.597	0.524	3.65	3.33	4.52	5.3	6.54
CAF201	01/06/2012	0.241	0.316	0.483	0.598	0.524	3.3	3.58	4.6	5.3	6.5
CAF201	01/07/2012	0.239	0.312	0.482	0.598	0.524	2.78	3.43	4.7	5.34	6.5
CAF201	01/08/2012	0.239	0.31	0.482	0.598	0.524	2.63	3.27	4.7	5.4	6.5
CAF201	01/09/2012	0.239	0.309	0.482	0.596	0.524	2.67	3.2	4.6	5.33	6.43
CAF201	01/10/2012	0.239	0.308	0.482	0.591	0.524	2.85	3.24	4.6	5.3	6.4
CAF201	01/11/2012	0.24	0.309	0.482	0.59	0.524	2.6	3.18	4.6	5.3	6.4
CAF201	01/12/2012	0.236	0.31	0.48	0.587	0.524	2.3	3.08	4.57	5.3	6.4
CAF201	01/13/2012	0.233	0.307	0.479	0.582	0.522	2.05	2.93	4.5	5.22	6.3
CAF201	01/14/2012	0.231	0.305	0.476	0.581	0.522	1.9	2.77	4.43	5.2	6.3
CAF201	01/15/2012	0.23	0.304	0.467	0.581	0.521	1.84	2.68	4.35	5.12	6.29
CAF201	01/16/2012	0.229	0.303	0.462	0.58	0.521	1.8	2.6	4.28	5.08	6.2
CAF201	01/17/2012	0.229	0.302	0.463	0.579	0.521	1.8	2.54	4.2	5	6.2
CAF201	01/18/2012	0.229	0.302	0.466	0.578	0.521	1.8	2.5	4.14	4.94	6.12
CAF201	01/19/2012	0.23	0.3	0.468	0.578	0.521	1.8	2.5	4.1	4.9	6.1
CAF201	01/20/2012	0.23	0.307	0.476	0.582	0.523	1.8	2.4	4.05	4.85	6.04
CAF201	01/21/2012	0.232	0.422	0.475	0.585	0.524	1.8	2.4	4	4.8	6
CAF201	01/22/2012	0.242	0.448	0.475	0.587	0.524	1.8	2.4	3.95	4.76	5.94
CAF201	01/23/2012	0.244	0.448	0.475	0.586	0.524	1.8	2.4	3.9	4.7	5.9
CAF201	01/24/2012	0.244	0.447	0.477	0.584	0.524	1.8	2.4	3.9	4.68	5.86
CAF201	01/25/2012	0.366	0.449	0.476	0.586	0.525	1.8	2.35	3.82	4.6	5.8
CAF201	01/26/2012	0.437	0.451	0.476	0.586	0.525	1.77	2.3	3.79	4.6	5.8
CAF201	01/27/2012	0.439	0.451	0.476	0.586	0.525	1.79	2.3	3.76	4.53	5.74
CAF201	01/28/2012	0.437	0.451	0.476	0.584	0.525	1.8	2.3	3.7	4.5	5.7
CAF201	01/29/2012	0.437	0.45	0.476	0.582	0.525	1.8	2.3	3.7	4.49	5.7
CAF201	01/30/2012	0.443	0.453	0.476	0.584	0.525	1.7	2.25	3.63	4.4	5.6
CAF201	01/31/2012	0.446	0.453	0.477	0.584	0.525	1.7	2.2	3.63	4.4	5.6
CAF201	02/01/2012	0.446	0.453	0.477	0.583	0.525	1.75	2.2	3.6	4.4	5.57
CAF201	02/02/2012	0.449	0.453	0.477	0.584	0.525	1.7	2.2	3.6	4.37	5.5
CAF201	02/03/2012	0.448	0.452	0.478	0.583	0.525	1.79	2.2	3.6	4.3	5.5
CAF201	02/04/2012	0.448	0.452	0.478	0.582	0.525	1.8	2.2	3.6	4.3	5.5
CAF201	02/05/2012	0.449	0.452	0.478	0.582	0.525	1.8	2.2	3.55	4.3	5.4
CAF201	02/06/2012	0.448	0.451	0.478	0.581	0.525	1.75	2.2	3.5	4.21	5.4
CAF201	02/07/2012	0.449	0.451	0.478	0.582	0.525	1.7	2.2	3.5	4.2	5.4
CAF201	02/08/2012	0.448	0.452	0.478	0.582	0.525	1.7	2.14	3.5	4.2	5.31
CAF201	02/09/2012	0.45	0.452	0.478	0.582	0.525	1.7	2.1	3.5	4.2	5.3
CAF201	02/10/2012	0.451	0.453	0.478	0.582	0.525	1.7	2.1	3.47	4.11	5.3
CAF201	02/11/2012	0.452	0.454	0.478	0.582	0.525	1.71	2.1	3.4	4.1	5.24
CAF201	02/12/2012	0.452	0.453	0.478	0.581	0.525	2.05	2.2	3.4	4.1	5.2
CAF201	02/13/2012	0.452	0.453	0.477	0.579	0.524	2.56	2.45	3.45	4.1	5.2
CAF201	02/14/2012	0.451	0.453	0.477	0.579	0.525	2.61	2.59	3.51	4.1	5.2
CAF201	02/15/2012	0.447	0.454	0.477	0.579	0.525	2.56	2.65	3.6	4.17	5.2
CAF201	02/16/2012	0.442	0.453	0.477	0.576	0.525	2.43	2.66	3.6	4.2	5.2
CAF201	02/17/2012	0.442	0.453	0.477	0.576	0.525	2.29	2.54	3.6	4.2	5.2
CAF201	02/18/2012	0.444	0.453	0.477	0.575	0.525	2.95	2.67	3.6	4.2	5.2
CAF201	02/19/2012	0.444	0.454	0.476	0.574	0.525	2.71	2.8	3.67	4.2	5.2
CAF201	02/20/2012	0.435	0.453	0.476	0.573	0.525	2.42	2.73	3.7	4.2	5.18
CAF201	02/21/2012	0.431	0.455	0.476	0.574	0.525	2.41	2.62	3.7	4.2	5.1
CAF201	02/22/2012	0.432	0.455	0.476	0.573	0.525	3.99	2.9	3.7	4.2	5.1
CAF201	02/23/2012	0.429	0.456	0.476	0.572	0.525	3.48	3.29	3.76	4.25	5.1
CAF201	02/24/2012	0.425	0.455	0.475	0.571	0.525	2.97	3.16	3.88	4.3	5.1
CAF201	02/25/2012	0.426	0.454	0.475	0.569	0.525	3.05	3.1	3.9	4.38	5.1
CAF201	02/26/2012	0.416	0.454	0.475	0.569	0.525	2.57	2.97	3.9	4.4	5.2
CAF201	02/27/2012	0.414	0.454	0.475	0.569	0.525	2.33	2.77	3.89	4.4	5.2
CAF201	02/28/2012	0.407	0.453	0.474	0.568	0.525	2.18	2.65	3.8	4.34	5.2
CAF201	02/29/2012	0.404	0.453	0.474	0.566	0.525	2.1	2.54	3.75	4.3	5.2
CAF201	03/01/2012	0.403	0.453	0.474	0.566	0.525	2.02	2.46	3.7	4.28	5.1
CAF201	03/02/2012	0.399	0.453	0.474	0.567	0.526	2	2.4	3.62	4.2	5.1
CAF201	03/03/2012	0.406	0.454	0.474	0.567	0.525	2	2.33	3.6	4.2	5.1
CAF201	03/04/2012	0.418	0.454	0.474	0.567	0.525	2.4	2.31	3.51	4.11	5.1
CAF201	03/05/2012	0.419	0.455	0.473	0.566	0.525	3.91	2.82	3.51	4.1	5.05
CAF201	03/06/2012	0.419	0.457	0.473	0.565	0.525	3.49	3.19	3.64	4.1	5
CAF201	03/07/2012	0.411	0.456	0.473	0.564	0.525	2.78	3.05	3.75	4.2	5
CAF201	03/08/2012	0.406	0.456	0.473	0.564	0.526	2.78	2.88	3.8	4.2	5
CAF201	03/09/2012	0.401	0.456	0.473	0.561	0.525	3.75	3	3.8	4.2	5
CAF201	03/10/2012	0.385	0.455	0.473	0.556	0.525	4.65	3.5	3.81	4.21	5
CAF201	03/11/2012	0.381	0.434	0.473	0.556	0.525	4.99	3.91	3.95	4.3	5
CAF201	03/12/2012	0.384	0.455	0.472	0.558	0.525	3.92	3.93	4.11	4.39	5.01
CAF201	03/13/2012	0.406	0.456	0.472	0.559	0.525	3.85	3.7	4.2	4.49	5.1
CAF201	03/14/2012	0.409	0.457	0.472	0.56	0.526	3.53	3.61	4.2	4.5	5.1
CAF201	03/15/2012	0.413	0.458	0.473	0.561	0.526	4.21	3.59	4.2	4.5	5.1
CAF201	03/16/2012	0.416	0.46	0.473	0.561	0.527	5.05	3.94	4.2	4.54	5.1
CAF201	03/17/2012	0.415	0.46	0.472	0.564	0.526	5.25	4.27	4.33	4.6	5.17
CAF201	03/18/2012	0.413	0.459	0.471	0.563	0.526	4.45	4.33	4.45	4.68	5.2
CAF201	03/19/2012	0.411	0.458	0.471	0.561	0.526	3.81	4.02	4.5	4.75	5.2
CAF201	03/20/2012	0.404	0.458	0.471	0.566	0.526	3.51	3.81	4.5	4.8	5.22
CAF201	03/21/2012	0.41	0.46	0.472	0.575	0.527	3.01	3.52	4.41	4.8	5.3
CAF201	03/22/2012	0.411	0.459	0.472	0.574	0.527	2.71	3.27	4.33	4.72	5.3
CAF201	03/23/2012	0.412	0.459	0.472	0.574	0.527	3.15	3.2	4.22	4.7	5.3
CAF201	03/24/2012	0.413	0.459	0.472	0.574	0.527	3.81	3.3	4.18	4.6	5.3
CAF201	03/25/2012	0.413	0.459	0.471	0.572	0.526	5.19	3.77	4.18	4.6	5.28
CAF201	03/26/2012	0.414	0.462	0.471	0.572	0.527	6.19	4.45	4.28	4.6	5.2
CAF201	03/27/2012	0.414	0.462	0.471	0.572	0.527	5.57	4.69	4.5	4.71	5.2
CAF201	03/28/2012	0.414	0.463	0.471	0.571	0.527	6.32	4.88	4.65	4.83	5.28
CAF201	03/29/2012	0.414	0.464	0.471	0.571	0.527	6.47	5.17	4.82	4.93	5.3
CAF201	03/30/2012	0.413	0.465	0.471	0.57	0.527	6.67	5.38	4.98	5.06	5.34
CAF201	03/31/2012	0.413	0.465	0.471	0.566	0.527	6.67	5.51	5.14	5.17	5.4
CAF201	04/01/2012	0.413	0.466	0.472	0.564	0.527	6.38	5.66	5.26	5.28	5.46
CAF201	04/02/2012	0.412	0.464	0.471	0.563	0.527	5.62	5.38	5.38	5.39	5.5
CAF201	04/03/2012	0.409	0.462	0.47	0.561	0.527	6.05	5.34	5.4	5.47	5.6
CAF201	04/04/2012	0.409	0.463	0.47	0.56	0.527	5.95	5.43	5.4	5.5	5.61
CAF201	04/05/2012	0.409	0.463	0.471	0.561	0.528	4.76	5.05	5.4	5.5	5.7
CAF201	04/06/2012	0.409	0.463	0.471	0.561	0.528	4.8	4.85	5.35	5.5	5.7
CAF201	04/07/2012	0.409	0.462	0.47	0.561	0.528	4.71	4.62	5.28	5.5	5.75
CAF201	04/08/2012	0.407	0.461	0.469	0.561	0.528	5.8	4.81	5.2	5.5	5.8
CAF201	04/09/2012	0.406	0.461	0.469	0.558	0.527	6.97	5.23	5.21	5.44	5.8
CAF201	04/10/2012	0.401	0.462	0.468	0.544	0.527	8.17	5.91	5.35	5.5	5.8
CAF201	04/11/2012	0.392	0.463	0.468	0.541	0.527	8.63	6.49	5.58	5.59	5.8
CAF201	04/12/2012	0.388	0.464	0.469	0.541	0.527	8.84	6.88	5.84	5.75	5.81
CAF201	04/13/2012	0.391	0.465	0.469	0.545	0.527	8.7	7.13	6.09	5.94	5.9
CAF201	04/14/2012	0.385	0.46	0.469	0.544	0.528	8.62	7.25	6.3	6.11	5.98
CAF201	04/15/2012	0.374	0.354	0.471	0.542	0.528	8.51	7.26	6.45	6.25	6.07
CAF201	04/16/2012	0.367	0.389	0.471	0.542	0.528	8.07	7.22	6.57	6.38	6.15
CAF201	04/17/2012	0.375	0.465	0.469	0.544	0.528	7.93	7.05	6.6	6.49	6.23
CAF201	04/18/2012	0.384	0.466	0.469	0.544	0.528	8.71	7.21	6.66	6.55	6.3
CAF201	04/19/2012	0.406	0.467	0.469	0.544	0.528	9.03	7.46	6.74	6.61	6.4
CAF201	04/20/2012	0.407	0.469	0.47	0.544	0.528	9.93	7.81	6.85	6.7	6.45
CAF201	04/21/2012	0.405	0.469	0.469	0.543	0.528	10.67	8.2	7.04	6.83	6.5
CAF201	04/22/2012	0.388	0.47	0.469	0.535	0.528	11.98	8.9	7.26	6.97	6.6
CAF201	04/23/2012	0.385	0.472	0.469	0.534	0.528	13.47	9.67	7.56	7.17	6.67
CAF201	04/24/2012	0.389	0.474	0.47	0.547	0.529	14.38	10.57	7.96	7.41	6.77
CAF201	04/25/2012	0.38	0.45	0.471	0.544	0.529	14.04	11.04	8.4	7.72	6.9
CAF201	04/26/2012	0.401	0.44	0.472	0.552	0.53	13.55	11.25	8.77	8.04	7.05
CAF201	04/27/2012	0.425	0.478	0.473	0.555	0.53	11.05	10.7	9.03	8.3	7.22
CAF201	04/28/2012	0.419	0.474	0.472	0.557	0.53	10.19	9.89	9.06	8.48	7.38
CAF201	04/29/2012	0.397	0.473	0.471	0.563	0.531	10.56	9.6	8.94	8.51	7.54
CAF201	04/30/2012	0.403	0.474	0.472	0.563	0.531	11.4	9.75	8.9	8.52	7.65
CAF201	05/01/2012	0.408	0.474	0.471	0.563	0.531	10.3	9.7	8.9	8.6	7.74
CAF201	05/02/2012	0.4	0.472	0.471	0.561	0.531	9.51	9.27	8.87	8.6	7.81
CAF201	05/03/2012	0.398	0.472	0.471	0.563	0.532	9.49	9.01	8.76	8.6	7.9
CAF201	05/04/2012	0.41	0.473	0.471	0.566	0.532	9.35	8.85	8.65	8.56	7.9
CAF201	05/05/2012	0.409	0.471	0.471	0.565	0.532	9.09	8.7	8.58	8.5	8
CAF201	05/06/2012	0.396	0.47	0.47	0.564	0.532	9.03	8.63	8.5	8.49	8
CAF201	05/07/2012	NA	NA	NA	NA	NA	NA	NA	NA	NA	NA
CAF201	11/08/2013	NA	NA	NA	NA	NA	NA	NA	NA	NA	NA
CAF201	11/09/2013	0.238	0.285	0.473	0.471	0.532	6.86	8.17	9.4	10.4	11.19
CAF201	11/10/2013	0.238	0.298	0.472	0.47	0.532	7.2	8.12	9.35	10.4	11.1
CAF201	11/11/2013	0.238	0.306	0.472	0.47	0.531	7.52	8.16	9.3	10.3	11
CAF201	11/12/2013	0.238	0.31	0.471	0.47	0.531	7.71	8.2	9.3	10.27	10.92
CAF201	11/13/2013	0.237	0.311	0.472	0.47	0.531	7.73	8.3	9.3	10.2	10.83
CAF201	11/14/2013	0.236	0.312	0.472	0.469	0.531	7.38	8.27	9.28	10.2	10.79
CAF201	11/15/2013	0.236	0.313	0.472	0.468	0.531	7.1	8.17	9.2	10.12	10.7
CAF201	11/16/2013	0.289	0.412	0.475	0.467	0.531	6.33	7.89	9.15	10.1	10.66
CAF201	11/17/2013	0.279	0.367	0.475	0.467	0.531	6.03	7.68	9.01	10	10.6
CAF201	11/18/2013	0.273	0.354	0.474	0.468	0.531	6.24	7.52	8.86	9.89	10.53
CAF201	11/19/2013	0.275	0.355	0.473	0.467	0.531	6.45	7.48	8.71	9.78	10.47
CAF201	11/20/2013	0.28	0.354	0.474	0.468	0.531	6.35	7.5	8.67	9.7	10.4
CAF201	11/21/2013	0.27	0.351	0.474	0.469	0.531	5.08	7.25	8.59	9.6	10.3
CAF201	11/22/2013	0.261	0.348	0.473	0.469	0.531	4.33	6.9	8.44	9.53	10.24
CAF201	11/23/2013	0.254	0.345	0.472	0.469	0.531	3.91	6.5	8.21	9.37	10.16
CAF201	11/24/2013	0.25	0.342	0.471	0.468	0.53	3.62	6.1	7.98	9.19	10.06
CAF201	11/25/2013	0.248	0.34	0.469	0.467	0.53	3.43	5.86	7.73	9	9.95
CAF201	11/26/2013	0.246	0.339	0.469	0.466	0.53	3.29	5.63	7.51	8.82	9.84
CAF201	11/27/2013	0.245	0.338	0.468	0.466	0.529	3.2	5.48	7.31	8.64	9.72
CAF201	11/28/2013	0.244	0.336	0.468	0.466	0.529	3.1	5.33	7.14	8.47	9.6
CAF201	11/29/2013	0.243	0.335	0.468	0.465	0.529	3.01	5.17	6.96	8.32	9.46
CAF201	11/30/2013	0.243	0.333	0.468	0.465	0.529	2.93	5.02	6.82	8.15	9.34
CAF201	12/01/2013	0.286	0.394	0.468	0.465	0.529	2.93	4.87	6.67	8.03	9.22
CAF201	12/02/2013	0.304	0.446	0.467	0.467	0.529	3.89	4.78	6.54	7.9	9.11
CAF201	12/03/2013	0.294	0.445	0.469	0.467	0.529	3.67	4.9	6.45	7.77	8.99
CAF201	12/04/2013	0.288	0.444	0.47	0.466	0.529	3.39	4.87	6.4	7.7	8.88
CAF201	12/05/2013	0.28	0.435	0.47	0.465	0.529	3.16	4.82	6.36	7.6	8.78
CAF201	12/06/2013	0.273	0.379	0.47	0.465	0.528	3.01	4.72	6.28	7.52	8.69
CAF201	12/07/2013	0.267	0.359	0.469	0.465	0.528	2.84	4.6	6.18	7.44	8.6
CAF201	12/08/2013	0.261	0.351	0.468	0.465	0.528	2.61	4.45	6.08	7.35	8.51
CAF201	12/09/2013	0.256	0.348	0.467	0.465	0.528	2.39	4.24	5.93	7.25	8.42
CAF201	12/10/2013	0.251	0.345	0.466	0.464	0.528	2.23	4.09	5.84	7.16	8.33
CAF201	12/11/2013	0.249	0.343	0.464	0.464	0.527	2.18	3.93	5.72	7.05	8.24
CAF201	12/12/2013	0.248	0.343	0.464	0.463	0.527	2.1	3.87	5.59	6.94	8.14
CAF201	12/13/2013	0.247	0.339	0.464	0.462	0.526	2.1	3.75	5.49	6.83	8.05
CAF201	12/14/2013	0.248	0.336	0.464	0.462	0.526	2.1	3.68	5.4	6.72	7.95
CAF201	12/15/2013	0.249	0.336	0.464	0.461	0.527	2.1	3.6	5.3	6.61	7.87
CAF201	12/16/2013	0.25	0.336	0.465	0.461	0.527	2.1	3.57	5.21	6.52	7.78
CAF201	12/17/2013	0.251	0.336	0.466	0.461	0.527	2.1	3.54	5.15	6.43	7.68
CAF201	12/18/2013	0.252	0.336	0.466	0.46	0.527	2.2	3.5	5.1	6.36	7.6
CAF201	12/19/2013	0.253	0.337	0.466	0.46	0.527	2.2	3.5	5.02	6.3	7.5
CAF201	12/20/2013	0.252	0.338	0.466	0.459	0.527	2.2	3.5	5	6.25	7.44
CAF201	12/21/2013	0.25	0.335	0.465	0.458	0.526	2.2	3.5	4.95	6.2	7.37
CAF201	12/22/2013	0.25	0.336	0.463	0.458	0.525	2.2	3.5	4.9	6.19	7.3
CAF201	12/23/2013	0.264	0.42	0.464	0.46	0.526	2.2	3.4	4.74	6.1	7.21
CAF201	12/24/2013	0.295	0.441	0.462	0.461	0.526	2.2	3.27	4.72	6.02	7.16
CAF201	12/25/2013	0.292	0.44	0.464	0.461	0.526	2.2	3.3	4.7	6	7.1
CAF201	12/26/2013	0.289	0.441	0.466	0.462	0.525	2.2	3.27	4.7	5.95	7.02
CAF201	12/27/2013	0.287	0.44	0.467	0.461	0.525	2.2	3.27	4.66	5.9	6.99
CAF201	12/28/2013	0.287	0.439	0.467	0.461	0.525	2.2	3.3	4.6	5.88	6.9
CAF201	12/29/2013	0.284	0.435	0.468	0.461	0.525	2.2	3.3	4.6	5.8	6.88
CAF201	12/30/2013	0.282	0.428	0.467	0.46	0.525	2.2	3.3	4.6	5.8	6.8
CAF201	12/31/2013	0.293	0.429	0.464	0.461	0.525	2.2	3.27	4.51	5.76	6.75
CAF201	01/01/2014	0.294	0.438	0.465	0.462	0.525	2.2	3.2	4.47	5.7	6.7
CAF201	01/02/2014	0.293	0.439	0.465	0.461	0.525	2.2	3.2	4.48	5.68	6.65
CAF201	01/03/2014	0.362	0.441	0.462	0.464	0.525	2.15	3.17	4.4	5.6	6.6
CAF201	01/04/2014	0.35	0.438	0.463	0.465	0.525	2.2	3.04	4.4	5.59	6.56
CAF201	01/05/2014	0.311	0.438	0.465	0.463	0.525	2.11	3.1	4.31	5.5	6.5
CAF201	01/06/2014	0.292	0.437	0.468	0.46	0.524	2.06	3.1	4.3	5.5	6.47
CAF201	01/07/2014	0.282	0.392	0.467	0.459	0.524	2	3.02	4.3	5.45	6.4
CAF201	01/08/2014	0.282	0.367	0.465	0.459	0.524	2	2.98	4.21	5.4	6.38
CAF201	01/09/2014	0.41	0.423	0.463	0.464	0.526	1.9	2.94	4.18	5.38	6.3
CAF201	01/10/2014	0.415	0.427	0.462	0.464	0.526	1.9	2.9	4.12	5.3	6.29
CAF201	01/11/2014	0.418	0.429	0.463	0.464	0.525	1.9	2.83	4.1	5.27	6.2
CAF201	01/12/2014	0.419	0.429	0.461	0.464	0.526	1.9	2.8	4.06	5.2	6.2
CAF201	01/13/2014	0.42	0.43	0.461	0.465	0.526	1.97	2.8	4	5.2	6.12
CAF201	01/14/2014	0.422	0.429	0.46	0.465	0.526	2.32	2.8	4	5.15	6.1
CAF201	01/15/2014	0.422	0.428	0.46	0.464	0.525	2.47	2.8	4	5.1	6.07
CAF201	01/16/2014	0.422	0.427	0.46	0.463	0.525	2.48	2.88	4	5.1	6
CAF201	01/17/2014	0.421	0.427	0.46	0.462	0.525	2.39	2.9	4	5.1	6
CAF201	01/18/2014	0.379	0.427	0.46	0.462	0.525	2.33	2.9	4	5.1	5.91
CAF201	01/19/2014	0.361	0.426	0.46	0.461	0.525	2.25	2.87	4	5.1	5.9
CAF201	01/20/2014	0.349	0.426	0.46	0.461	0.525	2.2	2.9	4	5.04	5.9
CAF201	01/21/2014	0.344	0.426	0.46	0.46	0.524	2.2	2.9	4	5	5.85
CAF201	01/22/2014	0.335	0.425	0.461	0.459	0.524	2.2	2.9	3.9	5	5.8
CAF201	01/23/2014	0.322	0.425	0.463	0.458	0.524	2.2	2.9	3.9	5	5.8
CAF201	01/24/2014	0.317	0.424	0.464	0.457	0.524	2.2	2.9	3.9	5	5.8
CAF201	01/25/2014	0.316	0.423	0.464	0.457	0.524	2.2	2.89	3.9	5	5.74
CAF201	01/26/2014	0.312	0.422	0.464	0.456	0.524	2.2	2.83	3.9	4.93	5.7
CAF201	01/27/2014	0.306	0.415	0.464	0.456	0.524	2.2	2.8	3.9	4.9	5.7
CAF201	01/28/2014	0.301	0.387	0.464	0.455	0.524	2.18	2.8	3.82	4.9	5.7
CAF201	01/29/2014	0.324	0.409	0.46	0.455	0.524	2.1	2.77	3.8	4.9	5.6
CAF201	01/30/2014	0.398	0.429	0.459	0.46	0.525	2.1	2.8	3.8	4.9	5.6
CAF201	01/31/2014	0.4	0.431	0.458	0.461	0.525	2.1	2.8	3.8	4.8	5.6
CAF201	02/01/2014	0.4	0.429	0.456	0.46	0.525	2.1	2.7	3.8	4.8	5.6
CAF201	02/02/2014	0.4	0.428	0.456	0.459	0.525	2.1	2.7	3.73	4.8	5.52
CAF201	02/03/2014	0.4	0.428	0.456	0.459	0.525	2.1	2.67	3.7	4.8	5.5
CAF201	02/04/2014	0.401	0.428	0.455	0.459	0.525	2.1	2.7	3.67	4.74	5.5
CAF201	02/05/2014	0.364	0.428	0.456	0.458	0.524	2.1	2.7	3.7	4.7	5.5
CAF201	02/06/2014	0.337	0.426	0.457	0.455	0.524	2.1	2.7	3.7	4.7	5.43
CAF201	02/07/2014	0.318	0.425	0.46	0.452	0.523	2.07	2.7	3.69	4.7	5.4
CAF201	02/08/2014	0.31	0.423	0.461	0.451	0.523	2	2.69	3.6	4.7	5.4
CAF201	02/09/2014	0.308	0.419	0.461	0.45	0.523	2	2.6	3.6	4.65	5.4
CAF201	02/10/2014	0.308	0.417	0.461	0.45	0.523	2	2.6	3.6	4.6	5.38
CAF201	02/11/2014	0.366	0.427	0.455	0.453	0.523	1.97	2.6	3.6	4.6	5.3
CAF201	02/12/2014	0.387	0.431	0.456	0.456	0.524	1.9	2.6	3.57	4.6	5.3
CAF201	02/13/2014	0.39	0.431	0.457	0.458	0.524	2.02	2.55	3.47	4.56	5.3
CAF201	02/14/2014	0.392	0.431	0.456	0.457	0.524	2.39	2.5	3.5	4.5	5.3
CAF201	02/15/2014	0.393	0.431	0.456	0.457	0.524	2.68	2.62	3.5	4.6	5.21
CAF201	02/16/2014	0.395	0.432	0.456	0.457	0.524	3.04	2.75	3.58	4.6	5.2
CAF201	02/17/2014	0.396	0.431	0.455	0.456	0.524	3.03	2.9	3.64	4.6	5.2
CAF201	02/18/2014	0.398	0.43	0.456	0.456	0.524	3.15	2.97	3.7	4.6	5.2
CAF201	02/19/2014	0.4	0.432	0.456	0.456	0.524	3.23	3.13	3.77	4.67	5.2
CAF201	02/20/2014	0.4	0.431	0.455	0.456	0.524	2.8	3.16	3.8	4.7	5.2
CAF201	02/21/2014	0.401	0.431	0.456	0.456	0.524	2.65	3.05	3.8	4.7	5.2
CAF201	02/22/2014	0.401	0.43	0.454	0.455	0.524	2.68	3	3.8	4.7	5.2
CAF201	02/23/2014	0.4	0.43	0.454	0.455	0.524	2.64	3	3.8	4.65	5.2
CAF201	02/24/2014	0.402	0.431	0.456	0.456	0.524	2.56	2.93	3.8	4.6	5.2
CAF201	02/25/2014	0.403	0.432	0.456	0.456	0.524	2.6	2.9	3.8	4.6	5.2
CAF201	02/26/2014	0.403	0.431	0.455	0.455	0.524	2.6	2.87	3.73	4.6	5.2
CAF201	02/27/2014	0.402	0.43	0.455	0.454	0.524	2.56	2.9	3.7	4.6	5.2
CAF201	02/28/2014	0.403	0.429	0.455	0.454	0.524	2.5	2.85	3.7	4.6	5.2
CAF201	03/01/2014	0.403	0.429	0.453	0.454	0.524	2.48	2.8	3.7	4.57	5.2
CAF201	03/02/2014	0.403	0.428	0.454	0.454	0.524	2.34	2.8	3.7	4.5	5.12
CAF201	03/03/2014	0.406	0.429	0.455	0.455	0.524	2.22	2.75	3.66	4.5	5.1
CAF201	03/04/2014	0.407	0.43	0.453	0.455	0.525	2.53	2.7	3.6	4.5	5.1
CAF201	03/05/2014	0.409	0.43	0.454	0.455	0.524	3.63	2.83	3.6	4.5	5.1
CAF201	03/06/2014	0.411	0.428	0.453	0.455	0.524	4.72	3.21	3.69	4.5	5.1
CAF201	03/07/2014	0.412	0.432	0.455	0.456	0.524	5.2	3.66	3.87	4.53	5.1
CAF201	03/08/2014	0.41	0.433	0.456	0.455	0.524	5.25	3.97	4.08	4.65	5.1
CAF201	03/09/2014	0.412	0.43	0.454	0.455	0.524	5.92	4.21	4.28	4.77	5.1
CAF201	03/10/2014	0.411	0.433	0.455	0.455	0.525	6.64	4.61	4.48	4.92	5.17
CAF201	03/11/2014	0.41	0.435	0.457	0.456	0.525	5.99	4.88	4.71	5.07	5.2
CAF201	03/12/2014	0.407	0.434	0.456	0.455	0.525	5.84	4.9	4.87	5.23	5.3
CAF201	03/13/2014	0.405	0.433	0.455	0.453	0.524	5.8	4.94	4.98	5.35	5.36
CAF201	03/14/2014	0.405	0.434	0.456	0.453	0.525	5.85	5	5.05	5.44	5.42
CAF201	03/15/2014	0.405	0.434	0.455	0.454	0.525	5.45	5	5.1	5.5	5.5
CAF201	03/16/2014	0.403	0.433	0.455	0.452	0.525	5.61	4.94	5.1	5.6	5.55
CAF201	03/17/2014	0.404	0.433	0.456	0.453	0.525	5.84	5.02	5.17	5.62	5.6
CAF201	03/18/2014	0.402	0.433	0.455	0.453	0.525	5.18	5.04	5.2	5.7	5.63
CAF201	03/19/2014	0.4	0.432	0.453	0.451	0.525	5.01	4.91	5.2	5.7	5.7
CAF201	03/20/2014	0.388	0.432	0.452	0.451	0.525	4.94	4.83	5.2	5.7	5.7
CAF201	03/21/2014	0.373	0.431	0.451	0.45	0.525	4.54	4.74	5.18	5.7	5.78
CAF201	03/22/2014	0.359	0.431	0.451	0.449	0.525	4.41	4.6	5.1	5.7	5.8
CAF201	03/23/2014	0.355	0.43	0.45	0.449	0.525	4.76	4.51	5.06	5.7	5.8
CAF201	03/24/2014	0.344	0.43	0.451	0.447	0.525	5	4.6	5	5.7	5.8
CAF201	03/25/2014	0.337	0.429	0.453	0.443	0.525	5.34	4.68	5.02	5.69	5.8
CAF201	03/26/2014	0.332	0.428	0.454	0.442	0.525	5.57	4.8	5.1	5.7	5.8
CAF201	03/27/2014	0.35	0.431	0.451	0.445	0.525	5.98	4.96	5.15	5.7	5.8
CAF201	03/28/2014	0.357	0.432	0.451	0.446	0.526	5.98	5.1	5.25	5.8	5.8
CAF201	03/29/2014	0.406	0.433	0.454	0.449	0.526	6.32	5.2	5.33	5.84	5.82
CAF201	03/30/2014	0.408	0.433	0.452	0.449	0.526	6.53	5.34	5.43	5.9	5.9
CAF201	03/31/2014	0.407	0.432	0.451	0.447	0.526	6.25	5.46	5.52	5.98	5.9
CAF201	04/01/2014	0.381	0.432	0.45	0.445	0.526	6.55	5.5	5.6	6.04	5.94
CAF201	04/02/2014	0.36	0.431	0.45	0.445	0.526	6.69	5.63	5.67	6.1	6
CAF201	04/03/2014	0.345	0.431	0.452	0.444	0.526	6.51	5.7	5.74	6.17	6
CAF201	04/04/2014	0.347	0.433	0.451	0.446	0.526	7.03	5.76	5.8	6.2	6.1
CAF201	04/05/2014	0.344	0.432	0.451	0.446	0.526	6.89	5.9	5.88	6.3	6.1
CAF201	04/06/2014	0.347	0.433	0.451	0.447	0.526	7.27	5.94	5.95	6.33	6.16
CAF201	04/07/2014	0.341	0.432	0.452	0.446	0.526	7.57	6.15	6.04	6.4	6.2
CAF201	04/08/2014	0.339	0.431	0.454	0.445	0.527	8.44	6.26	6.1	6.48	6.2
CAF201	04/09/2014	NA	NA	NA	NA	NA	NA	NA	NA	NA	NA
CAF201	05/29/2014	NA	NA	NA	NA	NA	NA	NA	NA	NA	NA
CAF201	05/30/2014	0.289	0.386	0.466	0.456	NA	14.87	12.75	12.1	11.6	NA
CAF201	05/31/2014	0.291	0.386	0.466	0.456	NA	16.11	12.82	12.01	11.6	NA
CAF201	06/01/2014	0.292	0.387	0.466	0.456	NA	16.94	13.11	12.12	11.65	NA
CAF201	06/02/2014	0.291	0.389	0.467	0.456	NA	17.74	13.5	12.27	11.75	NA
CAF201	06/03/2014	0.29	0.39	0.467	0.457	NA	18.58	13.93	12.5	11.9	NA
CAF201	06/04/2014	0.287	0.391	0.468	0.458	NA	18.84	14.37	12.78	12.09	NA
CAF201	06/05/2014	0.284	0.392	0.468	0.459	NA	18.97	14.72	13.07	12.3	NA
CAF201	06/06/2014	0.28	0.393	0.468	0.459	NA	18.65	14.95	13.32	12.51	NA
CAF201	06/07/2014	0.277	0.393	0.468	0.459	NA	18.66	15.07	13.53	12.71	NA
CAF201	06/08/2014	0.273	0.393	0.468	0.458	NA	18.7	15.17	13.67	12.87	NA
CAF201	06/09/2014	0.271	0.393	0.468	0.458	NA	19.12	15.32	13.83	13.03	NA
CAF201	06/10/2014	0.266	0.394	0.467	0.458	NA	18.77	15.47	13.98	13.17	NA
CAF201	06/11/2014	0.262	0.394	0.467	0.459	NA	18.59	15.5	14.11	13.31	NA
CAF201	06/12/2014	0.26	0.394	0.467	0.459	NA	19.15	15.57	14.21	13.44	NA
CAF201	06/13/2014	0.256	0.394	0.467	0.459	NA	18.7	15.7	14.33	13.55	NA
CAF201	06/14/2014	0.251	0.394	0.467	0.459	NA	17.73	15.67	14.4	13.67	NA
CAF201	06/15/2014	0.249	0.393	0.467	0.46	NA	16.67	15.4	14.4	13.74	NA
CAF201	06/16/2014	0.248	0.393	0.466	0.459	NA	16.76	15.1	14.33	13.79	NA
CAF201	06/17/2014	0.252	0.392	0.466	0.46	NA	16.2	14.97	14.23	13.7	NA
CAF201	06/18/2014	0.31	0.393	0.466	0.461	NA	14.98	14.64	14.15	13.7	NA
CAF201	06/19/2014	0.279	0.391	0.466	0.46	NA	15.62	14.29	13.97	13.63	NA
CAF201	06/20/2014	0.273	0.39	0.465	0.46	NA	16.91	14.32	13.82	13.53	NA
CAF201	06/21/2014	0.267	0.389	0.465	0.459	NA	17.11	14.57	13.83	13.5	NA
CAF201	06/22/2014	0.264	0.389	0.464	0.459	NA	17.91	14.79	13.91	13.5	NA
CAF201	06/23/2014	0.261	0.387	0.464	0.459	NA	18.85	15.1	14.03	13.58	NA
CAF201	06/24/2014	0.257	0.387	0.464	0.459	NA	19.54	15.53	14.21	13.67	NA
CAF201	06/25/2014	0.251	0.389	0.463	0.459	NA	19.16	15.85	14.44	13.81	NA
CAF201	06/26/2014	0.249	0.396	0.463	0.459	NA	19.58	16.04	14.64	13.96	NA
CAF201	06/27/2014	0.247	0.396	0.463	0.46	NA	18.84	16.2	14.81	14.12	NA
CAF201	06/28/2014	0.245	0.395	0.464	0.461	NA	18.27	16.12	14.9	14.25	NA
CAF201	06/29/2014	0.243	0.394	0.465	0.461	NA	18.51	16.04	14.95	14.32	NA
CAF201	06/30/2014	0.242	0.393	0.464	0.461	NA	18.62	16.08	15	14.4	NA
CAF201	07/01/2014	0.24	0.394	0.463	0.46	NA	19.45	16.2	15.03	14.43	NA
CAF201	07/02/2014	0.239	0.394	0.462	0.46	NA	20.45	16.47	15.14	14.5	NA
CAF201	07/03/2014	0.237	0.396	0.46	0.461	NA	21.13	16.85	15.31	14.62	NA
CAF201	07/04/2014	0.235	0.404	0.458	0.461	NA	21.05	17.23	15.54	14.76	NA
CAF201	07/05/2014	0.233	0.405	0.456	0.461	NA	20.87	17.43	15.76	14.94	NA
CAF201	07/06/2014	0.23	0.407	0.454	0.461	NA	21.47	17.58	15.94	15.09	NA
CAF201	07/07/2014	0.228	0.405	0.452	0.461	NA	21.95	17.88	16.12	15.25	NA
CAF201	07/08/2014	0.225	0.405	0.451	0.46	NA	22.42	18.16	16.32	15.41	NA
CAF201	07/09/2014	0.222	0.407	0.447	0.46	NA	22.83	18.49	16.54	15.59	NA
CAF201	07/10/2014	0.219	0.41	0.44	0.46	NA	22.68	18.74	16.77	15.77	NA
CAF201	07/11/2014	0.215	0.41	0.439	0.46	NA	22.67	18.9	16.97	15.95	NA
CAF201	07/12/2014	0.213	0.41	0.438	0.46	NA	22.83	19.05	17.14	16.13	NA
CAF201	07/13/2014	0.21	0.41	0.438	0.46	NA	23.11	19.17	17.28	16.27	NA
CAF201	07/14/2014	0.207	0.411	0.438	0.46	NA	23.53	19.34	17.44	16.42	NA
CAF201	07/15/2014	0.205	0.411	0.438	0.46	NA	23.5	19.55	17.6	16.56	NA
CAF201	07/16/2014	0.202	0.411	0.438	0.46	NA	23.72	19.68	17.75	16.7	NA
CAF201	07/17/2014	0.2	0.412	0.438	0.461	NA	23.8	19.85	17.92	16.85	NA
CAF201	07/18/2014	0.197	0.412	0.437	0.461	NA	23.15	19.94	18.05	16.98	NA
CAF201	07/19/2014	0.195	0.412	0.437	0.461	NA	22.54	19.82	18.13	17.11	NA
CAF201	07/20/2014	0.194	0.411	0.437	0.461	NA	22.9	19.7	18.18	17.2	NA
CAF201	07/21/2014	0.192	0.41	0.437	0.462	NA	22.02	19.68	18.2	17.24	NA
CAF201	07/22/2014	0.19	0.409	0.437	0.462	NA	22.21	19.54	18.2	17.3	NA
CAF201	07/23/2014	0.189	0.408	0.436	0.462	NA	21.89	19.46	18.13	17.3	NA
CAF201	07/24/2014	0.187	0.407	0.436	0.463	NA	20.59	19.32	18.1	17.3	NA
CAF201	07/25/2014	0.186	0.404	0.435	0.462	NA	19.77	18.91	18.04	17.3	NA
CAF201	07/26/2014	0.186	0.401	0.434	0.463	NA	20.45	18.6	17.85	17.25	NA
CAF201	07/27/2014	0.186	0.398	0.434	0.461	NA	21.19	18.58	17.74	17.2	NA
CAF201	07/28/2014	0.186	0.394	0.434	0.461	NA	22.02	18.7	17.7	17.1	NA
CAF201	07/29/2014	0.185	0.39	0.434	0.461	NA	22.74	18.94	17.78	17.1	NA
CAF201	07/30/2014	0.184	0.386	0.434	0.461	NA	23.12	19.22	17.9	17.2	NA
CAF201	07/31/2014	0.183	0.38	0.434	0.461	NA	23.17	19.44	18.04	17.24	NA
CAF201	08/01/2014	0.183	0.372	0.434	0.467	NA	23.56	19.63	18.17	17.35	NA
CAF201	08/02/2014	0.182	0.361	0.434	0.462	NA	23.96	19.82	18.32	17.45	NA
CAF201	08/03/2014	0.182	0.352	0.434	0.464	NA	23.95	20.04	18.45	17.57	NA
CAF201	08/04/2014	0.181	0.34	0.435	0.464	NA	23.62	20.11	18.6	17.72	NA
CAF201	08/05/2014	0.18	0.327	0.435	0.464	NA	23.61	20.18	18.7	17.83	NA
CAF201	08/06/2014	0.179	0.317	0.435	0.464	NA	23.43	20.2	18.78	17.92	NA
CAF201	08/07/2014	0.178	0.307	0.434	0.464	NA	23.11	20.18	18.81	18	NA
CAF201	08/08/2014	0.178	0.3	0.434	0.465	NA	22.87	20.14	18.9	18.07	NA
CAF201	08/09/2014	0.177	0.295	0.434	0.465	NA	22.17	20.03	18.9	18.1	NA
CAF201	08/10/2014	0.177	0.289	0.434	0.464	NA	22.45	19.88	18.8	18.1	NA
CAF201	08/11/2014	0.177	0.284	0.434	0.463	NA	22.93	19.88	18.8	18.1	NA
CAF201	08/12/2014	0.177	0.281	0.434	0.463	NA	23.62	20	18.8	18.1	NA
CAF201	08/13/2014	0.176	0.281	0.434	0.466	NA	22.83	20.15	18.89	18.13	NA
CAF201	08/14/2014	0.176	0.283	0.434	0.487	NA	21.79	19.98	18.9	18.2	NA
CAF201	08/15/2014	0.176	0.283	0.434	0.493	NA	21.23	19.73	18.87	18.2	NA
CAF201	08/16/2014	0.177	0.282	0.434	0.493	NA	21.1	19.49	18.77	18.13	NA
CAF201	08/17/2014	0.177	0.28	0.433	0.493	NA	21.55	19.4	18.69	18.08	NA
CAF201	08/18/2014	0.178	0.279	0.433	0.486	NA	22.1	19.46	18.6	18	NA
CAF201	08/19/2014	0.178	0.278	0.433	0.467	NA	22.4	19.58	18.62	18	NA
CAF201	08/20/2014	0.177	0.277	0.433	0.465	NA	22.15	19.69	18.7	18.09	NA
CAF201	08/21/2014	0.177	0.277	0.433	0.466	NA	21.57	19.65	18.7	18.1	NA
CAF201	08/22/2014	0.176	0.276	0.433	0.47	NA	21.41	19.53	18.7	18.1	NA
CAF201	08/23/2014	0.176	0.276	0.433	0.479	NA	20.77	19.37	18.68	18.1	NA
CAF201	08/24/2014	0.175	0.276	0.433	0.487	NA	20.67	19.18	18.59	18.1	NA
CAF201	08/25/2014	0.175	0.275	0.433	0.489	NA	20.71	19.08	18.5	18.02	NA
CAF201	08/26/2014	0.175	0.276	0.432	0.487	NA	20.72	19	18.42	17.97	NA
CAF201	08/27/2014	0.175	0.275	0.432	0.48	NA	21.16	19	18.4	17.9	NA
CAF201	08/28/2014	0.176	0.275	0.432	0.488	NA	21.66	19.07	18.4	17.9	NA
CAF201	08/29/2014	0.175	0.276	0.432	0.489	NA	21.27	19.17	18.4	17.9	NA
CAF201	08/30/2014	0.175	0.276	0.433	0.489	NA	21.45	19.18	18.4	17.9	NA
CAF201	08/31/2014	0.175	0.277	0.433	0.489	NA	21.09	19.2	18.45	17.9	NA
CAF201	09/01/2014	0.174	0.278	0.433	0.489	NA	20.38	19.11	18.45	17.9	NA
CAF201	09/02/2014	0.174	0.278	0.433	0.488	NA	20.21	18.92	18.4	17.89	NA
CAF201	09/03/2014	0.173	0.279	0.433	0.488	NA	20.02	18.78	18.31	17.8	NA
CAF201	09/04/2014	0.172	0.279	0.432	0.488	NA	18.69	18.53	18.25	17.78	NA
CAF201	09/05/2014	0.172	0.28	0.432	0.488	NA	19	18.2	18.08	17.69	NA
CAF201	09/06/2014	0.172	0.281	0.432	0.488	NA	19.33	18.08	17.94	17.58	NA
CAF201	09/07/2014	0.173	0.283	0.432	0.487	NA	19.61	18.04	17.84	17.5	NA
CAF201	09/08/2014	0.173	0.286	0.432	0.487	NA	19.61	18.06	17.8	17.47	NA
CAF201	09/09/2014	0.172	0.288	0.432	0.487	NA	19.5	18.05	17.8	17.4	NA
CAF201	09/10/2014	0.172	0.291	0.431	0.487	NA	19.27	18	17.73	17.4	NA
CAF201	09/11/2014	0.171	0.294	0.431	0.488	NA	18.24	17.89	17.7	17.4	NA
CAF201	09/12/2014	0.171	0.296	0.431	0.487	NA	17.78	17.58	17.59	17.31	NA
CAF201	09/13/2014	0.171	0.299	0.431	0.487	NA	17.76	17.35	17.44	17.24	NA
CAF201	09/14/2014	0.171	0.302	0.431	0.486	NA	17.81	17.19	17.3	17.14	NA
CAF201	09/15/2014	0.171	0.305	0.431	0.486	NA	17.9	17.14	17.18	17.03	NA
CAF201	09/16/2014	0.172	0.314	0.43	0.486	NA	18.52	17.16	17.1	16.94	NA
CAF201	09/17/2014	0.172	0.325	0.429	0.485	NA	18.86	17.35	17.1	16.9	NA
CAF201	09/18/2014	0.171	0.33	0.429	0.485	NA	19.03	17.46	17.1	16.9	NA
CAF201	09/19/2014	0.171	0.332	0.429	0.485	NA	19.01	17.55	17.1	16.9	NA
CAF201	09/20/2014	0.171	0.333	0.43	0.485	NA	18.93	17.6	17.1	16.9	NA
CAF201	09/21/2014	0.171	0.336	0.43	0.485	NA	19.15	17.6	17.1	16.9	NA
CAF201	09/22/2014	0.171	0.339	0.43	0.485	NA	19.31	17.73	17.13	16.9	NA
CAF201	09/23/2014	0.171	0.342	0.431	0.484	NA	19.38	17.85	17.2	16.9	NA
CAF201	09/24/2014	0.171	0.343	0.431	0.484	NA	19.21	17.9	17.2	16.9	NA
CAF201	09/25/2014	0.17	0.345	0.431	0.484	NA	18.86	17.98	17.2	16.9	NA
CAF201	09/26/2014	0.17	0.345	0.431	0.484	NA	18.69	17.9	17.2	16.9	NA
CAF201	09/27/2014	0.17	0.346	0.43	0.484	NA	18.33	17.85	17.2	16.9	NA
CAF201	09/28/2014	0.17	0.346	0.43	0.484	NA	18.28	17.62	17.1	16.88	NA
CAF201	09/29/2014	0.17	0.347	0.43	0.483	NA	18.52	17.58	17.05	16.8	NA
CAF201	09/30/2014	0.169	0.348	0.43	0.483	NA	17.6	17.5	17	16.8	NA
CAF201	10/01/2014	0.168	0.348	0.43	0.483	NA	16	17.18	16.94	16.75	NA
CAF201	10/02/2014	0.167	0.347	0.429	0.483	NA	14.98	16.64	16.73	16.66	NA
CAF201	10/03/2014	0.165	0.346	0.428	0.483	NA	14.51	16.13	16.46	16.51	NA
CAF201	10/04/2014	0.165	0.345	0.427	0.483	NA	14.85	15.76	16.18	16.32	NA
CAF201	10/05/2014	0.166	0.346	0.426	0.482	NA	15.38	15.6	15.95	16.13	NA
CAF201	10/06/2014	0.166	0.351	0.426	0.482	NA	15.87	15.65	15.81	15.97	NA
CAF201	10/07/2014	0.167	0.353	0.426	0.481	NA	16.4	15.75	15.72	15.87	NA
CAF201	10/08/2014	0.167	0.357	0.425	0.481	NA	16.46	15.87	15.7	15.8	NA
CAF201	10/09/2014	0.166	0.361	0.425	0.481	NA	15.85	15.88	15.7	15.8	NA
CAF201	10/10/2014	0.166	0.362	0.425	0.481	NA	15.52	15.76	15.7	15.75	NA
CAF201	10/11/2014	0.166	0.363	0.425	0.481	NA	15.69	15.6	15.62	15.7	NA
CAF201	10/12/2014	0.165	0.368	0.425	0.481	NA	15.08	15.56	15.55	15.63	NA
CAF201	10/13/2014	0.165	0.369	0.425	0.481	NA	14.84	15.35	15.46	15.58	NA
CAF201	10/14/2014	0.165	0.37	0.424	0.48	NA	14.98	15.2	15.34	15.5	NA
CAF201	10/15/2014	0.165	0.372	0.424	0.481	NA	14.6	15.14	15.25	15.4	NA
CAF201	10/16/2014	0.163	0.372	0.424	0.481	NA	13.41	14.91	15.15	15.34	NA
CAF201	10/17/2014	0.163	0.371	0.423	0.481	NA	12.86	14.52	14.97	15.24	NA
CAF201	10/18/2014	0.164	0.37	0.423	0.48	NA	13.24	14.24	14.76	15.1	NA
CAF201	10/19/2014	0.164	0.37	0.422	0.48	NA	13.77	14.2	14.57	14.95	NA
CAF201	10/20/2014	0.165	0.371	0.422	0.48	NA	14.09	14.2	14.5	14.83	NA
CAF201	10/21/2014	0.165	0.371	0.422	0.48	NA	14.35	14.26	14.4	14.74	NA
CAF201	10/22/2014	0.164	0.372	0.421	0.48	NA	13.45	14.22	14.4	14.7	NA
CAF201	10/23/2014	0.165	0.372	0.422	0.48	NA	13.43	14.03	14.33	14.62	NA
CAF201	10/24/2014	0.168	0.372	0.422	0.48	NA	12.82	13.89	14.24	14.56	NA
CAF201	10/25/2014	0.169	0.373	0.422	0.479	NA	12.56	13.63	14.12	14.47	NA
CAF201	10/26/2014	0.169	0.373	0.421	0.479	NA	12.43	13.47	13.97	14.36	NA
CAF201	10/27/2014	0.168	0.373	0.42	0.479	NA	11.52	13.27	13.84	14.25	NA
CAF201	10/28/2014	0.168	0.373	0.419	0.478	NA	10.98	12.97	13.65	14.13	NA
CAF201	10/29/2014	0.171	0.373	0.441	0.479	NA	10.99	12.66	13.44	13.97	NA
CAF201	10/30/2014	0.173	0.373	0.421	0.477	NA	11.43	12.5	13.24	13.83	NA
CAF201	10/31/2014	0.174	0.373	0.42	0.474	NA	11.94	12.5	13.11	13.67	NA
CAF201	11/01/2014	0.174	0.374	0.42	0.473	NA	12.02	12.58	13.02	13.57	NA
CAF201	11/02/2014	0.174	0.374	0.419	0.473	NA	11.2	12.53	13	13.5	NA
CAF201	11/03/2014	0.173	0.374	0.418	0.473	NA	10.57	12.3	12.9	13.42	NA
CAF201	11/04/2014	0.174	0.374	0.417	0.473	NA	10.65	12.06	12.75	13.33	NA
CAF201	11/05/2014	0.174	0.374	0.417	0.474	NA	10.99	11.94	12.62	13.2	NA
CAF201	11/06/2014	0.175	0.374	0.417	0.475	NA	11.45	11.93	12.5	13.1	NA
CAF201	11/07/2014	0.175	0.374	0.416	0.476	NA	11.32	12	12.5	13	NA
CAF201	11/08/2014	0.174	0.374	0.416	0.477	NA	10.4	11.91	12.41	12.97	NA
CAF201	11/09/2014	0.174	0.374	0.416	0.475	NA	10.22	11.68	12.33	12.9	NA
CAF201	11/10/2014	0.173	0.374	0.416	0.476	NA	9.758	11.5	12.19	12.79	NA
CAF201	11/11/2014	0.172	0.373	0.415	0.477	NA	8.579	11.22	12.05	12.68	NA
CAF201	11/12/2014	0.171	0.372	0.414	0.476	NA	6.821	10.72	11.83	12.55	NA
CAF201	11/13/2014	0.17	0.37	0.413	0.475	NA	5.404	10.04	11.5	12.35	NA
CAF201	11/14/2014	0.17	0.368	0.412	0.475	NA	4.975	9.354	11.09	12.08	NA
CAF201	11/15/2014	0.169	0.366	0.411	0.475	NA	4.304	8.825	10.66	11.77	NA
CAF201	11/16/2014	0.169	0.364	0.409	0.475	NA	3.458	8.279	10.25	11.46	NA
CAF201	11/17/2014	0.168	0.362	0.408	0.474	NA	3.012	7.737	9.837	11.13	NA
CAF201	11/18/2014	0.168	0.359	0.406	0.473	NA	2.958	7.296	9.442	10.8	NA
CAF201	11/19/2014	0.169	0.36	0.406	0.472	NA	3.358	6.979	9.079	10.47	NA
CAF201	11/20/2014	0.169	0.36	0.405	0.472	NA	3.717	6.833	8.796	10.19	NA
CAF201	11/21/2014	0.169	0.361	0.404	0.471	NA	4.038	6.8	8.588	9.946	NA
CAF201	11/22/2014	0.188	0.365	0.417	0.471	NA	4.975	6.8	8.437	9.746	NA
CAF201	11/23/2014	0.194	0.366	0.406	0.471	NA	5.333	6.958	8.35	9.596	NA
CAF201	11/24/2014	0.194	0.367	0.404	0.471	NA	5.208	7.067	8.3	9.5	NA
CAF201	11/25/2014	0.213	0.364	0.415	0.471	NA	5.512	7.071	8.3	9.404	NA
CAF201	11/26/2014	0.246	0.363	0.437	0.473	NA	6.321	7.179	8.3	9.333	NA
CAF201	11/27/2014	0.239	0.365	0.421	0.471	NA	7.021	7.404	8.3	9.3	NA
CAF201	11/28/2014	0.237	0.366	0.409	0.469	NA	7.746	7.687	8.383	9.3	NA
CAF201	11/29/2014	0.246	0.365	0.433	0.47	NA	7.654	7.996	8.521	9.3	NA
CAF201	11/30/2014	0.244	0.366	0.413	0.471	NA	6.275	8.021	8.6	9.387	NA
CAF201	12/01/2014	0.241	0.366	0.406	0.47	NA	5.258	7.733	8.6	9.4	NA
CAF201	12/02/2014	0.239	0.365	0.404	0.47	NA	4.696	7.396	8.462	9.329	NA
CAF201	12/03/2014	0.237	0.365	0.403	0.469	NA	4.35	7.092	8.283	9.233	NA
CAF201	12/04/2014	0.236	0.364	0.402	0.469	NA	4.121	6.829	8.092	9.079	NA
CAF201	12/05/2014	0.24	0.362	0.41	0.47	NA	4	6.612	7.896	8.942	NA
CAF201	12/06/2014	0.259	0.363	0.432	0.471	NA	4.337	6.425	7.717	8.783	NA
CAF201	12/07/2014	0.26	0.365	0.436	0.471	NA	4.813	6.4	7.567	8.646	NA
CAF201	12/08/2014	0.26	0.365	0.434	0.47	NA	5.1	6.413	7.5	8.533	NA
CAF201	12/09/2014	0.261	0.366	0.426	0.469	NA	5.742	6.558	7.5	8.462	NA
CAF201	12/10/2014	0.263	0.367	0.424	0.469	NA	6.438	6.783	7.5	8.4	NA
CAF201	12/11/2014	0.264	0.367	0.424	0.468	NA	6.975	7.033	7.575	8.4	NA
CAF201	12/12/2014	0.285	0.369	0.432	0.468	NA	7.379	7.313	7.679	8.421	NA
CAF201	12/13/2014	0.301	0.391	0.445	0.471	NA	7.05	7.492	7.813	8.5	NA
CAF201	12/14/2014	0.292	0.389	0.445	0.472	NA	6.225	7.488	7.9	8.542	NA
CAF201	12/15/2014	0.286	0.386	0.445	0.471	NA	5.421	7.304	7.9	8.6	NA
CAF201	12/16/2014	0.282	0.384	0.445	0.471	NA	4.908	7.025	7.783	8.538	NA
CAF201	12/17/2014	0.283	0.383	0.445	0.47	NA	4.804	6.788	7.654	8.471	NA
CAF201	12/18/2014	0.285	0.383	0.445	0.47	NA	5.063	6.629	7.517	8.367	NA
CAF201	12/19/2014	0.302	0.412	0.444	0.472	NA	5.454	6.6	7.4	8.275	NA
CAF201	12/20/2014	0.321	0.444	0.442	0.474	NA	5.346	6.6	7.317	8.2	NA
CAF201	12/21/2014	0.424	0.443	0.444	0.475	NA	5.746	6.6	7.3	8.108	NA
CAF201	12/22/2014	0.429	0.444	0.444	0.475	NA	6.092	6.708	7.3	8.1	NA
CAF201	12/23/2014	0.429	0.447	0.445	0.474	NA	5.458	6.775	7.3	8.1	NA
CAF201	12/24/2014	0.43	0.445	0.445	0.473	NA	5.196	6.642	7.288	8.013	NA
CAF201	12/25/2014	0.431	0.445	0.445	0.473	NA	4.842	6.529	7.2	8	NA
CAF201	12/26/2014	0.431	0.446	0.445	0.472	NA	4.392	6.346	7.125	7.933	NA
CAF201	12/27/2014	0.417	0.449	0.443	0.471	NA	4.121	6.15	7	7.858	NA
CAF201	12/28/2014	0.414	0.448	0.443	0.471	NA	3.933	5.954	6.863	7.758	NA
CAF201	12/29/2014	0.417	0.448	0.443	0.47	NA	3.8	5.817	6.729	7.65	NA
CAF201	12/30/2014	0.379	0.448	0.442	0.469	NA	3.713	5.675	6.579	7.529	NA
CAF201	12/31/2014	0.346	0.446	0.442	0.467	NA	3.55	5.575	6.458	7.421	NA
CAF201	01/01/2015	0.326	0.443	0.443	0.465	NA	3.367	5.463	6.35	7.317	NA
CAF201	01/02/2015	0.313	0.423	0.444	0.464	NA	3.188	5.333	6.242	7.221	NA
CAF201	01/03/2015	0.306	0.404	0.443	0.464	NA	3.092	5.225	6.129	7.108	NA
CAF201	01/04/2015	0.303	0.398	0.442	0.463	NA	3	5.121	6.017	7.004	NA
CAF201	01/05/2015	0.355	0.425	0.441	0.466	NA	2.917	5.046	5.917	6.904	NA
CAF201	01/06/2015	0.394	0.435	0.44	0.468	NA	2.804	4.921	5.808	6.817	NA
CAF201	01/07/2015	0.4	0.435	0.44	0.467	NA	3.179	4.813	5.704	6.712	NA
CAF201	01/08/2015	0.404	0.435	0.44	0.466	NA	3.625	4.858	5.621	6.621	NA
CAF201	01/09/2015	0.404	0.435	0.44	0.465	NA	3.454	4.963	5.6	6.567	NA
CAF201	01/10/2015	0.403	0.436	0.44	0.464	NA	3.408	5	5.6	6.5	NA
CAF201	01/11/2015	0.403	0.436	0.44	0.464	NA	3.496	5	5.6	6.492	NA
CAF201	01/12/2015	0.402	0.436	0.44	0.465	NA	3.696	5	5.546	6.4	NA
CAF201	01/13/2015	0.403	0.438	0.44	0.465	NA	3.621	5.033	5.5	6.4	NA
CAF201	01/14/2015	0.389	0.44	0.438	0.464	NA	3.6	5.1	5.5	6.367	NA
CAF201	01/15/2015	0.368	0.441	0.437	0.463	NA	3.35	5.037	5.5	6.3	NA
CAF201	01/16/2015	0.384	0.439	0.438	0.463	NA	3.233	5	5.463	6.3	NA
CAF201	01/17/2015	0.394	0.439	0.438	0.463	NA	3.358	4.9	5.4	6.229	NA
CAF201	01/18/2015	0.4	0.439	0.439	0.464	NA	3.558	4.9	5.354	6.2	NA
CAF201	01/19/2015	0.403	0.439	0.439	0.463	NA	4.071	4.971	5.3	6.179	NA
CAF201	01/20/2015	0.402	0.44	0.439	0.463	NA	3.992	5.062	5.392	6.1	NA
CAF201	01/21/2015	0.398	0.442	0.438	0.462	NA	3.629	5.029	5.4	6.1	NA
CAF201	01/22/2015	0.388	0.443	0.437	0.462	NA	3.308	4.904	5.4	6.1	NA
CAF201	01/23/2015	0.396	0.441	0.437	0.463	NA	3.179	4.775	5.3	6.1	NA
CAF201	01/24/2015	0.403	0.44	0.438	0.462	NA	3.996	4.729	5.263	6.062	NA
CAF201	01/25/2015	0.405	0.441	0.438	0.462	NA	4.938	4.963	5.242	6	NA
CAF201	01/26/2015	0.404	0.444	0.436	0.461	NA	5.475	5.267	5.346	6.004	NA
CAF201	01/27/2015	0.389	0.445	0.436	0.46	NA	5.758	5.575	5.488	6.1	NA
CAF201	01/28/2015	0.375	0.445	0.436	0.46	NA	5.854	5.779	5.646	6.171	NA
CAF201	01/29/2015	0.362	0.444	0.436	0.459	NA	5.567	5.908	5.767	6.263	NA
CAF201	01/30/2015	0.359	0.444	0.437	0.459	NA	5.154	5.9	5.875	6.338	NA
CAF201	01/31/2015	0.354	0.444	0.437	0.459	NA	4.758	5.804	5.9	6.4	NA
CAF201	02/01/2015	0.346	0.443	0.437	0.458	NA	4.421	5.65	5.888	6.4	NA
CAF201	02/02/2015	0.367	0.443	0.436	0.46	NA	4.042	5.475	5.8	6.4	NA
CAF201	02/03/2015	0.396	0.441	0.438	0.461	NA	4.321	5.275	5.729	6.363	NA
CAF201	02/04/2015	0.403	0.443	0.437	0.461	NA	4.671	5.258	5.7	6.3	NA
CAF201	02/05/2015	0.405	0.444	0.436	0.46	NA	4.979	5.317	5.7	6.3	NA
CAF201	02/06/2015	0.406	0.443	0.437	0.459	NA	5.837	5.492	5.7	6.3	NA
CAF201	02/07/2015	0.408	0.443	0.437	0.46	NA	6.35	5.763	5.767	6.3	NA
CAF201	02/08/2015	0.41	0.443	0.437	0.461	NA	6.683	6.021	5.921	6.367	NA
CAF201	02/09/2015	0.412	0.444	0.438	0.461	NA	6.946	6.233	6.067	6.45	NA
CAF201	02/10/2015	0.413	0.445	0.438	0.462	NA	7.117	6.446	6.225	6.554	NA
CAF201	02/11/2015	0.414	0.445	0.438	0.461	NA	7	6.596	6.363	6.658	NA
CAF201	02/12/2015	0.418	0.445	0.438	0.461	NA	7.162	6.675	6.479	6.754	NA
CAF201	02/13/2015	0.416	0.445	0.437	0.46	NA	7.196	6.779	6.575	6.838	NA
CAF201	02/14/2015	0.415	0.446	0.438	0.459	NA	7.004	6.8	6.671	6.908	NA
CAF201	02/15/2015	0.416	0.448	0.437	0.459	NA	7.062	6.8	6.7	7	NA
CAF201	02/16/2015	0.403	0.449	0.436	0.459	NA	6.542	6.854	6.796	7.033	NA
CAF201	02/17/2015	0.388	0.448	0.435	0.458	NA	5.846	6.687	6.8	7.1	NA
CAF201	02/18/2015	0.374	0.447	0.435	0.455	NA	5.521	6.45	6.708	7.1	NA
CAF201	02/19/2015	0.37	0.447	0.435	0.454	NA	5.45	6.267	6.621	7.046	NA
CAF201	02/20/2015	0.393	0.447	0.435	0.455	NA	5.758	6.196	6.525	7	NA
CAF201	02/21/2015	0.387	0.447	0.435	0.455	NA	5.817	6.196	6.5	6.954	NA
CAF201	02/22/2015	0.353	0.445	0.436	0.453	NA	5.029	6.112	6.458	6.9	NA
CAF201	02/23/2015	0.337	0.44	0.438	0.451	NA	4.15	5.871	6.375	6.9	NA
CAF201	02/24/2015	0.33	0.431	0.438	0.45	NA	3.717	5.542	6.242	6.817	NA
CAF201	02/25/2015	0.328	0.427	0.437	0.45	NA	3.658	5.254	6.054	6.721	NA
CAF201	02/26/2015	0.331	0.436	0.436	0.448	NA	4.054	5.104	5.9	6.596	NA
CAF201	02/27/2015	0.332	0.439	0.435	0.446	NA	4.525	5.142	5.8	6.496	NA
CAF201	02/28/2015	0.326	0.422	0.436	0.446	NA	4.592	5.2	5.725	6.4	NA
CAF201	03/01/2015	0.318	0.409	0.436	0.446	NA	4.113	5.2	5.7	6.4	NA
CAF201	03/02/2015	0.313	0.407	0.435	0.444	NA	3.696	5.117	5.7	6.325	NA
CAF201	03/03/2015	0.311	0.403	0.435	0.445	NA	3.617	4.975	5.604	6.3	NA
CAF201	03/04/2015	0.307	0.401	0.434	0.445	NA	3.579	4.9	5.504	6.204	NA
CAF201	03/05/2015	0.302	0.399	0.433	0.445	NA	3.371	4.783	5.425	6.146	NA
CAF201	03/06/2015	0.299	0.398	0.433	0.444	NA	3.729	4.7	5.333	6.071	NA
CAF201	03/07/2015	0.297	0.398	0.433	0.443	NA	4.454	4.821	5.3	6	NA
CAF201	03/08/2015	0.295	0.397	0.432	0.442	NA	4.967	5.033	5.3	6	NA
CAF201	03/09/2015	0.291	0.396	0.432	0.442	NA	5.317	5.238	5.375	6	NA
CAF201	03/10/2015	0.288	0.396	0.432	0.442	NA	5.629	5.463	5.467	6	NA
CAF201	03/11/2015	0.286	0.396	0.432	0.443	NA	6.35	5.7	5.567	6.062	NA
CAF201	03/12/2015	0.283	0.396	0.432	0.444	NA	6.921	6.012	5.721	6.125	NA
CAF201	03/13/2015	0.279	0.396	0.433	0.443	NA	7.088	6.338	5.892	6.229	NA
CAF201	03/14/2015	0.278	0.397	0.433	0.442	NA	7.604	6.592	6.062	6.35	NA
CAF201	03/15/2015	0.283	0.398	0.433	0.442	NA	8.05	6.879	6.246	6.467	NA
CAF201	03/16/2015	0.305	0.401	0.435	0.444	NA	8.013	7.146	6.438	6.604	NA
CAF201	03/17/2015	0.312	0.404	0.435	0.444	NA	8.175	7.325	6.608	6.742	NA
CAF201	03/18/2015	0.347	0.429	0.433	0.448	NA	7.75	7.4	6.75	6.867	NA
CAF201	03/19/2015	0.342	0.439	0.432	0.449	NA	7.704	7.45	6.846	6.971	NA
CAF201	03/20/2015	0.335	0.439	0.433	0.447	NA	7.954	7.483	6.9	7.062	NA
CAF201	03/21/2015	0.331	0.438	0.435	0.446	NA	8.446	7.604	7	7.112	NA
CAF201	03/22/2015	0.323	0.435	0.436	0.443	NA	8.058	7.771	7.087	7.2	NA
CAF201	03/23/2015	0.341	0.434	0.434	0.445	NA	7.946	7.8	7.192	7.296	NA
CAF201	03/24/2015	0.391	0.441	0.433	0.451	NA	7.358	7.704	7.2	7.354	NA
CAF201	03/25/2015	0.41	0.44	0.434	0.454	NA	6.771	7.571	7.2	7.4	NA
CAF201	03/26/2015	0.414	0.44	0.434	0.453	NA	7.496	7.45	7.15	7.4	NA
CAF201	03/27/2015	0.419	0.441	0.433	0.45	NA	8.817	7.671	7.129	7.4	NA
CAF201	03/28/2015	0.425	0.442	0.433	0.452	NA	9.817	8.15	7.254	7.404	NA
CAF201	03/29/2015	0.421	0.444	0.433	0.45	NA	9.038	8.508	7.475	7.525	NA
CAF201	03/30/2015	0.405	0.447	0.432	0.447	NA	9.35	8.633	7.633	7.646	NA
CAF201	03/31/2015	0.381	0.447	0.431	0.444	NA	9.754	8.812	7.754	7.75	NA
CAF201	04/01/2015	0.353	0.446	0.432	0.444	NA	8.604	8.879	7.888	7.863	NA
CAF201	04/02/2015	0.341	0.444	0.434	0.443	NA	7.9	8.663	7.9	7.958	NA
CAF201	04/03/2015	0.331	0.439	0.434	0.443	NA	7.517	8.408	7.892	8	NA
CAF201	04/04/2015	0.326	0.424	0.434	0.443	NA	7.896	8.208	7.8	8	NA
CAF201	04/05/2015	0.32	0.415	0.433	0.442	NA	7.896	8.2	7.725	7.904	NA
CAF201	04/06/2015	0.319	0.412	0.432	0.443	NA	7.812	8.2	7.7	7.9	NA
CAF201	04/07/2015	0.322	0.414	0.433	0.444	NA	7.421	8.167	7.7	7.9	NA
CAF201	04/08/2015	0.323	0.412	0.432	0.444	NA	7.963	8.142	7.65	7.9	NA
CAF201	04/09/2015	0.318	0.409	0.432	0.443	NA	8.004	8.2	7.637	7.9	NA
CAF201	04/10/2015	0.317	0.408	0.432	0.442	NA	8.413	8.267	7.7	7.9	NA
CAF201	04/11/2015	0.314	0.407	0.432	0.442	NA	8.921	8.437	7.7	7.9	NA
CAF201	04/12/2015	0.31	0.405	0.432	0.441	NA	8.329	8.6	7.796	7.938	NA
CAF201	04/13/2015	0.304	0.404	0.431	0.444	NA	8.071	8.567	7.8	8	NA
CAF201	04/14/2015	0.301	0.403	0.431	0.455	NA	8.413	8.554	7.804	8	NA
CAF201	04/15/2015	0.297	0.402	0.431	0.456	NA	7.829	8.579	7.9	8.004	NA
CAF201	04/16/2015	0.294	0.402	0.431	0.456	NA	8.021	8.5	7.825	8.096	NA
CAF201	04/17/2015	0.291	0.402	0.431	0.455	NA	8.942	8.588	7.8	8.1	NA
CAF201	04/18/2015	0.289	0.402	0.431	0.455	NA	9.675	8.867	7.892	8.1	NA
CAF201	04/19/2015	0.285	0.402	0.431	0.455	NA	9.946	9.142	8.021	8.121	NA
CAF201	04/20/2015	0.281	0.403	0.431	0.454	NA	10.56	9.429	8.154	8.221	NA
CAF201	04/21/2015	0.279	0.404	0.43	0.454	NA	11.28	9.775	8.337	8.329	NA
CAF201	04/22/2015	0.275	0.404	0.431	0.455	NA	11.78	10.16	8.546	8.454	NA
CAF201	04/23/2015	0.269	0.405	0.431	0.454	NA	11.04	10.45	8.775	8.621	NA
CAF201	04/24/2015	0.264	0.405	0.431	0.454	NA	10.65	10.5	8.933	8.771	NA
CAF201	04/25/2015	0.261	0.404	0.431	0.454	NA	10.5	10.5	9	8.887	NA
CAF201	04/26/2015	0.257	0.404	0.431	0.454	NA	10.28	10.48	9.071	8.971	NA
CAF201	04/27/2015	0.254	0.403	0.431	0.454	NA	10.65	10.47	9.1	9	NA
CAF201	04/28/2015	0.252	0.404	0.431	0.455	NA	11.6	10.63	9.117	9.071	NA
CAF201	04/29/2015	0.251	0.404	0.431	0.455	0.589	12.59	11.01	9.242	9.125	8.6
CAF201	04/30/2015	0.248	0.405	0.43	0.455	0.589	12.07	11.35	9.442	9.25	8.638
CAF201	05/01/2015	0.247	0.405	0.431	0.454	0.59	12.22	11.44	9.604	9.392	8.7
CAF201	05/02/2015	0.245	0.405	0.431	0.455	0.59	12.63	11.56	9.737	9.538	8.796
CAF201	05/03/2015	0.243	0.404	0.43	0.455	0.59	12.71	11.74	9.871	9.658	8.871
CAF201	05/04/2015	0.24	0.404	0.43	0.454	0.59	13.03	11.86	10.03	9.783	8.95
CAF201	05/05/2015	0.238	0.404	0.43	0.454	0.59	13.52	12.03	10.16	9.912	9.029
CAF201	05/06/2015	0.235	0.405	0.43	0.454	0.59	13.05	12.19	10.33	10.04	9.117
CAF201	05/07/2015	0.233	0.405	0.431	0.453	0.59	13.13	12.2	10.46	10.16	9.208
CAF201	05/08/2015	0.23	0.404	0.431	0.453	0.59	13.42	12.28	10.55	10.27	9.304
CAF201	05/09/2015	0.225	0.404	0.43	0.452	0.589	13.81	12.42	10.65	10.36	9.4
CAF201	05/10/2015	0.22	0.403	0.43	0.451	0.59	14.02	12.57	10.78	10.47	9.492
CAF201	05/11/2015	0.216	0.403	0.431	0.448	0.59	14.23	12.73	10.93	10.58	9.571
CAF201	05/12/2015	0.214	0.403	0.431	0.447	0.59	14.54	12.85	11.05	10.7	9.658
CAF201	05/13/2015	0.213	0.404	0.435	0.448	0.591	14.13	12.99	11.2	10.83	9.742
CAF201	05/14/2015	0.213	0.404	0.438	0.448	0.592	13.19	12.92	11.3	10.95	9.833
CAF201	05/15/2015	0.213	0.404	0.438	0.448	0.592	13.75	12.8	11.3	11.01	9.921
CAF201	05/16/2015	0.212	0.404	0.437	0.448	0.592	13.57	12.87	11.4	11.1	10
CAF201	05/17/2015	0.213	0.406	0.441	0.45	0.593	13.85	12.88	11.4	11.13	10.1
CAF201	05/18/2015	0.215	0.406	0.441	0.449	0.593	14.28	12.98	11.47	11.2	10.14
CAF201	05/19/2015	0.215	0.406	0.441	0.447	0.593	14.85	13.15	11.56	11.27	10.2
CAF201	05/20/2015	0.215	0.406	0.439	0.445	0.592	15.33	13.35	11.67	11.35	10.28
CAF201	05/21/2015	0.215	0.405	0.437	0.444	0.592	15.65	13.55	11.83	11.45	10.34
CAF201	05/22/2015	0.215	0.406	0.436	0.444	0.592	15.92	13.73	11.97	11.57	10.4
CAF201	05/23/2015	0.214	0.406	0.433	0.445	0.592	15.77	13.89	12.14	11.7	10.5
CAF201	05/24/2015	0.214	0.406	0.431	0.445	0.592	15.89	13.98	12.27	11.83	10.59
CAF201	05/25/2015	0.213	0.405	0.429	0.445	0.592	16.07	14.08	12.38	11.93	10.67
CAF201	05/26/2015	0.213	0.405	0.428	0.445	0.592	15.72	14.2	12.5	12.05	10.77
CAF201	05/27/2015	0.212	0.404	0.426	0.445	0.592	15.17	14.15	12.6	12.15	10.86
CAF201	05/28/2015	0.211	0.403	0.424	0.445	0.592	15.55	14.1	12.6	12.2	10.94
CAF201	05/29/2015	0.209	0.399	0.42	0.445	0.593	16.07	14.15	12.67	12.38	11
CAF201	05/30/2015	0.208	0.394	0.417	0.445	0.593	16.69	14.3	12.74	12.42	11.1
CAF201	05/31/2015	0.206	0.388	0.416	0.446	0.593	16.9	14.53	12.86	12.5	11.16
CAF201	06/01/2015	0.205	0.383	0.413	0.448	0.593	16.96	14.71	13.02	12.6	11.22
CAF201	06/02/2015	0.204	0.379	0.411	0.45	0.594	16.39	14.8	13.16	12.69	11.3
CAF201	06/03/2015	0.203	0.373	0.41	0.45	0.594	15.71	14.75	13.24	12.8	11.4
CAF201	06/04/2015	0.202	0.362	0.409	0.451	0.594	15.3	14.57	13.3	12.87	11.48
CAF201	06/05/2015	0.2	0.342	0.407	0.461	0.594	15.43	14.45	13.22	12.8	11.55
CAF201	06/06/2015	0.199	0.321	0.404	0.458	0.595	15.69	14.4	13.2	12.85	11.6
CAF201	06/07/2015	0.197	0.305	0.4	0.457	0.595	16.2	14.42	13.2	12.9	11.68
CAF201	06/08/2015	0.196	0.293	0.382	0.449	0.595	16.8	14.57	13.25	12.92	11.7
CAF201	06/09/2015	0.194	0.285	0.35	0.45	0.595	17.35	14.81	13.35	13	11.75
CAF201	06/10/2015	0.192	0.279	0.319	0.45	0.596	17.28	15.04	13.47	13.1	11.8
CAF201	06/11/2015	0.189	0.274	0.297	0.45	0.596	17.22	15.13	13.61	13.21	11.87
CAF201	06/12/2015	0.187	0.271	0.28	0.447	0.597	17.2	15.2	13.71	13.3	11.92
CAF201	06/13/2015	0.185	0.269	0.273	0.443	0.597	16.77	15.2	13.8	13.4	12
CAF201	06/14/2015	0.183	0.267	0.266	0.442	0.597	16.28	15.08	13.8	13.46	12.08
CAF201	06/15/2015	0.182	0.264	0.26	0.438	0.598	16.23	14.97	13.8	13.5	12.11
CAF201	06/16/2015	0.18	0.262	0.253	0.436	0.599	16.4	14.9	13.8	13.5	12.2
CAF201	06/17/2015	0.179	0.26	0.25	0.433	0.599	16.9	14.95	13.8	13.5	12.2
CAF201	06/18/2015	0.178	0.259	0.25	0.435	0.6	17.08	15.07	13.83	13.5	12.29
CAF201	06/19/2015	0.177	0.258	0.249	0.433	0.6	17.31	15.17	13.9	13.6	12.3
CAF201	06/20/2015	0.175	0.257	0.248	0.432	0.601	17.12	15.25	14	13.62	12.35
CAF201	06/21/2015	0.174	0.256	0.247	0.428	0.601	16.9	15.25	14.03	13.7	12.4
CAF201	06/22/2015	0.173	0.255	0.247	0.422	0.602	16.88	15.2	14.1	13.7	12.44
CAF201	06/23/2015	0.173	0.254	0.246	0.411	0.602	17.13	15.25	14.1	13.79	12.5
CAF201	06/24/2015	0.172	0.253	0.245	0.401	0.602	17.26	15.3	14.13	13.8	12.54
CAF201	06/25/2015	0.172	0.253	0.244	0.39	0.603	17.53	15.39	14.2	13.84	12.6
CAF201	06/26/2015	0.171	0.252	0.242	0.372	0.603	17.99	15.55	14.28	13.9	12.61
CAF201	06/27/2015	0.171	0.251	0.241	0.35	0.603	18.67	15.74	14.36	13.97	12.7
CAF201	06/28/2015	0.171	0.25	0.24	0.323	0.602	19.58	16.06	14.52	14.05	12.72
CAF201	06/29/2015	0.171	0.25	0.239	0.296	0.602	20.48	16.5	14.72	14.15	12.8
CAF201	06/30/2015	0.17	0.25	0.238	0.273	0.602	20.49	16.9	15	14.34	12.86
CAF201	07/01/2015	0.17	0.25	0.237	0.255	0.602	20.56	17.15	15.24	14.53	12.95
CAF201	07/02/2015	0.169	0.249	0.237	0.246	0.602	20.66	17.34	15.44	14.7	13.04
CAF201	07/03/2015	0.169	0.249	0.237	0.241	0.602	20.89	17.47	15.61	14.85	13.15
CAF201	07/04/2015	0.169	0.249	0.236	0.238	0.601	21.12	17.66	15.77	15.01	13.25
CAF201	07/05/2015	0.169	0.248	0.236	0.236	0.6	21.25	17.86	15.94	15.15	13.36
CAF201	07/06/2015	0.168	0.248	0.235	0.234	0.6	21.05	17.98	16.1	15.3	13.47
CAF201	07/07/2015	0.168	0.248	0.235	0.233	0.6	21.14	18.05	16.23	15.43	13.57
CAF201	07/08/2015	0.168	0.248	0.235	0.232	0.598	21.31	18.15	16.33	15.55	13.67
CAF201	07/09/2015	0.168	0.248	0.235	0.231	0.593	21.4	18.25	16.45	15.66	13.77
CAF201	07/10/2015	0.168	0.248	0.235	0.231	0.586	21.66	18.35	16.56	15.78	13.87
CAF201	07/11/2015	0.167	0.249	0.236	0.232	0.588	20.87	18.4	16.68	15.88	13.96
CAF201	07/12/2015	0.166	0.249	0.236	0.232	0.59	20.23	18.25	16.77	15.99	14.06
CAF201	07/13/2015	0.166	0.248	0.236	0.232	0.589	20.38	18.1	16.72	16.05	14.15
CAF201	07/14/2015	0.166	0.248	0.236	0.232	0.591	20.41	18.08	16.7	16.1	14.22
CAF201	07/15/2015	0.166	0.248	0.236	0.232	0.595	20.46	18.06	16.73	16.1	14.3
CAF201	07/16/2015	0.166	0.249	0.236	0.232	0.599	20.44	18.05	16.8	16.17	14.36
CAF201	07/17/2015	0.165	0.249	0.236	0.233	0.601	19.98	17.99	16.8	16.2	14.4
CAF201	07/18/2015	0.165	0.249	0.236	0.233	0.602	20.17	17.9	16.8	16.2	14.48
CAF201	07/19/2015	0.165	0.249	0.236	0.233	0.604	20.52	17.97	16.8	16.2	14.5
CAF201	07/20/2015	0.165	0.249	0.237	0.234	0.605	20.94	18.07	16.8	16.21	14.56
CAF201	07/21/2015	0.165	0.25	0.237	0.234	0.606	21.13	18.25	16.88	16.3	14.6
CAF201	07/22/2015	0.165	0.25	0.237	0.235	0.607	21.14	18.37	16.97	16.35	14.62
CAF201	07/23/2015	0.164	0.25	0.237	0.236	0.608	20.85	18.44	17.05	16.4	14.7
CAF201	07/24/2015	0.164	0.25	0.238	0.237	0.608	20.69	18.4	17.1	16.5	14.74
CAF201	07/25/2015	0.164	0.25	0.238	0.242	0.609	20.81	18.4	17.1	16.5	14.8
CAF201	07/26/2015	0.164	0.251	0.238	0.259	0.61	20.74	18.44	17.15	16.56	14.87
CAF201	07/27/2015	0.163	0.251	0.238	0.286	0.61	20.25	18.44	17.2	16.6	14.9
CAF201	07/28/2015	0.163	0.25	0.238	0.305	0.611	19.93	18.34	17.2	16.6	14.97
CAF201	07/29/2015	0.163	0.25	0.238	0.322	0.611	20.02	18.24	17.11	16.6	15
CAF201	07/30/2015	0.163	0.25	0.238	0.335	0.612	20.32	18.2	17.1	16.6	15.03
CAF201	07/31/2015	0.163	0.25	0.238	0.346	0.613	20.82	18.33	17.1	16.6	15.1
CAF201	08/01/2015	0.164	0.251	0.238	0.357	0.613	21.31	18.47	17.18	16.62	15.1
CAF201	08/02/2015	0.164	0.251	0.238	0.366	0.613	21.53	18.67	17.27	16.7	15.11
CAF201	08/03/2015	0.164	0.252	0.239	0.372	0.613	21.55	18.85	17.38	16.77	15.2
CAF201	08/04/2015	0.163	0.252	0.239	0.379	0.613	21.33	18.9	17.49	16.85	15.2
CAF201	08/05/2015	0.163	0.252	0.239	0.383	0.613	21.45	18.97	17.55	16.9	15.3
CAF201	08/06/2015	0.163	0.252	0.239	0.394	0.613	21.5	19.05	17.6	17	15.33
CAF201	08/07/2015	0.163	0.252	0.239	0.398	0.613	21.05	19.07	17.7	17.03	15.4
CAF201	08/08/2015	0.162	0.252	0.239	0.404	0.613	20.83	18.97	17.7	17.1	15.47
CAF201	08/09/2015	0.163	0.252	0.24	0.407	0.614	20.87	18.9	17.7	17.1	15.5
CAF201	08/10/2015	0.163	0.252	0.24	0.41	0.614	20.99	18.9	17.7	17.1	15.57
CAF201	08/11/2015	0.163	0.252	0.24	0.41	0.614	21.07	18.97	17.7	17.1	15.6
CAF201	08/12/2015	0.163	0.252	0.24	0.412	0.614	21.67	19.05	17.7	17.17	15.63
CAF201	08/13/2015	0.162	0.253	0.238	0.413	0.614	21.77	19.25	17.79	17.2	15.7
CAF201	08/14/2015	0.162	0.254	0.235	0.416	0.614	21.76	19.41	17.88	17.27	15.72
CAF201	08/15/2015	0.161	0.254	0.236	0.417	0.614	21.33	19.5	17.98	17.35	15.8
CAF201	08/16/2015	0.161	0.254	0.236	0.421	0.614	20.84	19.46	18	17.4	15.84
CAF201	08/17/2015	0.16	0.254	0.236	0.425	0.614	20.47	19.29	18	17.47	15.9
CAF201	08/18/2015	0.16	0.253	0.237	0.433	0.614	20.34	19.19	18	17.5	15.96
CAF201	08/19/2015	0.16	0.253	0.237	0.434	0.614	20.41	19.1	17.9	17.5	16
CAF201	08/20/2015	0.16	0.253	0.237	0.435	0.613	20.48	19.13	17.9	17.5	16
CAF201	08/21/2015	0.16	0.253	0.237	0.436	0.613	20.34	19.13	17.9	17.5	16.08
CAF201	08/22/2015	0.159	0.253	0.238	0.438	0.614	19.87	19.08	17.9	17.45	16.1
CAF201	08/23/2015	0.159	0.253	0.239	0.44	0.613	19.56	18.95	17.83	17.4	16.1
CAF201	08/24/2015	0.159	0.253	0.239	0.44	0.613	19.44	18.78	17.78	17.39	16.1
CAF201	08/25/2015	0.159	0.252	0.24	0.441	0.613	19.65	18.7	17.7	17.3	16.1
CAF201	08/26/2015	0.159	0.252	0.241	0.442	0.613	19.84	18.77	17.7	17.3	16.1
CAF201	08/27/2015	0.159	0.253	0.242	0.442	0.613	19.83	18.8	17.7	17.3	16.1
CAF201	08/28/2015	0.159	0.253	0.243	0.444	0.613	19.9	18.8	17.7	17.3	16.1
CAF201	08/29/2015	0.159	0.253	0.244	0.444	0.613	19.94	18.82	17.7	17.3	16.1
CAF201	08/30/2015	0.158	0.253	0.245	0.445	0.613	19.32	18.84	17.7	17.3	16.14
CAF201	08/31/2015	0.157	0.252	0.246	0.445	0.613	18.38	18.59	17.63	17.29	16.2
CAF201	09/01/2015	0.157	0.251	0.248	0.447	0.613	18.25	18.33	17.51	17.2	16.2
CAF201	09/02/2015	0.157	0.251	0.249	0.447	0.613	18.28	18.19	17.38	17.14	16.2
CAF201	09/03/2015	0.156	0.251	0.25	0.447	0.612	17.58	18.03	17.28	17.07	16.16
CAF201	09/04/2015	0.155	0.25	0.253	0.448	0.612	17.27	17.8	17.15	16.97	16.18
CAF201	09/05/2015	0.155	0.25	0.257	0.449	0.611	17.25	17.61	17.02	16.87	16.1
CAF201	09/06/2015	0.154	0.249	0.262	0.45	0.611	16.23	17.41	16.87	16.77	16.07
CAF201	09/07/2015	0.154	0.249	0.265	0.45	0.611	15.83	17.07	16.7	16.66	16
CAF201	09/08/2015	0.153	0.248	0.269	0.45	0.611	15.8	16.82	16.5	16.53	15.97
CAF201	09/09/2015	0.154	0.248	0.274	0.45	0.61	16.04	16.68	16.33	16.37	15.9
CAF201	09/10/2015	0.154	0.248	0.279	0.45	0.61	16.32	16.66	16.21	16.26	15.82
CAF201	09/11/2015	0.154	0.248	0.283	0.45	0.61	16.64	16.68	16.13	16.18	15.76
CAF201	09/12/2015	0.154	0.248	0.288	0.448	0.61	16.95	16.76	16.1	16.1	15.7
CAF201	09/13/2015	0.154	0.248	0.292	0.448	0.609	17.21	16.87	16.1	16.1	15.63
CAF201	09/14/2015	0.154	0.248	0.296	0.446	0.609	16.88	16.9	16.1	16.1	15.6
CAF201	09/15/2015	0.154	0.248	0.299	0.445	0.608	16.36	16.85	16.1	16.08	15.58
CAF201	09/16/2015	0.153	0.248	0.301	0.446	0.608	16.03	16.69	16.08	16	15.5
CAF201	09/17/2015	0.153	0.247	0.302	0.446	0.608	15.93	16.56	15.99	15.99	15.5
CAF201	09/18/2015	0.153	0.247	0.304	0.447	0.608	15.65	16.41	15.9	15.9	15.5
CAF201	09/19/2015	0.152	0.247	0.307	0.449	0.608	15.54	16.28	15.8	15.84	15.41
CAF201	09/20/2015	0.152	0.247	0.31	0.45	0.608	15.6	16.19	15.71	15.78	15.4
CAF201	09/21/2015	0.153	0.246	0.311	0.452	0.608	15.95	16.17	15.62	15.7	15.36
CAF201	09/22/2015	0.152	0.247	0.314	0.455	0.608	15.77	16.2	15.6	15.65	15.3
CAF201	09/23/2015	0.152	0.246	0.317	0.457	0.608	15.11	16.09	15.58	15.6	15.3
CAF201	09/24/2015	0.152	0.246	0.322	0.455	0.608	14.82	15.9	15.48	15.57	15.2
CAF201	09/25/2015	0.151	0.246	0.325	0.455	0.607	14.74	15.74	15.37	15.49	15.2
CAF201	09/26/2015	0.152	0.245	0.326	0.454	0.607	14.91	15.67	15.27	15.4	15.15
CAF201	09/27/2015	0.151	0.245	0.331	0.455	0.607	14.48	15.58	15.2	15.31	15.1
CAF201	09/28/2015	0.151	0.245	0.333	0.456	0.607	13.95	15.4	15.1	15.26	15.04
CAF201	09/29/2015	0.151	0.244	0.333	0.46	0.607	13.89	15.18	14.96	15.17	15
CAF201	09/30/2015	0.151	0.244	0.334	0.457	0.606	14.15	15.1	14.84	15.06	14.92
CAF201	10/01/2015	0.151	0.244	0.333	0.457	0.606	14.57	15.1	14.77	14.97	14.88
CAF201	10/02/2015	0.151	0.244	0.333	0.454	0.606	14.56	15.17	14.7	14.9	14.8
CAF201	10/03/2015	0.151	0.244	0.334	0.454	0.606	14.6	15.2	14.7	14.89	14.73
CAF201	10/04/2015	0.151	0.244	0.334	0.453	0.606	14.6	15.2	14.7	14.8	14.7
CAF201	10/05/2015	0.151	0.244	0.334	0.453	0.606	14.31	15.16	14.7	14.8	14.64
CAF201	10/06/2015	0.151	0.244	0.334	0.454	0.606	14.21	15.06	14.6	14.78	14.6
CAF201	10/07/2015	0.151	0.244	0.334	0.452	0.605	14.46	15	14.6	14.7	14.6
CAF201	10/08/2015	0.151	0.244	0.334	0.452	0.606	14.53	15	14.51	14.7	14.5
CAF201	10/09/2015	0.152	0.244	0.335	0.452	0.605	14.9	15.08	14.5	14.63	14.5
CAF201	10/10/2015	0.152	0.244	0.335	0.455	0.605	15	15.18	14.53	14.6	14.5
CAF201	10/11/2015	0.152	0.245	0.335	0.457	0.605	14.97	15.21	14.6	14.6	14.4
CAF201	10/12/2015	0.151	0.244	0.336	0.456	0.605	14.39	15.17	14.6	14.6	14.4
CAF201	10/13/2015	0.151	0.244	0.337	0.454	0.605	14.14	15.06	14.54	14.6	14.4
CAF201	10/14/2015	0.151	0.244	0.337	0.458	0.605	13.86	14.92	14.49	14.6	14.4
CAF201	10/15/2015	0.15	0.244	0.337	0.457	0.605	13.57	14.77	14.4	14.52	14.34
CAF201	10/16/2015	0.15	0.243	0.337	0.456	0.605	13.35	14.6	14.3	14.47	14.3
CAF201	10/17/2015	0.15	0.243	0.336	0.46	0.604	13.42	14.49	14.2	14.4	14.3
CAF201	10/18/2015	0.15	0.243	0.336	0.457	0.604	13.57	14.4	14.1	14.3	14.2
CAF201	10/19/2015	0.151	0.243	0.336	0.457	0.604	13.63	14.4	14.08	14.26	14.2
CAF201	10/20/2015	0.15	0.243	0.336	0.454	0.604	13.51	14.4	14	14.2	14.13
CAF201	10/21/2015	0.15	0.243	0.336	0.453	0.604	13.09	14.36	14	14.18	14.1
CAF201	10/22/2015	0.15	0.242	0.336	0.454	0.604	12.72	14.17	13.9	14.1	14.07
CAF201	10/23/2015	0.149	0.241	0.336	0.45	0.604	12.19	14	13.81	14.05	14
CAF201	10/24/2015	0.149	0.241	0.335	0.452	0.603	11.99	13.75	13.67	13.96	14
CAF201	10/25/2015	0.149	0.241	0.335	0.456	0.603	12.04	13.59	13.54	13.86	13.9
CAF201	10/26/2015	0.149	0.241	0.334	0.456	0.603	12.25	13.5	13.42	13.76	13.87
CAF201	10/27/2015	0.149	0.241	0.334	0.453	0.603	12.13	13.5	13.35	13.68	13.8
CAF201	10/28/2015	0.15	0.24	0.335	0.454	0.603	11.84	13.41	13.3	13.6	13.73
CAF201	10/29/2015	0.151	0.24	0.336	0.455	0.603	11.77	13.28	13.2	13.54	13.7
CAF201	10/30/2015	0.151	0.24	0.336	0.457	0.602	11.69	13.2	13.1	13.46	13.6
CAF201	10/31/2015	0.151	0.24	0.337	0.483	0.601	11.89	13.1	13.03	13.4	13.55
CAF201	11/01/2015	0.151	0.24	0.345	0.501	0.6	11.88	13.1	13	13.3	13.5
CAF201	11/02/2015	0.15	0.239	0.345	0.491	0.601	10.95	13.03	12.91	13.27	13.43
CAF201	11/03/2015	0.149	0.239	0.345	0.476	0.601	10.18	12.72	12.83	13.2	13.4
CAF201	11/04/2015	0.149	0.238	0.344	0.461	0.602	9.333	12.35	12.64	13.08	13.33
CAF201	11/05/2015	0.148	0.237	0.343	0.462	0.601	8.554	11.93	12.41	12.95	13.27
CAF201	11/06/2015	0.147	0.235	0.342	0.469	0.601	7.975	11.5	12.15	12.76	13.19
CAF201	11/07/2015	0.147	0.235	0.341	0.475	0.6	8.1	11.15	11.88	12.57	13.08
CAF201	11/08/2015	0.148	0.234	0.34	0.482	0.599	8.421	10.98	11.65	12.36	12.97
CAF201	11/09/2015	0.148	0.234	0.345	0.498	0.597	8.667	10.9	11.47	12.22	12.85
CAF201	11/10/2015	0.153	0.233	0.357	0.5	0.597	8.392	10.87	11.36	12.08	12.74
CAF201	11/11/2015	0.156	0.233	0.352	0.496	0.598	7.862	10.73	11.25	11.97	12.63
CAF201	11/12/2015	0.156	0.232	0.35	0.464	0.599	7.262	10.47	11.1	11.85	12.52
CAF201	11/13/2015	0.157	0.231	0.349	0.455	0.598	7.133	10.18	10.92	11.71	12.41
CAF201	11/14/2015	0.159	0.231	0.348	0.455	0.598	7.796	10.05	10.74	11.55	12.3
CAF201	11/15/2015	0.159	0.231	0.348	0.461	0.597	7.983	10.1	10.61	11.43	12.18
CAF201	11/16/2015	0.16	0.231	0.347	0.456	0.597	7.383	10.07	10.57	11.31	12.08
CAF201	11/17/2015	0.16	0.23	0.352	0.483	0.595	6.567	9.767	10.45	11.17	11.99
CAF201	11/18/2015	0.162	0.23	0.356	0.499	0.594	6.742	9.475	10.25	11.03	11.89
CAF201	11/19/2015	0.164	0.229	0.352	0.499	0.595	6.075	9.304	10.1	10.94	11.79
CAF201	11/20/2015	0.168	0.228	0.349	0.481	0.597	5.579	9.025	9.929	10.84	11.68
CAF201	11/21/2015	0.176	0.228	0.347	0.454	0.596	4.996	8.7	9.725	10.67	11.58
CAF201	11/22/2015	0.186	0.227	0.346	0.453	0.596	4.554	8.362	9.5	10.49	11.46
CAF201	11/23/2015	0.193	0.226	0.345	0.461	0.595	4.262	8.054	9.271	10.28	11.34
CAF201	11/24/2015	0.198	0.226	0.345	0.471	0.594	4.079	7.775	9.029	10.08	11.22
CAF201	11/25/2015	0.202	0.225	0.344	0.461	0.595	3.979	7.546	8.817	9.887	11.07
CAF201	11/26/2015	0.205	0.225	0.343	0.451	0.595	3.858	7.354	8.629	9.708	10.94
CAF201	11/27/2015	0.207	0.224	0.342	0.451	0.595	3.604	7.175	8.446	9.542	10.8
CAF201	11/28/2015	0.208	0.224	0.34	0.448	0.594	3.325	6.963	8.267	9.362	10.65
CAF201	11/29/2015	0.208	0.224	0.339	0.448	0.594	3.129	6.754	8.092	9.208	10.53
CAF201	11/30/2015	0.208	0.223	0.338	0.447	0.593	2.933	6.537	7.917	9.046	10.38
CAF201	12/01/2015	0.207	0.223	0.337	0.446	0.593	2.746	6.338	7.742	8.887	10.25
CAF201	12/02/2015	0.207	0.222	0.337	0.448	0.593	2.612	6.133	7.562	8.733	10.13
CAF201	12/03/2015	0.207	0.222	0.336	0.448	0.591	2.55	5.954	7.404	8.563	9.987
CAF201	12/04/2015	0.207	0.222	0.336	0.452	0.591	2.5	5.833	7.25	8.429	9.854
CAF201	12/05/2015	0.207	0.221	0.335	0.446	0.592	2.583	5.737	7.125	8.271	9.733
CAF201	12/06/2015	0.207	0.221	0.336	0.465	0.589	2.55	5.65	6.988	8.079	9.613
CAF201	12/07/2015	0.22	0.222	0.366	0.492	0.588	2.533	5.542	6.879	7.975	9.483
CAF201	12/08/2015	0.272	0.222	0.397	0.493	0.588	3.442	5.346	6.75	7.888	9.367
CAF201	12/09/2015	0.296	0.223	0.419	0.494	0.59	5.104	5.688	6.7	7.8	9.254
CAF201	12/10/2015	0.301	0.226	0.424	0.495	0.59	5.208	6.192	6.813	7.8	9.163
CAF201	12/11/2015	0.3	0.234	0.428	0.494	0.59	4.817	6.388	6.95	7.821	9.1
CAF201	12/12/2015	0.305	0.243	0.43	0.495	0.59	4.671	6.4	7.004	7.9	9.021
CAF201	12/13/2015	0.31	0.375	0.432	0.494	0.59	4.346	6.358	7.096	7.908	9
CAF201	12/14/2015	0.306	0.385	0.433	0.494	0.59	4.371	6.3	7	7.9	9
CAF201	12/15/2015	0.304	0.39	0.434	0.494	0.589	4.104	6.288	6.996	7.9	8.912
CAF201	12/16/2015	0.301	0.391	0.434	0.493	0.589	3.883	6.175	6.9	7.829	8.9
CAF201	12/17/2015	0.3	0.391	0.434	0.493	0.589	3.692	6.05	6.838	7.8	8.804
CAF201	12/18/2015	0.302	0.398	0.434	0.493	0.589	3.592	5.933	6.742	7.712	8.775
CAF201	12/19/2015	0.308	0.435	0.433	0.493	0.589	3.5	5.808	6.633	7.667	8.7
CAF201	12/20/2015	0.308	0.439	0.433	0.493	0.589	3.475	5.717	6.546	7.575	8.633
CAF201	12/21/2015	0.308	0.44	0.432	0.493	0.589	3.367	5.667	6.483	7.5	8.567
CAF201	12/22/2015	0.321	0.442	0.432	0.493	0.589	3.3	5.571	6.375	7.438	8.5
CAF201	12/23/2015	0.326	0.443	0.432	0.492	0.589	3.3	5.496	6.279	7.325	8.408
CAF201	12/24/2015	0.326	0.443	0.432	0.491	0.589	3.3	5.4	6.2	7.258	8.337
CAF201	12/25/2015	0.326	0.444	0.433	0.491	0.589	3.3	5.329	6.1	7.192	8.271
CAF201	12/26/2015	0.326	0.444	0.433	0.49	0.588	3.3	5.3	6.058	7.1	8.2
CAF201	12/27/2015	0.327	0.444	0.433	0.489	0.588	3.3	5.3	6	7.067	8.108
CAF201	12/28/2015	0.328	0.445	0.432	0.488	0.587	3.3	5.283	5.963	7	8.042
CAF201	12/29/2015	0.328	0.445	0.432	0.488	0.587	3.287	5.2	5.9	6.946	7.992
CAF201	12/30/2015	0.328	0.445	0.433	0.487	0.587	3.2	5.2	5.896	6.9	7.9
CAF201	12/31/2015	0.325	0.445	0.432	0.487	0.587	3.2	5.2	5.8	6.858	7.863
CAF201	01/01/2016	0.324	0.445	0.432	0.486	0.587	3.192	5.112	5.8	6.8	7.8
CAF201	01/02/2016	0.322	0.444	0.432	0.486	0.587	3.1	5.1	5.742	6.775	7.729
CAF201	01/03/2016	0.319	0.443	0.432	0.485	0.586	3.037	5.1	5.7	6.7	7.7
CAF201	01/04/2016	0.318	0.443	0.432	0.484	0.586	3	5.083	5.662	6.683	7.608
CAF201	01/05/2016	0.319	0.443	0.432	0.484	0.586	3	5	5.6	6.6	7.592
CAF201	01/06/2016	0.322	0.443	0.432	0.484	0.586	3	5	5.579	6.583	7.5
CAF201	01/07/2016	0.338	0.443	0.433	0.484	0.586	3	5	5.5	6.5	7.483
CAF201	01/08/2016	0.399	0.441	0.433	0.484	0.586	2.996	4.946	5.5	6.5	7.4
CAF201	01/09/2016	0.421	0.439	0.433	0.483	0.586	2.904	4.9	5.446	6.404	7.379
CAF201	01/10/2016	0.421	0.438	0.433	0.483	0.586	2.9	4.9	5.4	6.4	7.3
CAF201	01/11/2016	0.422	0.44	0.433	0.483	0.586	2.9	4.8	5.367	6.313	7.275
CAF201	01/12/2016	0.421	0.442	0.433	0.482	0.586	2.812	4.8	5.3	6.3	7.2
CAF201	01/13/2016	0.424	0.44	0.433	0.483	0.586	2.8	4.75	5.3	6.263	7.162
CAF201	01/14/2016	0.427	0.441	0.434	0.484	0.586	2.725	4.7	5.217	6.2	7.1
CAF201	01/15/2016	0.428	0.441	0.434	0.484	0.586	2.7	4.7	5.2	6.2	7.079
CAF201	01/16/2016	0.429	0.44	0.434	0.484	0.585	2.7	4.7	5.179	6.112	7
CAF201	01/17/2016	0.431	0.44	0.434	0.484	0.585	2.7	4.6	5.1	6.1	7
CAF201	01/18/2016	0.432	0.441	0.435	0.484	0.585	2.637	4.6	5.096	6.05	6.904
CAF201	01/19/2016	0.432	0.44	0.435	0.483	0.585	2.629	4.6	5	6	6.9
CAF201	01/20/2016	0.433	0.44	0.436	0.484	0.585	2.687	4.546	5	5.992	6.833
CAF201	01/21/2016	0.435	0.441	0.436	0.483	0.585	3.171	4.583	5	5.9	6.8
CAF201	01/22/2016	0.435	0.441	0.435	0.484	0.585	3.513	4.704	5	5.9	6.767
CAF201	01/23/2016	0.435	0.441	0.435	0.484	0.585	3.696	4.858	5.004	5.9	6.7
CAF201	01/24/2016	0.436	0.441	0.435	0.484	0.585	4	4.958	5.1	5.9	6.7
CAF201	01/25/2016	0.435	0.441	0.435	0.484	0.585	3.921	5.079	5.146	5.983	6.7
CAF201	01/26/2016	0.434	0.441	0.435	0.484	0.584	3.463	5.079	5.2	6	6.7
CAF201	01/27/2016	0.434	0.441	0.435	0.484	0.584	3.654	5	5.2	6	6.671
CAF201	01/28/2016	0.435	0.441	0.435	0.483	0.584	4.187	5.054	5.2	6	6.6
CAF201	01/29/2016	0.435	0.441	0.436	0.483	0.584	4.125	5.171	5.208	6	6.6
CAF201	01/30/2016	0.434	0.441	0.436	0.483	0.584	3.792	5.2	5.3	6	6.6
CAF201	01/31/2016	0.434	0.441	0.436	0.483	0.584	3.533	5.137	5.3	6.087	6.6
CAF201	02/01/2016	0.434	0.441	0.436	0.483	0.584	3.286	5.046	5.292	6.087	6.6
CAF201	02/02/2016	NA	0.44	0.436	0.483	0.584	NA	4.933	5.2	6	6.6
