CAF217	11/14/2010	0.229	0.172	0.288	0.26	NA	6.15	7.91	8.7	9.69	10.5
CAF217	11/15/2010	0.23	0.172	0.288	0.26	NA	6.61	7.82	8.6	9.57	10.47
CAF217	11/16/2010	0.233	0.172	0.288	0.261	NA	6.99	7.89	8.5	9.45	10.38
CAF217	11/17/2010	0.236	0.172	0.288	0.26	NA	6.71	7.9	8.44	9.35	10.3
CAF217	11/18/2010	0.241	0.172	0.288	0.26	NA	6.47	7.8	8.39	9.29	10.2
CAF217	11/19/2010	0.244	0.172	0.288	0.26	NA	5.75	7.64	8.3	9.2	10.13
CAF217	11/20/2010	0.243	0.172	0.288	0.26	NA	5.05	7.35	8.15	9.12	10.08
CAF217	11/21/2010	0.241	0.171	0.288	0.259	NA	4.47	7	7.94	9.02	10
CAF217	11/22/2010	0.24	0.171	0.287	0.259	NA	4.08	6.62	7.7	8.87	9.91
CAF217	11/23/2010	0.239	0.17	0.286	0.259	NA	3.93	6.3	7.47	8.73	9.82
CAF217	11/24/2010	0.239	0.17	0.286	0.258	NA	3.82	6.06	7.25	8.56	9.72
CAF217	11/25/2010	0.239	0.17	0.286	0.258	NA	3.8	5.87	7.05	8.41	9.6
CAF217	11/26/2010	0.238	0.17	0.285	0.258	NA	3.71	5.71	6.83	8.25	9.48
CAF217	11/27/2010	0.238	0.17	0.285	0.257	NA	3.56	5.57	6.72	8.1	9.37
CAF217	11/28/2010	0.238	0.17	0.285	0.257	NA	3.5	5.48	6.57	7.96	9.25
CAF217	11/29/2010	0.238	0.17	0.285	0.257	NA	3.5	5.4	6.45	7.84	9.14
CAF217	11/30/2010	0.238	0.17	0.284	0.257	NA	3.46	5.31	6.34	7.71	9.03
CAF217	12/01/2010	0.238	0.17	0.284	0.257	NA	3.4	5.24	6.24	7.59	8.93
CAF217	12/02/2010	0.243	0.17	0.284	0.257	NA	3.32	5.18	6.14	7.49	8.83
CAF217	12/03/2010	0.25	0.17	0.284	0.257	NA	3.22	5.1	6.05	7.39	8.74
CAF217	12/04/2010	0.248	0.17	0.284	0.256	NA	3.3	5.02	5.98	7.3	8.65
CAF217	12/05/2010	0.247	0.17	0.283	0.256	NA	3.3	4.98	5.87	7.2	8.57
CAF217	12/06/2010	0.246	0.17	0.284	0.256	NA	3.3	4.87	5.81	7.11	8.49
CAF217	12/07/2010	0.248	0.17	0.284	0.256	NA	3.31	4.9	5.75	7.04	8.4
CAF217	12/08/2010	0.284	0.17	0.421	0.341	NA	2.26	4.81	5.2	6.77	8.32
CAF217	12/09/2010	0.301	0.17	0.455	0.4	NA	1.62	4.57	4.92	6.54	8.25
CAF217	12/10/2010	0.293	0.179	0.458	0.406	NA	1.51	4.29	4.56	6.12	8.15
CAF217	12/11/2010	0.267	0.208	0.448	0.399	NA	2.45	4.2	4.86	6.28	8.03
CAF217	12/12/2010	0.301	0.225	0.468	0.408	NA	2.02	4.24	4.71	6.21	7.94
CAF217	12/13/2010	0.282	0.234	0.458	0.408	NA	2.9	4.14	4.75	6.1	7.85
CAF217	12/14/2010	0.287	0.237	0.46	0.406	NA	3.81	4.31	4.81	6.1	7.77
CAF217	12/15/2010	0.271	0.237	0.453	0.407	NA	3.6	4.49	4.9	6.1	7.69
CAF217	12/16/2010	0.263	0.236	0.451	0.404	NA	3.17	4.5	5	6.1	7.6
CAF217	12/17/2010	0.257	0.235	0.448	0.402	NA	2.81	4.38	4.94	6.1	7.54
CAF217	12/18/2010	0.252	0.234	0.447	0.401	NA	2.56	4.24	4.98	6.05	7.5
CAF217	12/19/2010	0.25	0.234	0.445	0.399	NA	2.41	4.1	4.9	6	7.42
CAF217	12/20/2010	0.249	0.233	0.444	0.398	NA	2.31	3.98	4.81	5.93	7.34
CAF217	12/21/2010	0.248	0.233	0.443	0.396	NA	2.23	3.87	4.72	5.88	7.3
CAF217	12/22/2010	0.248	0.232	0.441	0.395	NA	2.2	3.77	4.6	5.8	7.22
CAF217	12/23/2010	0.248	0.232	0.441	0.394	NA	2.17	3.7	4.53	5.71	7.17
CAF217	12/24/2010	0.248	0.232	0.44	0.393	NA	2.1	3.63	4.5	5.64	7.1
CAF217	12/25/2010	0.248	0.231	0.439	0.392	NA	2.1	3.6	4.41	5.59	7.01
CAF217	12/26/2010	0.249	0.231	0.438	0.392	NA	2.1	3.51	4.37	5.5	6.96
CAF217	12/27/2010	0.25	0.231	0.437	0.391	NA	2.1	3.5	4.3	5.45	6.9
CAF217	12/28/2010	0.285	0.232	0.44	0.39	NA	1.94	3.49	4.25	5.4	6.82
CAF217	12/29/2010	0.278	0.241	0.453	0.392	NA	1.99	3.4	4.15	5.32	6.78
CAF217	12/30/2010	0.268	0.24	0.452	0.399	NA	2.1	3.4	4.1	5.25	6.7
CAF217	12/31/2010	0.262	0.239	0.451	0.402	NA	2.18	3.4	4.09	5.2	6.65
CAF217	01/01/2011	0.259	0.239	0.449	0.401	NA	2.19	3.4	4.05	5.12	6.6
CAF217	01/02/2011	0.255	0.238	0.448	0.402	NA	2.1	3.39	4	5.1	6.51
CAF217	01/03/2011	0.253	0.238	0.447	0.401	NA	2.09	3.3	4	5.1	6.5
CAF217	01/04/2011	0.251	0.237	0.446	0.401	NA	2	3.3	3.99	5.01	6.4
CAF217	01/05/2011	0.25	0.237	0.445	0.4	NA	2	3.23	3.91	5	6.4
CAF217	01/06/2011	0.249	0.236	0.444	0.399	NA	2	3.2	3.9	4.95	6.3
CAF217	01/07/2011	0.27	0.236	0.444	0.399	NA	1.9	3.19	3.83	4.9	6.3
CAF217	01/08/2011	0.275	0.237	0.443	0.398	NA	1.9	3.1	3.8	4.85	6.2
CAF217	01/09/2011	0.266	0.239	0.443	0.398	NA	1.9	3.1	3.73	4.8	6.2
CAF217	01/10/2011	0.261	0.239	0.444	0.398	NA	1.9	3.1	3.7	4.77	6.12
CAF217	01/11/2011	0.256	0.238	0.445	0.398	NA	1.87	3	3.7	4.7	6.1
CAF217	01/12/2011	0.252	0.238	0.445	0.398	NA	1.8	3	3.62	4.7	6.03
CAF217	01/13/2011	0.283	0.239	0.445	0.398	NA	1.65	2.92	3.6	4.61	6
CAF217	01/14/2011	0.283	0.243	0.453	0.4	NA	1.61	2.83	3.52	4.6	5.95
CAF217	01/15/2011	0.277	0.243	0.456	0.408	NA	2.01	2.8	3.43	4.5	5.9
CAF217	01/16/2011	0.292	0.245	0.462	0.412	NA	2.97	2.9	3.37	4.43	5.85
CAF217	01/17/2011	0.278	0.244	0.456	0.413	NA	4.02	3.19	3.42	4.4	5.79
CAF217	01/18/2011	0.27	0.242	0.453	0.411	NA	3.84	3.54	3.57	4.4	5.7
CAF217	01/19/2011	0.266	0.241	0.451	0.41	NA	3.35	3.7	3.69	4.42	5.7
CAF217	01/20/2011	0.262	0.241	0.45	0.409	NA	2.85	3.66	3.8	4.5	5.7
CAF217	01/21/2011	0.271	0.24	0.45	0.407	NA	2.45	3.53	3.74	4.5	5.7
CAF217	01/22/2011	0.28	0.244	0.455	0.408	NA	2.25	3.35	3.76	4.5	5.7
CAF217	01/23/2011	0.27	0.243	0.454	0.41	NA	2.4	3.3	3.7	4.5	5.7
CAF217	01/24/2011	0.266	0.242	0.452	0.41	NA	2.55	3.3	3.64	4.5	5.64
CAF217	01/25/2011	0.27	0.241	0.451	0.409	NA	2.81	3.3	3.66	4.5	5.6
CAF217	01/26/2011	0.268	0.241	0.451	0.409	NA	3.05	3.38	3.69	4.5	5.6
CAF217	01/27/2011	0.265	0.241	0.45	0.409	NA	3.09	3.48	3.7	4.5	5.57
CAF217	01/28/2011	0.263	0.241	0.45	0.408	0.214	3.19	3.55	3.77	4.5	5.6
CAF217	01/29/2011	0.262	0.24	0.449	0.408	0.222	3.32	3.63	3.8	4.5	5.6
CAF217	01/30/2011	0.28	0.241	0.449	0.407	0.231	3.26	3.7	3.87	4.5	5.57
CAF217	01/31/2011	0.273	0.242	0.45	0.408	0.235	2.75	3.7	3.9	4.5	5.57
CAF217	02/01/2011	0.263	0.242	0.45	0.408	0.24	2.23	3.55	3.87	4.6	5.6
CAF217	02/02/2011	0.256	0.241	0.45	0.409	0.248	1.88	3.38	3.82	4.58	5.6
CAF217	02/03/2011	0.251	0.24	0.45	0.408	0.256	1.64	3.2	3.74	4.5	5.6
CAF217	02/04/2011	0.249	0.239	0.449	0.408	0.263	1.51	3.05	3.64	4.5	5.6
CAF217	02/05/2011	0.248	0.239	0.448	0.407	0.269	1.5	2.94	3.55	4.43	5.5
CAF217	02/06/2011	0.248	0.238	0.447	0.407	0.273	1.41	2.85	3.45	4.4	5.47
CAF217	02/07/2011	0.248	0.238	0.447	0.407	0.277	1.4	2.8	3.41	4.32	5.5
CAF217	02/08/2011	0.249	0.238	0.447	0.406	0.279	1.4	2.71	3.34	4.3	5.42
CAF217	02/09/2011	0.25	0.238	0.447	0.405	0.28	1.4	2.7	3.27	4.21	5.4
CAF217	02/10/2011	0.25	0.237	0.446	0.405	0.28	1.4	2.65	3.23	4.2	5.38
CAF217	02/11/2011	0.25	0.237	0.446	0.404	0.28	1.4	2.6	3.2	4.13	5.3
CAF217	02/12/2011	0.25	0.237	0.446	0.404	0.281	1.4	2.6	3.18	4.1	5.3
CAF217	02/13/2011	0.252	0.237	0.445	0.404	0.282	1.46	2.6	3.1	4.1	5.23
CAF217	02/14/2011	0.255	0.237	0.445	0.403	0.282	1.82	2.64	3.1	3.97	5.2
CAF217	02/15/2011	0.258	0.237	0.445	0.403	0.282	2.39	2.79	3.14	4	5.2
CAF217	02/16/2011	0.272	0.238	0.444	0.403	0.282	2.3	2.95	3.2	4	5.17
CAF217	02/17/2011	0.27	0.238	0.445	0.403	0.282	2.2	3	3.26	4	5.1
CAF217	02/18/2011	0.266	0.239	0.446	0.403	0.282	2.2	3	3.3	4	5.1
CAF217	02/19/2011	0.263	0.24	0.445	0.403	0.282	2.15	3	3.3	4.01	5.1
CAF217	02/20/2011	0.261	0.24	0.446	0.404	0.283	2.05	3	3.27	4.1	5.1
CAF217	02/21/2011	0.26	0.239	0.447	0.404	0.283	2.02	2.98	3.3	4.01	5.1
CAF217	02/22/2011	0.258	0.239	0.447	0.404	0.284	1.95	2.9	3.3	4	5.1
CAF217	02/23/2011	0.257	0.239	0.447	0.404	0.286	1.9	2.9	3.27	4	5.1
CAF217	02/24/2011	0.256	0.239	0.447	0.404	0.287	1.9	2.9	3.22	4	5.1
CAF217	02/25/2011	0.255	0.239	0.447	0.404	0.289	1.9	2.81	3.2	4	5.1
CAF217	02/26/2011	0.254	0.239	0.447	0.404	0.29	1.9	2.8	3.2	4	5.1
CAF217	02/27/2011	0.252	0.238	0.447	0.404	0.291	1.8	2.8	3.2	4	5
CAF217	02/28/2011	0.251	0.238	0.447	0.404	0.293	1.72	2.76	3.18	3.96	5
CAF217	03/01/2011	0.252	0.238	0.446	0.404	0.294	1.7	2.7	3.1	3.9	5
CAF217	03/02/2011	0.279	0.241	0.449	0.406	0.297	1.54	2.69	3.09	3.9	5
CAF217	03/03/2011	0.29	0.247	0.455	0.412	0.302	1.51	2.6	2.95	3.9	5
CAF217	03/04/2011	0.282	0.245	0.454	0.412	0.318	1.62	2.6	2.97	3.8	4.9
CAF217	03/05/2011	0.288	0.245	0.456	0.412	0.336	1.66	2.6	3	3.8	4.9
CAF217	03/06/2011	0.284	0.246	0.457	0.414	0.364	1.65	2.6	2.94	3.8	4.9
CAF217	03/07/2011	0.279	0.245	0.455	0.413	0.385	1.7	2.6	2.92	3.77	4.85
CAF217	03/08/2011	0.275	0.244	0.454	0.412	0.387	1.7	2.6	2.9	3.7	4.8
CAF217	03/09/2011	0.286	0.246	0.456	0.412	0.388	1.68	2.6	2.9	3.7	4.8
CAF217	03/10/2011	0.302	0.257	0.468	0.418	0.455	1.6	2.46	2.79	3.65	4.75
CAF217	03/11/2011	0.283	0.247	0.458	0.417	0.452	1.75	2.4	2.71	3.5	4.64
CAF217	03/12/2011	0.276	0.245	0.455	0.414	0.425	1.88	2.48	2.77	3.5	4.6
CAF217	03/13/2011	0.272	0.244	0.453	0.413	0.416	2.13	2.52	2.8	3.5	4.6
CAF217	03/14/2011	0.273	0.243	0.453	0.412	0.409	2.74	2.65	2.81	3.5	4.6
CAF217	03/15/2011	0.273	0.243	0.451	0.411	0.404	3.06	2.85	2.87	3.53	4.6
CAF217	03/16/2011	0.285	0.245	0.452	0.41	0.401	3.26	3.05	3	3.6	4.6
CAF217	03/17/2011	0.276	0.245	0.454	0.411	0.403	3.23	3.18	3.11	3.65	4.6
CAF217	03/18/2011	0.272	0.244	0.453	0.411	0.404	3.1	3.2	3.19	3.7	4.6
CAF217	03/19/2011	0.27	0.243	0.453	0.41	0.403	3.34	3.29	3.25	3.75	4.6
CAF217	03/20/2011	0.271	0.243	0.452	0.41	0.4	2.99	3.4	3.3	3.8	4.63
CAF217	03/21/2011	0.276	0.243	0.451	0.41	0.398	3.17	3.36	3.35	3.81	4.7
CAF217	03/22/2011	0.283	0.246	0.453	0.41	0.397	3.42	3.42	3.4	3.9	4.7
CAF217	03/23/2011	0.275	0.245	0.454	0.412	0.401	3.5	3.5	3.42	3.9	4.7
CAF217	03/24/2011	0.271	0.244	0.454	0.412	0.404	3.81	3.57	3.5	3.9	4.7
CAF217	03/25/2011	0.27	0.244	0.453	0.411	0.403	4.33	3.75	3.56	4	4.8
CAF217	03/26/2011	0.269	0.243	0.452	0.411	0.401	4.24	3.95	3.68	4.01	4.8
CAF217	03/27/2011	0.273	0.243	0.451	0.41	0.4	4.41	4.05	3.78	4.1	4.8
CAF217	03/28/2011	0.274	0.244	0.451	0.41	0.398	4.58	4.16	3.87	4.15	4.86
CAF217	03/29/2011	0.272	0.244	0.451	0.41	0.397	4.44	4.26	3.96	4.21	4.9
CAF217	03/30/2011	0.291	0.246	0.456	0.409	0.396	4.72	4.31	4.01	4.3	4.92
CAF217	03/31/2011	0.282	0.247	0.457	0.413	0.408	5.57	4.5	4.1	4.35	5
CAF217	04/01/2011	0.277	0.246	0.455	0.413	0.416	5.97	4.81	4.23	4.41	5
CAF217	04/02/2011	0.288	0.247	0.459	0.412	0.415	6.51	5.1	4.42	4.5	5.09
CAF217	04/03/2011	0.281	0.247	0.457	0.414	0.424	5.7	5.3	4.58	4.62	5.1
CAF217	04/04/2011	0.28	0.246	0.456	0.413	0.423	5.2	5.23	4.7	4.73	5.2
CAF217	04/05/2011	0.29	0.25	0.462	0.415	0.429	5.15	5.11	4.75	4.8	5.26
CAF217	04/06/2011	0.279	0.247	0.457	0.415	0.432	4.9	5.08	4.76	4.9	5.3
CAF217	04/07/2011	0.274	0.246	0.455	0.414	0.424	4.52	4.97	4.73	4.9	5.39
CAF217	04/08/2011	0.272	0.245	0.454	0.413	0.419	4.4	4.84	4.7	4.9	5.4
CAF217	04/09/2011	0.27	0.244	0.453	0.412	0.415	4.79	4.8	4.69	4.9	5.43
CAF217	04/10/2011	0.268	0.244	0.453	0.411	0.411	5.11	4.81	4.68	4.97	5.5
CAF217	04/11/2011	0.266	0.244	0.452	0.411	0.409	5.26	4.92	4.7	5	5.5
CAF217	04/12/2011	0.265	0.243	0.451	0.41	0.406	5.19	5	4.69	5	5.5
CAF217	04/13/2011	0.263	0.243	0.451	0.41	0.403	5.21	5.05	4.76	5	5.5
CAF217	04/14/2011	0.261	0.243	0.45	0.41	0.401	4.82	5.07	4.77	5.04	5.52
CAF217	04/15/2011	0.262	0.242	0.45	0.409	0.4	5.03	5	4.8	5.1	5.6
CAF217	04/16/2011	0.27	0.242	0.45	0.409	0.397	5.7	5.12	4.82	5.1	5.6
CAF217	04/17/2011	0.273	0.243	0.45	0.408	0.395	6.11	5.3	4.9	5.1	5.6
CAF217	04/18/2011	0.27	0.243	0.45	0.408	0.393	5.75	5.48	5	5.16	5.62
CAF217	04/19/2011	0.267	0.243	0.45	0.408	0.391	5.25	5.41	5.08	5.2	5.7
CAF217	04/20/2011	0.264	0.243	0.45	0.408	0.391	5	5.29	5.1	5.26	5.7
CAF217	04/21/2011	0.262	0.243	0.45	0.408	0.39	5.18	5.2	5.04	5.3	5.7
CAF217	04/22/2011	0.261	0.242	0.449	0.408	0.389	5.14	5.2	4.99	5.3	5.79
CAF217	04/23/2011	0.259	0.242	0.449	0.408	0.387	5.2	5.2	5.01	5.3	5.8
CAF217	04/24/2011	0.258	0.242	0.448	0.407	0.386	5.82	5.27	5.01	5.3	5.8
CAF217	04/25/2011	0.257	0.242	0.449	0.407	0.386	6.19	5.46	5.11	5.3	5.8
CAF217	04/26/2011	0.268	0.242	0.449	0.407	0.386	5.73	5.59	5.17	5.37	5.8
CAF217	04/27/2011	0.268	0.242	0.449	0.407	0.385	5.82	5.6	5.22	5.4	5.83
CAF217	04/28/2011	0.269	0.242	0.449	0.407	0.384	6.16	5.64	5.3	5.42	5.9
CAF217	04/29/2011	0.268	0.242	0.448	0.407	0.383	5.76	5.7	5.29	5.5	5.9
CAF217	04/30/2011	0.266	0.243	0.449	0.407	0.383	5.48	5.68	5.38	5.5	5.9
CAF217	05/01/2011	NA	NA	NA	NA	NA	NA	NA	NA	NA	NA
CAF217	10/27/2011	0.151	0.138	0.405	0.362	0.428	7.48	9.48	10.98	11.7	11.82
CAF217	10/28/2011	0.15	0.138	0.404	0.362	0.428	7.21	9.26	10.8	11.61	11.78
CAF217	10/29/2011	0.151	0.138	0.404	0.362	0.428	7.72	9.09	10.55	11.45	11.67
CAF217	10/30/2011	0.15	0.138	0.404	0.362	0.427	7.68	9.06	10.36	11.28	11.55
CAF217	10/31/2011	0.151	0.138	0.403	0.362	0.427	8.29	9.07	10.24	11.14	11.44
CAF217	11/01/2011	0.151	0.138	0.403	0.361	0.427	7.08	8.96	10.13	11.02	11.33
CAF217	11/02/2011	0.149	0.138	0.403	0.361	0.427	5.94	8.43	9.99	10.89	11.22
CAF217	11/03/2011	0.149	0.137	0.402	0.361	0.427	5.64	7.94	9.76	10.75	11.12
CAF217	11/04/2011	0.147	0.136	0.402	0.361	0.426	5.88	7.75	9.5	10.58	10.99
CAF217	11/05/2011	0.149	0.137	0.401	0.36	0.426	5.1	7.42	9.29	10.42	10.86
CAF217	11/06/2011	0.148	0.137	0.401	0.359	0.426	4.54	6.99	9.08	10.25	10.74
CAF217	11/07/2011	0.148	0.136	0.401	0.359	0.426	4.11	6.62	8.8	10.06	10.61
CAF217	11/08/2011	0.148	0.136	0.4	0.359	0.426	3.96	6.3	8.55	9.87	10.46
CAF217	11/09/2011	0.148	0.136	0.4	0.359	0.425	4.26	6.2	8.3	9.68	10.33
CAF217	11/10/2011	0.148	0.136	0.4	0.358	0.425	4.38	6.18	8.14	9.49	10.17
CAF217	11/11/2011	0.148	0.136	0.4	0.358	0.424	4.48	6.18	8.01	9.34	10.03
CAF217	11/12/2011	0.146	0.135	0.4	0.358	0.424	4.52	6.13	7.9	9.19	9.88
CAF217	11/13/2011	0.146	0.139	0.4	0.359	0.424	4.15	5.89	7.78	9.07	9.76
CAF217	11/14/2011	0.148	0.145	0.399	0.359	0.423	4.33	5.8	7.65	8.95	9.64
CAF217	11/15/2011	0.149	0.146	0.398	0.358	0.423	3.88	5.73	7.54	8.83	9.53
CAF217	11/16/2011	0.149	0.147	0.398	0.358	0.423	3.11	5.41	7.42	8.72	9.42
CAF217	11/17/2011	0.146	0.15	0.399	0.358	0.423	2.71	5.04	7.25	8.6	9.31
CAF217	11/18/2011	0.147	0.15	0.399	0.358	0.423	2.6	4.77	7.02	8.46	9.19
CAF217	11/19/2011	0.148	0.151	0.399	0.357	0.423	2.62	4.62	6.84	8.3	9.07
CAF217	11/20/2011	0.147	0.15	0.399	0.357	0.423	2.7	4.56	6.67	8.15	8.95
CAF217	11/21/2011	0.146	0.15	0.399	0.357	0.422	2.79	4.5	6.54	8.01	8.83
CAF217	11/22/2011	0.195	0.182	0.433	0.356	0.423	2.77	4.11	6.32	7.87	8.7
CAF217	11/23/2011	0.227	0.181	0.441	0.357	0.423	3.9	4.35	6.2	7.72	8.58
CAF217	11/24/2011	0.224	0.177	0.437	0.358	0.422	4.41	4.9	6.2	7.6	8.46
CAF217	11/25/2011	0.226	0.176	0.435	0.359	0.422	4.18	5.08	6.3	7.57	8.36
CAF217	11/26/2011	0.225	0.176	0.431	0.36	0.422	3.48	4.98	6.31	7.5	8.3
CAF217	11/27/2011	0.222	0.175	0.43	0.361	0.422	3.08	4.76	6.3	7.5	8.21
CAF217	11/28/2011	0.222	0.173	0.43	0.36	0.422	3.47	4.7	6.21	7.43	8.17
CAF217	11/29/2011	0.223	0.173	0.428	0.361	0.422	3.45	4.7	6.11	7.37	8.1
CAF217	11/30/2011	0.223	0.172	0.428	0.361	0.422	3.53	4.7	6.1	7.3	8.02
CAF217	12/01/2011	0.223	0.172	0.425	0.361	0.421	3.13	4.63	6.05	7.23	7.98
CAF217	12/02/2011	0.221	0.172	0.424	0.361	0.421	2.72	4.37	5.98	7.19	7.9
CAF217	12/03/2011	0.219	0.171	0.423	0.361	0.421	2.43	4.15	5.87	7.1	7.83
CAF217	12/04/2011	0.216	0.17	0.422	0.361	0.421	2.13	3.95	5.75	7.02	7.78
CAF217	12/05/2011	0.213	0.17	0.422	0.361	0.421	1.92	3.76	5.62	6.93	7.7
CAF217	12/06/2011	0.211	0.17	0.422	0.361	0.421	1.75	3.58	5.47	6.83	7.6
CAF217	12/07/2011	0.209	0.169	0.421	0.36	0.421	1.63	3.44	5.34	6.72	7.52
CAF217	12/08/2011	0.207	0.168	0.421	0.36	0.421	1.48	3.28	5.22	6.61	7.43
CAF217	12/09/2011	0.205	0.168	0.421	0.36	0.421	1.3	3.11	5.07	6.51	7.35
CAF217	12/10/2011	0.204	0.168	0.42	0.359	0.421	1.2	2.97	4.97	6.38	7.25
CAF217	12/11/2011	0.202	0.167	0.42	0.359	0.421	1.11	2.88	4.85	6.28	7.15
CAF217	12/12/2011	0.201	0.167	0.419	0.359	0.42	1.02	2.79	4.72	6.18	7.06
CAF217	12/13/2011	0.2	0.167	0.418	0.359	0.42	0.99	2.7	4.63	6.08	6.98
CAF217	12/14/2011	0.199	0.166	0.418	0.359	0.42	0.9	2.61	4.54	5.98	6.89
CAF217	12/15/2011	0.197	0.165	0.418	0.359	0.42	0.9	2.57	4.45	5.9	6.8
CAF217	12/16/2011	0.196	0.165	0.417	0.359	0.42	0.9	2.5	4.38	5.8	6.7
CAF217	12/17/2011	0.196	0.165	0.417	0.359	0.42	0.92	2.5	4.3	5.72	6.63
CAF217	12/18/2011	0.196	0.164	0.417	0.359	0.42	1	2.5	4.22	5.64	6.55
CAF217	12/19/2011	0.197	0.163	0.416	0.359	0.42	1	2.45	4.18	5.58	6.49
CAF217	12/20/2011	0.197	0.163	0.416	0.358	0.42	1	2.4	4.11	5.5	6.4
CAF217	12/21/2011	0.197	0.163	0.416	0.358	0.42	1	2.4	4.1	5.44	6.33
CAF217	12/22/2011	0.196	0.164	0.416	0.358	0.42	0.93	2.4	4.03	5.4	6.28
CAF217	12/23/2011	0.195	0.164	0.416	0.358	0.42	0.75	2.3	4	5.32	6.2
CAF217	12/24/2011	0.194	0.163	0.416	0.358	0.42	0.62	2.17	3.91	5.29	6.15
CAF217	12/25/2011	0.193	0.163	0.416	0.358	0.42	0.6	2.1	3.86	5.2	6.1
CAF217	12/26/2011	0.193	0.162	0.415	0.358	0.419	0.67	2.09	3.8	5.16	6.01
CAF217	12/27/2011	0.192	0.162	0.415	0.358	0.419	0.7	2	3.73	5.1	5.98
CAF217	12/28/2011	0.188	0.162	0.416	0.358	0.419	0.7	1.99	3.69	5.04	5.9
CAF217	12/29/2011	0.208	0.181	0.431	0.358	0.42	0.72	1.95	3.6	5	5.85
CAF217	12/30/2011	0.244	0.209	0.455	0.365	0.42	0.74	1.8	3.44	4.9	5.8
CAF217	12/31/2011	0.235	0.202	0.448	0.392	0.418	1.05	1.97	3.4	4.8	5.72
CAF217	01/01/2012	0.23	0.195	0.443	0.392	0.418	1.21	2.11	3.49	4.8	5.67
CAF217	01/02/2012	0.228	0.192	0.441	0.391	0.418	1.3	2.2	3.5	4.71	5.6
CAF217	01/03/2012	0.229	0.19	0.44	0.39	0.418	1.39	2.27	3.5	4.7	5.58
CAF217	01/04/2012	0.231	0.189	0.438	0.388	0.418	1.49	2.37	3.51	4.7	5.5
CAF217	01/05/2012	0.232	0.19	0.437	0.388	0.418	2.27	2.58	3.56	4.7	5.5
CAF217	01/06/2012	0.23	0.189	0.435	0.387	0.418	2.18	2.8	3.64	4.7	5.5
CAF217	01/07/2012	0.227	0.188	0.435	0.386	0.418	1.82	2.75	3.7	4.7	5.41
CAF217	01/08/2012	0.227	0.187	0.433	0.385	0.418	1.7	2.66	3.7	4.7	5.4
CAF217	01/09/2012	0.226	0.186	0.433	0.385	0.419	1.7	2.6	3.7	4.7	5.4
CAF217	01/10/2012	0.225	0.186	0.433	0.383	0.419	1.78	2.6	3.7	4.7	5.4
CAF217	01/11/2012	0.227	0.185	0.432	0.383	0.418	1.74	2.6	3.7	4.7	5.4
CAF217	01/12/2012	0.222	0.184	0.43	0.383	0.418	1.55	2.57	3.7	4.7	5.4
CAF217	01/13/2012	0.216	0.184	0.429	0.382	0.418	1.44	2.5	3.65	4.7	5.36
CAF217	01/14/2012	0.213	0.183	0.429	0.382	0.418	1.34	2.4	3.6	4.69	5.3
CAF217	01/15/2012	0.211	0.182	0.429	0.381	0.418	1.3	2.36	3.58	4.6	5.3
CAF217	01/16/2012	0.21	0.181	0.429	0.381	0.418	1.23	2.3	3.5	4.6	5.3
CAF217	01/17/2012	0.21	0.18	0.428	0.38	0.418	1.2	2.22	3.49	4.57	5.24
CAF217	01/18/2012	0.209	0.179	0.428	0.379	0.418	1.2	2.2	3.44	4.5	5.2
CAF217	01/19/2012	0.207	0.18	0.429	0.378	0.419	1.2	2.2	3.4	4.5	5.2
CAF217	01/20/2012	0.205	0.183	0.429	0.377	0.419	1.2	2.14	3.4	4.47	5.14
CAF217	01/21/2012	0.208	0.201	0.448	0.392	0.42	1.17	1.99	3.26	4.4	5.1
CAF217	01/22/2012	0.209	0.198	0.449	0.401	0.42	1.1	1.98	3.2	4.3	5.1
CAF217	01/23/2012	0.212	0.194	0.447	0.399	0.42	1.1	2	3.2	4.3	5
CAF217	01/24/2012	0.213	0.192	0.445	0.397	0.42	1.1	2	3.2	4.3	5
CAF217	01/25/2012	0.22	0.217	0.455	0.407	0.421	1.1	1.9	3.12	4.23	4.98
CAF217	01/26/2012	0.237	0.216	0.459	0.414	0.425	1.1	1.84	2.98	4.15	4.9
CAF217	01/27/2012	0.236	0.207	0.452	0.413	0.436	1.1	1.83	2.99	4.1	4.88
CAF217	01/28/2012	0.23	0.199	0.448	0.409	0.436	1.1	1.9	3	4.1	4.8
CAF217	01/29/2012	0.226	0.196	0.447	0.405	0.435	1.1	1.9	3	4.1	4.8
CAF217	01/30/2012	0.244	0.201	0.461	0.414	0.439	1.06	1.79	2.9	4.03	4.78
CAF217	01/31/2012	0.24	0.22	0.454	0.414	0.442	1.03	1.8	2.85	3.9	4.7
CAF217	02/01/2012	0.239	0.214	0.452	0.411	0.442	1.08	1.8	2.9	3.9	4.7
CAF217	02/02/2012	0.242	0.221	0.454	0.412	0.441	1.08	1.8	2.9	3.9	4.63
CAF217	02/03/2012	0.238	0.21	0.45	0.412	0.441	1.1	1.84	2.9	3.9	4.6
CAF217	02/04/2012	0.235	0.203	0.448	0.41	0.441	1.1	1.9	2.9	3.9	4.6
CAF217	02/05/2012	0.233	0.2	0.447	0.409	0.44	1.1	1.9	2.9	3.9	4.57
CAF217	02/06/2012	0.231	0.198	0.446	0.407	0.44	1.1	1.9	2.9	3.9	4.5
CAF217	02/07/2012	0.229	0.197	0.444	0.406	0.439	1.1	1.9	2.9	3.9	4.5
CAF217	02/08/2012	0.229	0.196	0.443	0.405	0.439	1.1	1.9	2.9	3.8	4.5
CAF217	02/09/2012	0.228	0.195	0.444	0.403	0.438	1.1	1.9	2.9	3.8	4.5
CAF217	02/10/2012	0.23	0.195	0.444	0.402	0.437	1.12	1.9	2.88	3.8	4.41
CAF217	02/11/2012	0.234	0.196	0.444	0.401	0.437	1.35	2.04	2.9	3.8	4.4
CAF217	02/12/2012	0.239	0.202	0.443	0.4	0.437	1.68	2.17	2.9	3.8	4.4
CAF217	02/13/2012	0.239	0.203	0.443	0.4	0.436	1.97	2.39	2.95	3.8	4.4
CAF217	02/14/2012	0.237	0.201	0.444	0.399	0.436	1.96	2.49	3	3.8	4.4
CAF217	02/15/2012	0.237	0.2	0.445	0.4	0.435	1.89	2.48	3.06	3.8	4.4
CAF217	02/16/2012	0.236	0.199	0.444	0.401	0.435	1.81	2.43	3.1	3.9	4.4
CAF217	02/17/2012	0.234	0.198	0.444	0.4	0.435	1.68	2.38	3.1	3.9	4.4
CAF217	02/18/2012	0.235	0.198	0.445	0.399	0.435	1.97	2.41	3.1	3.9	4.4
CAF217	02/19/2012	0.234	0.197	0.445	0.399	0.435	1.87	2.49	3.1	3.9	4.4
CAF217	02/20/2012	0.233	0.197	0.444	0.399	0.434	1.75	2.4	3.1	3.9	4.4
CAF217	02/21/2012	0.243	0.228	0.447	0.398	0.435	1.75	2.31	3.09	3.9	4.4
CAF217	02/22/2012	0.245	0.218	0.453	0.4	0.434	3	2.56	3.08	3.9	4.4
CAF217	02/23/2012	0.241	0.208	0.451	0.404	0.434	2.68	2.87	3.14	3.9	4.4
CAF217	02/24/2012	0.239	0.204	0.449	0.405	0.434	2.18	2.77	3.2	3.9	4.4
CAF217	02/25/2012	0.236	0.201	0.449	0.405	0.434	2.2	2.7	3.22	3.9	4.4
CAF217	02/26/2012	0.236	0.2	0.448	0.405	0.434	1.9	2.64	3.23	3.9	4.4
CAF217	02/27/2012	0.234	0.198	0.447	0.404	0.434	1.72	2.52	3.21	3.9	4.4
CAF217	02/28/2012	0.235	0.198	0.446	0.404	0.434	1.62	2.43	3.2	3.9	4.4
CAF217	02/29/2012	0.234	0.197	0.446	0.404	0.434	1.54	2.36	3.14	3.9	4.4
CAF217	03/01/2012	0.233	0.196	0.446	0.403	0.434	1.5	2.27	3.1	3.9	4.4
CAF217	03/02/2012	0.232	0.195	0.445	0.402	0.434	1.5	2.2	3.09	3.9	4.35
CAF217	03/03/2012	0.23	0.195	0.446	0.402	0.434	1.49	2.18	3	3.85	4.3
CAF217	03/04/2012	0.237	0.2	0.445	0.402	0.434	1.78	2.12	3	3.8	4.3
CAF217	03/05/2012	0.238	0.202	0.446	0.401	0.434	2.84	2.53	3	3.8	4.3
CAF217	03/06/2012	0.243	0.203	0.445	0.402	0.434	2.64	2.8	3.05	3.8	4.3
CAF217	03/07/2012	0.24	0.202	0.445	0.402	0.434	1.94	2.69	3.15	3.8	4.3
CAF217	03/08/2012	0.237	0.2	0.446	0.402	0.434	1.73	2.53	3.18	3.8	4.3
CAF217	03/09/2012	0.237	0.198	0.446	0.402	0.434	2.12	2.52	3.11	3.82	4.3
CAF217	03/10/2012	0.238	0.198	0.446	0.403	0.434	3.13	2.86	3.13	3.8	4.3
CAF217	03/11/2012	0.235	0.198	0.446	0.402	0.434	3.55	3.21	3.24	3.88	4.3
CAF217	03/12/2012	0.235	0.198	0.446	0.402	0.434	2.98	3.33	3.36	3.9	4.3
CAF217	03/13/2012	0.237	0.198	0.447	0.401	0.434	2.83	3.12	3.4	3.96	4.3
CAF217	03/14/2012	0.24	0.2	0.446	0.402	0.434	2.67	3.08	3.44	4	4.3
CAF217	03/15/2012	0.242	0.204	0.446	0.401	0.435	3.13	3.11	3.45	4	4.3
CAF217	03/16/2012	0.25	0.231	0.453	0.402	0.435	3.93	3.46	3.48	4	4.35
CAF217	03/17/2012	0.244	0.217	0.455	0.411	0.435	4.02	3.71	3.56	4.04	4.4
CAF217	03/18/2012	0.242	0.207	0.452	0.413	0.438	3.48	3.76	3.67	4.1	4.4
CAF217	03/19/2012	0.24	0.203	0.45	0.413	0.441	2.86	3.54	3.71	4.15	4.4
CAF217	03/20/2012	0.237	0.202	0.45	0.411	0.442	2.51	3.32	3.7	4.2	4.4
CAF217	03/21/2012	0.244	0.21	0.448	0.41	0.443	2.29	3.07	3.68	4.2	4.49
CAF217	03/22/2012	0.254	0.241	0.46	0.415	0.444	2.05	2.82	3.55	4.2	4.5
CAF217	03/23/2012	0.252	0.242	0.458	0.417	0.448	1.91	2.67	3.44	4.1	4.45
CAF217	03/24/2012	0.246	0.238	0.458	0.417	0.448	2.1	2.6	3.33	4.06	4.4
CAF217	03/25/2012	0.244	0.224	0.455	0.415	0.448	3.29	2.84	3.3	4	4.4
CAF217	03/26/2012	0.257	0.251	0.459	0.416	0.448	4.42	3.54	3.34	4	4.39
CAF217	03/27/2012	0.246	0.23	0.457	0.417	0.449	4.14	3.8	3.52	4	4.3
CAF217	03/28/2012	0.248	0.238	0.454	0.414	0.448	4.83	4.02	3.67	4.07	4.3
CAF217	03/29/2012	0.246	0.23	0.454	0.413	0.448	5.05	4.33	3.84	4.14	4.39
CAF217	03/30/2012	0.262	0.257	0.46	0.417	0.449	5.41	4.64	3.99	4.22	4.4
CAF217	03/31/2012	0.251	0.242	0.458	0.417	0.449	5.43	4.86	4.16	4.33	4.42
CAF217	04/01/2012	0.251	0.244	0.456	0.415	0.449	5.11	4.93	4.32	4.43	4.5
CAF217	04/02/2012	0.248	0.23	0.455	0.415	0.449	4.41	4.69	4.4	4.52	4.56
CAF217	04/03/2012	0.246	0.216	0.454	0.414	0.448	4.8	4.65	4.4	4.6	4.6
CAF217	04/04/2012	0.243	0.212	0.451	0.413	0.448	4.81	4.75	4.42	4.65	4.7
CAF217	04/05/2012	0.241	0.227	0.456	0.412	0.448	3.77	4.37	4.48	4.7	4.7
CAF217	04/06/2012	0.243	0.244	0.458	0.415	0.448	3.47	4.02	4.4	4.7	4.78
CAF217	04/07/2012	0.245	0.245	0.456	0.415	0.448	3.27	3.83	4.31	4.7	4.8
CAF217	04/08/2012	0.245	0.223	0.454	0.414	0.448	4.2	3.98	4.2	4.7	4.8
CAF217	04/09/2012	0.245	0.214	0.452	0.413	0.448	5.19	4.38	4.23	4.7	4.8
CAF217	04/10/2012	0.245	0.21	0.451	0.413	0.448	6.2	4.85	4.3	4.7	4.8
CAF217	04/11/2012	NA	NA	NA	NA	NA	NA	NA	NA	NA	NA
CAF217	11/03/2012	0.174	0.112	0.267	0.258	0.382	9.27	9.72	10.1	10.8	11
CAF217	11/04/2012	0.174	0.113	0.267	0.258	0.382	9.37	9.7	10.1	10.73	10.92
CAF217	11/05/2012	0.175	0.113	0.266	0.258	0.382	9.78	9.78	10.1	10.7	10.9
CAF217	11/06/2012	0.175	0.114	0.266	0.258	0.382	10.14	9.97	10.1	10.7	10.85
CAF217	11/07/2012	0.174	0.114	0.266	0.258	0.382	10.09	10.17	10.15	10.7	10.8
CAF217	11/08/2012	0.173	0.114	0.266	0.259	0.382	8.25	9.88	10.2	10.7	10.8
CAF217	11/09/2012	0.172	0.113	0.265	0.259	0.382	6.73	9.03	10.07	10.7	10.8
CAF217	11/10/2012	0.173	0.114	0.266	0.258	0.382	5.72	8.28	9.77	10.59	10.71
CAF217	11/11/2012	0.173	0.113	0.266	0.258	0.382	4.8	7.54	9.43	10.45	10.68
CAF217	11/12/2012	0.173	0.112	0.264	0.258	0.382	4.15	6.87	9.05	10.25	10.58
CAF217	11/13/2012	0.189	0.109	0.261	0.258	0.382	3.76	6.33	8.65	10.03	10.46
CAF217	11/14/2012	0.209	0.112	0.258	0.258	0.382	3.76	5.79	8.29	9.79	10.34
CAF217	11/15/2012	0.204	0.112	0.258	0.257	0.381	4.4	5.73	7.95	9.55	10.17
CAF217	11/16/2012	0.202	0.113	0.258	0.256	0.381	4.72	5.87	7.76	9.33	10.02
CAF217	11/17/2012	0.201	0.115	0.258	0.256	0.381	5.1	6	7.65	9.15	9.86
CAF217	11/18/2012	0.202	0.116	0.257	0.256	0.381	5.31	6.17	7.6	9.03	9.73
CAF217	11/19/2012	0.215	0.115	0.257	0.256	0.381	5.02	6.16	7.58	8.92	9.6
CAF217	11/20/2012	0.22	0.125	0.257	0.256	0.381	5.7	6.16	7.5	8.83	9.5
CAF217	11/21/2012	0.217	0.144	0.256	0.256	0.381	6.22	6.43	7.48	8.75	9.4
CAF217	11/22/2012	0.21	0.151	0.257	0.255	0.381	5.26	6.51	7.5	8.7	9.3
CAF217	11/23/2012	0.208	0.153	0.257	0.255	0.381	4.49	6.17	7.45	8.65	9.22
CAF217	11/24/2012	0.214	0.153	0.256	0.255	0.381	4.82	5.86	7.3	8.58	9.16
CAF217	11/25/2012	0.212	0.158	0.256	0.255	0.38	4.92	5.9	7.15	8.48	9.09
CAF217	11/26/2012	0.209	0.16	0.258	0.255	0.38	4.25	5.75	7.07	8.39	9
CAF217	11/27/2012	0.206	0.16	0.258	0.255	0.381	3.58	5.42	6.94	8.28	8.91
CAF217	11/28/2012	0.206	0.159	0.257	0.254	0.381	3.42	5.1	6.76	8.17	8.83
CAF217	11/29/2012	0.206	0.159	0.256	0.254	0.38	3.94	5	6.56	8.04	8.74
CAF217	11/30/2012	0.209	0.157	0.256	0.254	0.38	4.88	5.15	6.44	7.92	8.64
CAF217	12/01/2012	0.211	0.158	0.256	0.254	0.38	5.46	5.5	6.42	7.81	8.53
CAF217	12/02/2012	0.222	0.16	0.259	0.254	0.38	5.46	5.73	6.5	7.76	8.45
CAF217	12/03/2012	0.215	0.163	0.273	0.254	0.381	5.12	5.79	6.51	7.7	8.4
CAF217	12/04/2012	0.217	0.161	0.317	0.254	0.381	5.09	5.74	6.54	7.7	8.31
CAF217	12/05/2012	0.218	0.163	0.354	0.254	0.381	5.45	5.77	6.5	7.7	8.3
CAF217	12/06/2012	0.214	0.163	0.374	0.254	0.381	4.69	5.81	6.52	7.62	8.22
CAF217	12/07/2012	0.217	0.162	0.382	0.254	0.381	3.97	5.47	6.5	7.6	8.2
CAF217	12/08/2012	0.216	0.166	0.395	0.254	0.381	3.53	5.1	6.37	7.56	8.15
CAF217	12/09/2012	0.211	0.166	0.397	0.254	0.381	3.1	4.83	6.21	7.46	8.1
CAF217	12/10/2012	0.209	0.162	0.396	0.254	0.381	2.83	4.59	6.04	7.34	8.02
CAF217	12/11/2012	0.208	0.163	0.394	0.254	0.381	2.69	4.33	5.86	7.22	7.94
CAF217	12/12/2012	0.215	0.16	0.394	0.254	0.381	2.56	4.14	5.7	7.08	7.85
CAF217	12/13/2012	0.218	0.166	0.393	0.254	0.381	2.45	3.96	5.55	6.96	7.76
CAF217	12/14/2012	0.214	0.167	0.395	0.253	0.38	2.4	3.84	5.35	6.83	7.66
CAF217	12/15/2012	0.211	0.166	0.396	0.253	0.38	2.39	3.74	5.24	6.7	7.55
CAF217	12/16/2012	0.21	0.166	0.396	0.253	0.38	2.3	3.67	5.12	6.57	7.45
CAF217	12/17/2012	0.211	0.163	0.396	0.253	0.38	2.28	3.58	5.02	6.46	7.35
CAF217	12/18/2012	0.211	0.166	0.4	0.252	0.38	2.17	3.5	4.91	6.34	7.25
CAF217	12/19/2012	0.209	0.166	0.399	0.252	0.379	2.06	3.4	4.8	6.23	7.15
CAF217	12/20/2012	0.207	0.166	0.398	0.252	0.379	1.96	3.34	4.72	6.13	7.05
CAF217	12/21/2012	0.206	0.166	0.397	0.252	0.379	1.9	3.25	4.65	6.04	6.96
CAF217	12/22/2012	0.206	0.165	0.395	0.252	0.379	1.9	3.19	4.57	5.95	6.88
CAF217	12/23/2012	0.207	0.164	0.395	0.252	0.378	1.9	3.1	4.5	5.87	6.8
CAF217	12/24/2012	0.208	0.162	0.394	0.252	0.378	1.9	3.07	4.43	5.79	6.7
CAF217	12/25/2012	0.208	0.162	0.394	0.252	0.378	1.9	3	4.39	5.7	6.62
CAF217	12/26/2012	0.208	0.162	0.393	0.253	0.378	1.9	3	4.3	5.61	6.55
CAF217	12/27/2012	0.209	0.162	0.393	0.253	0.378	1.83	2.97	4.26	5.56	6.5
CAF217	12/28/2012	0.209	0.162	0.392	0.254	0.378	1.8	2.9	4.2	5.5	6.4
CAF217	12/29/2012	0.209	0.162	0.391	0.255	0.378	1.8	2.9	4.16	5.42	6.35
CAF217	12/30/2012	0.209	0.162	0.391	0.256	0.378	1.8	2.9	4.1	5.39	6.3
CAF217	12/31/2012	0.208	0.162	0.391	0.257	0.378	1.8	2.86	4.09	5.3	6.2
CAF217	01/01/2013	0.208	0.162	0.391	0.258	0.378	1.8	2.8	4.01	5.28	6.17
CAF217	01/02/2013	0.207	0.162	0.391	0.26	0.378	1.8	2.8	4	5.2	6.1
CAF217	01/03/2013	0.207	0.163	0.39	0.262	0.377	1.8	2.8	3.96	5.2	6.05
CAF217	01/04/2013	0.206	0.163	0.39	0.264	0.378	1.8	2.79	3.9	5.1	6
CAF217	01/05/2013	0.206	0.163	0.39	0.267	0.377	1.8	2.7	3.89	5.1	5.95
CAF217	01/06/2013	0.205	0.163	0.39	0.27	0.377	1.73	2.7	3.84	5.03	5.9
CAF217	01/07/2013	0.204	0.161	0.391	0.273	0.377	1.7	2.7	3.8	5	5.84
CAF217	01/08/2013	0.205	0.157	0.392	0.276	0.377	1.7	2.68	3.8	4.98	5.8
CAF217	01/09/2013	0.219	0.164	0.396	0.281	0.377	1.65	2.57	3.73	4.9	5.75
CAF217	01/10/2013	0.217	0.171	0.407	0.317	0.377	1.57	2.5	3.6	4.82	5.7
CAF217	01/11/2013	0.212	0.169	0.404	0.366	0.377	1.6	2.5	3.6	4.75	5.64
CAF217	01/12/2013	0.21	0.168	0.403	0.375	0.377	1.56	2.5	3.54	4.7	5.59
CAF217	01/13/2013	0.208	0.168	0.402	0.377	0.377	1.5	2.48	3.51	4.7	5.5
CAF217	01/14/2013	0.207	0.167	0.401	0.378	0.377	1.5	2.4	3.5	4.6	5.48
CAF217	01/15/2013	0.206	0.167	0.4	0.378	0.377	1.5	2.4	3.5	4.6	5.4
CAF217	01/16/2013	0.204	0.167	0.4	0.378	0.377	1.5	2.4	3.47	4.6	5.4
CAF217	01/17/2013	0.203	0.167	0.4	0.378	0.377	1.4	2.4	3.4	4.5	5.3
CAF217	01/18/2013	0.201	0.166	0.399	0.378	0.377	1.4	2.34	3.4	4.5	5.3
CAF217	01/19/2013	0.2	0.166	0.398	0.378	0.377	1.31	2.3	3.39	4.5	5.23
CAF217	01/20/2013	0.198	0.166	0.398	0.377	0.377	1.3	2.27	3.32	4.4	5.2
CAF217	01/21/2013	0.197	0.166	0.398	0.377	0.377	1.21	2.2	3.3	4.4	5.19
CAF217	01/22/2013	0.195	0.165	0.398	0.377	0.377	1.13	2.16	3.29	4.4	5.1
CAF217	01/23/2013	0.194	0.165	0.397	0.377	0.377	1.03	2.1	3.21	4.3	5.1
CAF217	01/24/2013	0.193	0.165	0.397	0.377	0.377	1	2.05	3.2	4.3	5.05
CAF217	01/25/2013	0.193	0.163	0.395	0.377	0.377	1	2	3.14	4.25	5
CAF217	01/26/2013	0.21	0.173	0.399	0.376	0.377	1	1.93	3.1	4.2	5
CAF217	01/27/2013	0.213	0.172	0.402	0.378	0.377	1	1.9	3.03	4.17	4.9
CAF217	01/28/2013	0.212	0.171	0.401	0.38	0.377	1	1.9	3	4.1	4.9
CAF217	01/29/2013	0.211	0.169	0.401	0.381	0.377	1	1.9	3	4.1	4.84
CAF217	01/30/2013	0.219	0.177	0.411	0.391	0.378	1	1.83	2.9	4.03	4.8
CAF217	01/31/2013	0.222	0.176	0.409	0.402	0.378	1	1.8	2.8	3.96	4.75
CAF217	02/01/2013	0.22	0.175	0.409	0.402	0.378	1.02	1.8	2.8	3.9	4.7
CAF217	02/02/2013	0.216	0.173	0.408	0.403	0.378	1.15	1.8	2.8	3.9	4.62
CAF217	02/03/2013	0.214	0.172	0.406	0.402	0.379	1.34	1.87	2.8	3.89	4.6
CAF217	02/04/2013	0.214	0.171	0.405	0.402	0.388	1.61	1.93	2.8	3.8	4.52
CAF217	02/05/2013	0.213	0.171	0.405	0.401	0.405	2.03	2.1	2.82	3.8	4.5
CAF217	02/06/2013	0.211	0.171	0.404	0.401	0.417	2.17	2.35	2.89	3.8	4.5
CAF217	02/07/2013	0.211	0.169	0.404	0.4	0.422	2.12	2.48	2.97	3.84	4.5
CAF217	02/08/2013	0.211	0.168	0.404	0.4	0.425	2.04	2.5	3.01	3.9	4.5
CAF217	02/09/2013	0.211	0.169	0.402	0.4	0.427	1.91	2.5	3.09	3.9	4.5
CAF217	02/10/2013	0.211	0.17	0.403	0.399	0.428	1.77	2.45	3.1	3.9	4.5
CAF217	02/11/2013	0.21	0.17	0.403	0.399	0.429	1.65	2.4	3.1	3.9	4.5
CAF217	02/12/2013	0.21	0.169	0.402	0.398	0.43	1.65	2.34	3.1	3.9	4.5
CAF217	02/13/2013	0.212	0.17	0.402	0.398	0.43	2.26	2.41	3.09	3.9	4.5
CAF217	02/14/2013	0.211	0.17	0.402	0.398	0.43	2.45	2.63	3.1	3.9	4.5
CAF217	02/15/2013	0.211	0.17	0.402	0.398	0.43	2.41	2.7	3.16	3.95	4.5
CAF217	02/16/2013	0.21	0.17	0.402	0.398	0.431	2.75	2.77	3.2	4	4.5
CAF217	02/17/2013	0.209	0.17	0.402	0.397	0.431	2.8	2.9	3.26	4	4.5
CAF217	02/18/2013	0.208	0.17	0.403	0.397	0.431	2.42	2.9	3.3	4	4.5
CAF217	02/19/2013	0.207	0.169	0.402	0.397	0.431	2.06	2.82	3.36	4.09	4.5
CAF217	02/20/2013	0.208	0.169	0.402	0.397	0.431	2.15	2.7	3.31	4.1	4.5
CAF217	02/21/2013	0.207	0.169	0.402	0.397	0.432	2.15	2.7	3.3	4.1	4.5
CAF217	02/22/2013	0.207	0.167	0.402	0.397	0.432	1.83	2.65	3.3	4.1	4.5
CAF217	02/23/2013	0.212	0.17	0.401	0.397	0.433	1.7	2.53	3.29	4.1	4.5
CAF217	02/24/2013	0.215	0.171	0.401	0.397	0.433	1.6	2.43	3.21	4.09	4.5
CAF217	02/25/2013	0.219	0.172	0.401	0.396	0.433	1.52	2.38	3.19	4	4.5
CAF217	02/26/2013	0.217	0.173	0.403	0.397	0.433	1.5	2.3	3.12	4	4.5
CAF217	02/27/2013	0.213	0.173	0.405	0.398	0.433	1.55	2.22	3.1	4	4.5
CAF217	02/28/2013	0.218	0.169	0.405	0.399	0.433	1.85	2.27	3.04	3.91	4.42
CAF217	03/01/2013	0.222	0.174	0.406	0.401	0.434	2.52	2.43	3	3.9	4.4
CAF217	03/02/2013	0.217	0.174	0.408	0.403	0.436	3.46	2.79	3.07	3.9	4.4
CAF217	03/03/2013	0.215	0.173	0.407	0.404	0.439	3.65	3.2	3.19	3.9	4.4
CAF217	03/04/2013	0.212	0.173	0.407	0.403	0.44	2.83	3.23	3.34	3.94	4.4
CAF217	03/05/2013	0.21	0.173	0.406	0.403	0.441	2.4	3.05	3.4	4	4.4
CAF217	03/06/2013	0.209	0.171	0.405	0.402	0.441	2.5	2.91	3.4	4	4.4
CAF217	03/07/2013	0.21	0.17	0.404	0.402	0.441	3	2.98	3.4	4.04	4.4
CAF217	03/08/2013	0.211	0.171	0.404	0.402	0.441	3.18	3.17	3.4	4.1	4.4
CAF217	03/09/2013	0.21	0.171	0.404	0.401	0.441	3.05	3.2	3.46	4.1	4.4
CAF217	03/10/2013	0.209	0.171	0.404	0.401	0.441	3.01	3.24	3.5	4.1	4.45
CAF217	03/11/2013	0.209	0.171	0.403	0.401	0.441	3.22	3.28	3.51	4.1	4.5
CAF217	03/12/2013	0.209	0.17	0.403	0.4	0.441	3.75	3.45	3.6	4.17	4.5
CAF217	03/13/2013	0.209	0.17	0.403	0.4	0.441	4.68	3.72	3.64	4.2	4.5
CAF217	03/14/2013	0.209	0.171	0.403	0.4	0.44	5.52	4.21	3.76	4.21	4.5
CAF217	03/15/2013	0.209	0.171	0.403	0.399	0.44	5.84	4.67	3.98	4.31	4.52
CAF217	03/16/2013	0.207	0.171	0.403	0.399	0.44	5.72	4.93	4.19	4.42	4.6
CAF217	03/17/2013	0.205	0.17	0.403	0.398	0.44	4.81	4.92	4.35	4.54	4.65
CAF217	03/18/2013	0.204	0.17	0.403	0.398	0.44	3.79	4.53	4.42	4.65	4.7
CAF217	03/19/2013	0.203	0.17	0.403	0.398	0.44	3.3	4.17	4.4	4.7	4.8
CAF217	03/20/2013	0.203	0.168	0.401	0.398	0.44	3.81	4	4.32	4.7	4.8
CAF217	03/21/2013	0.204	0.169	0.402	0.398	0.44	3.8	4.07	4.29	4.7	4.9
CAF217	03/22/2013	0.204	0.169	0.402	0.397	0.439	3.2	3.92	4.25	4.7	4.9
CAF217	03/23/2013	0.204	0.168	0.402	0.397	0.439	2.93	3.71	4.2	4.7	4.9
CAF217	03/24/2013	0.204	0.168	0.402	0.397	0.439	2.96	3.6	4.12	4.7	4.9
CAF217	03/25/2013	0.204	0.168	0.402	0.397	0.439	2.99	3.55	4.07	4.7	4.9
CAF217	03/26/2013	0.204	0.168	0.402	0.396	0.439	3.75	3.6	4.01	4.63	4.9
CAF217	03/27/2013	0.204	0.168	0.401	0.396	0.439	4.89	3.93	4.01	4.6	4.9
CAF217	03/28/2013	0.204	0.168	0.401	0.396	0.439	5.76	4.45	4.12	4.6	4.9
CAF217	03/29/2013	0.204	0.169	0.401	0.396	0.439	6.37	4.95	4.3	4.68	4.9
CAF217	03/30/2013	0.203	0.169	0.402	0.396	0.438	6.64	5.28	4.51	4.75	4.9
CAF217	03/31/2013	0.202	0.169	0.402	0.395	0.438	7.09	5.63	4.72	4.86	4.93
CAF217	04/01/2013	0.202	0.169	0.402	0.395	0.437	7.68	6	4.94	5	5
CAF217	04/02/2013	0.201	0.169	0.402	0.395	0.437	7.86	6.34	5.15	5.13	5.08
CAF217	04/03/2013	0.2	0.169	0.402	0.395	0.437	7.97	6.55	5.37	5.25	5.15
CAF217	04/04/2013	0.198	0.169	0.401	0.395	0.437	8.16	6.75	5.55	5.4	5.25
CAF217	04/05/2013	0.198	0.168	0.4	0.395	0.437	8	6.9	5.73	5.54	5.35
CAF217	04/06/2013	0.201	0.167	0.4	0.395	0.437	7.99	6.98	5.87	5.66	5.45
CAF217	04/07/2013	0.214	0.166	0.4	0.394	0.437	7.51	6.98	6	5.79	5.54
CAF217	04/08/2013	0.222	0.167	0.4	0.395	0.437	6.97	6.83	6.08	5.9	5.64
CAF217	04/09/2013	0.22	0.168	0.4	0.394	0.437	6.76	6.63	6.1	6	5.72
CAF217	04/10/2013	0.22	0.168	0.4	0.394	0.437	7.04	6.58	6.1	6.02	5.8
CAF217	04/11/2013	0.218	0.168	0.4	0.394	0.437	6.69	6.57	6.1	6.1	5.87
CAF217	04/12/2013	0.217	0.167	0.4	0.393	0.437	6.35	6.45	6.1	6.1	5.9
CAF217	04/13/2013	0.222	0.167	0.399	0.393	0.437	6.4	6.38	6.07	6.1	5.96
CAF217	04/14/2013	0.221	0.168	0.398	0.393	0.437	5.8	6.21	6.02	6.11	6
CAF217	04/15/2013	0.22	0.168	0.399	0.393	0.437	5.68	6.03	5.99	6.16	6
CAF217	04/16/2013	0.219	0.168	0.4	0.393	0.437	5.44	5.85	5.9	6.1	6
CAF217	04/17/2013	0.218	0.168	0.4	0.393	0.436	5.34	5.65	5.83	6.1	6.01
CAF217	04/18/2013	0.217	0.169	0.4	0.393	0.436	5.54	5.59	5.75	6.1	6.02
CAF217	04/19/2013	0.217	0.168	0.399	0.392	0.436	5.81	5.61	5.7	6.05	6
CAF217	04/20/2013	0.222	0.169	0.398	0.392	0.436	6.27	5.82	5.7	6	6
CAF217	04/21/2013	0.222	0.17	0.398	0.392	0.436	6.46	6	5.71	6	6
CAF217	04/22/2013	0.221	0.17	0.398	0.391	0.436	6.4	6.1	5.8	6	6
CAF217	04/23/2013	0.221	0.171	0.398	0.391	0.436	6.52	6.14	5.81	6.09	6
CAF217	04/24/2013	0.219	0.172	0.399	0.391	0.436	6.78	6.2	5.9	6.1	6.05
CAF217	04/25/2013	0.218	0.173	0.399	0.391	0.436	7.48	6.43	5.93	6.1	6.1
CAF217	04/26/2013	0.217	0.173	0.4	0.391	0.436	8.35	6.78	6.03	6.15	6.1
CAF217	04/27/2013	0.214	0.173	0.4	0.391	0.436	8.92	7.24	6.19	6.2	6.1
CAF217	04/28/2013	0.211	0.174	0.4	0.391	0.436	8.79	7.55	6.4	6.31	6.17
CAF217	04/29/2013	0.208	0.173	0.4	0.391	0.436	8.69	7.68	6.56	6.43	6.2
CAF217	04/30/2013	0.206	0.174	0.401	0.391	0.435	7.47	7.57	6.7	6.55	6.3
CAF217	05/01/2013	0.204	0.174	0.402	0.391	0.435	6.99	7.16	6.71	6.62	6.36
CAF217	05/02/2013	0.203	0.174	0.402	0.39	0.435	7.45	7.07	6.7	6.7	6.4
CAF217	05/03/2013	NA	NA	NA	NA	NA	NA	NA	NA	NA	NA
CAF217	08/26/2013	0.143	0.115	0.286	0.267	0.335	19.29	18.01	16.3	15.4	14.2
CAF217	08/27/2013	0.143	0.115	0.286	0.266	0.335	18.97	17.92	16.3	15.4	14.21
CAF217	08/28/2013	0.146	0.116	0.287	0.266	0.336	19.18	17.85	16.2	15.4	14.3
CAF217	08/29/2013	0.148	0.118	0.288	0.265	0.336	19.29	17.87	16.2	15.4	14.3
CAF217	08/30/2013	0.147	0.118	0.288	0.265	0.337	19.15	17.85	16.2	15.4	14.3
CAF217	08/31/2013	0.147	0.118	0.288	0.265	0.337	19.09	17.78	16.2	15.4	14.3
CAF217	09/01/2013	0.148	0.118	0.288	0.265	0.337	19.39	17.81	16.2	15.4	14.3
CAF217	09/02/2013	0.148	0.118	0.288	0.265	0.338	19.45	17.89	16.2	15.4	14.33
CAF217	09/03/2013	0.147	0.118	0.287	0.265	0.338	19.08	17.85	16.21	15.4	14.4
CAF217	09/04/2013	0.147	0.118	0.288	0.265	0.338	19.07	17.76	16.2	15.42	14.4
CAF217	09/05/2013	0.147	0.118	0.288	0.265	0.338	19.27	17.78	16.2	15.5	14.4
CAF217	09/06/2013	0.147	0.118	0.288	0.265	0.339	18.71	17.72	16.2	15.5	14.4
CAF217	09/07/2013	0.146	0.118	0.288	0.265	0.339	17.98	17.41	16.15	15.5	14.4
CAF217	09/08/2013	0.146	0.118	0.288	0.265	0.339	17.8	17.15	16.05	15.41	14.4
CAF217	09/09/2013	0.145	0.117	0.288	0.265	0.34	17.56	16.93	15.95	15.4	14.4
CAF217	09/10/2013	0.146	0.117	0.287	0.265	0.341	17.96	16.89	15.83	15.33	14.4
CAF217	09/11/2013	0.146	0.118	0.287	0.265	0.341	18.41	16.98	15.8	15.3	14.4
CAF217	09/12/2013	0.146	0.118	0.287	0.265	0.341	18.69	17.16	15.8	15.3	14.4
CAF217	09/13/2013	0.146	0.118	0.287	0.265	0.341	18.77	17.28	15.8	15.3	14.4
CAF217	09/14/2013	0.146	0.118	0.287	0.265	0.342	18.86	17.37	15.89	15.3	14.4
CAF217	09/15/2013	0.147	0.118	0.288	0.265	0.342	19.16	17.47	15.9	15.3	14.4
CAF217	09/16/2013	0.147	0.118	0.288	0.265	0.342	19.19	17.62	15.99	15.3	14.4
CAF217	09/17/2013	0.145	0.118	0.288	0.265	0.342	17.9	17.44	16.01	15.35	14.4
CAF217	09/18/2013	0.145	0.118	0.288	0.265	0.343	16.65	16.89	15.97	15.4	14.4
CAF217	09/19/2013	0.144	0.117	0.287	0.265	0.343	15.7	16.25	15.8	15.34	14.4
CAF217	09/20/2013	0.143	0.117	0.287	0.265	0.343	15.53	15.75	15.54	15.25	14.4
CAF217	09/21/2013	0.143	0.117	0.286	0.265	0.343	15.65	15.49	15.28	15.12	14.4
CAF217	09/22/2013	0.143	0.117	0.286	0.265	0.343	15.19	15.32	15.09	14.97	14.3
CAF217	09/23/2013	0.143	0.116	0.285	0.264	0.343	14.66	14.99	14.91	14.85	14.24
CAF217	09/24/2013	0.142	0.116	0.285	0.264	0.343	14.25	14.65	14.7	14.73	14.17
CAF217	09/25/2013	0.141	0.116	0.283	0.264	0.343	13.8	14.32	14.49	14.59	14.09
CAF217	09/26/2013	0.141	0.116	0.283	0.263	0.343	13.24	13.93	14.26	14.45	14
CAF217	09/27/2013	0.14	0.116	0.283	0.263	0.343	12.79	13.55	14.02	14.29	13.9
CAF217	09/28/2013	0.14	0.115	0.281	0.263	0.343	12.47	13.15	13.78	14.13	13.79
CAF217	09/29/2013	0.142	0.113	0.279	0.263	0.343	12.46	12.92	13.52	13.95	13.68
CAF217	09/30/2013	0.145	0.113	0.279	0.263	0.343	11.87	12.63	13.32	13.78	13.57
CAF217	10/01/2013	0.146	0.113	0.278	0.262	0.343	11.42	12.26	13.09	13.61	13.45
CAF217	10/02/2013	0.146	0.112	0.278	0.262	0.344	10.99	11.94	12.86	13.45	13.33
CAF217	10/03/2013	0.146	0.112	0.278	0.262	0.344	10.64	11.64	12.62	13.26	13.2
CAF217	10/04/2013	0.145	0.112	0.277	0.261	0.344	10.25	11.32	12.37	13.08	13.07
CAF217	10/05/2013	0.145	0.112	0.277	0.261	0.343	10.09	11.03	12.14	12.91	12.94
CAF217	10/06/2013	0.146	0.112	0.276	0.261	0.343	10.27	10.87	11.92	12.72	12.8
CAF217	10/07/2013	0.146	0.112	0.275	0.26	0.343	10.5	10.86	11.74	12.55	12.65
CAF217	10/08/2013	0.146	0.112	0.275	0.26	0.343	10.32	10.8	11.6	12.39	12.53
CAF217	10/09/2013	0.145	0.112	0.275	0.26	0.343	9.66	10.61	11.48	12.26	12.4
CAF217	10/10/2013	0.145	0.112	0.275	0.26	0.343	9.45	10.32	11.33	12.14	12.28
CAF217	10/11/2013	0.146	0.112	0.274	0.259	0.343	9.6	10.17	11.16	12	12.16
CAF217	10/12/2013	0.146	0.112	0.274	0.258	0.343	9.96	10.18	11.01	11.86	12.05
CAF217	10/13/2013	0.146	0.112	0.274	0.258	0.343	9.82	10.19	10.91	11.74	11.94
CAF217	10/14/2013	0.146	0.112	0.274	0.258	0.343	9.3	10.03	10.84	11.63	11.83
CAF217	10/15/2013	0.146	0.112	0.274	0.258	0.343	8.76	9.74	10.74	11.53	11.73
CAF217	10/16/2013	0.146	0.112	0.273	0.258	0.343	8.78	9.46	10.56	11.43	11.63
CAF217	10/17/2013	0.146	0.112	0.273	0.257	0.342	8.79	9.37	10.42	11.3	11.53
CAF217	10/18/2013	0.146	0.112	0.272	0.257	0.342	8.59	9.26	10.28	11.18	11.43
CAF217	10/19/2013	0.146	0.112	0.272	0.257	0.342	8.58	9.15	10.16	11.07	11.33
CAF217	10/20/2013	0.147	0.112	0.272	0.257	0.342	8.56	9.06	10.04	10.96	11.23
CAF217	10/21/2013	0.147	0.112	0.272	0.257	0.342	8.77	9	9.93	10.84	11.14
CAF217	10/22/2013	0.148	0.112	0.272	0.256	0.342	9.15	9.08	9.87	10.74	11.04
CAF217	10/23/2013	0.148	0.112	0.272	0.256	0.342	9.5	9.25	9.8	10.67	10.96
CAF217	10/24/2013	0.148	0.112	0.272	0.256	0.342	9.6	9.38	9.83	10.6	10.89
CAF217	10/25/2013	0.148	0.112	0.272	0.256	0.342	9.51	9.4	9.88	10.6	10.8
CAF217	10/26/2013	0.149	0.112	0.272	0.256	0.342	9.43	9.4	9.88	10.51	10.77
CAF217	10/27/2013	0.148	0.112	0.272	0.256	0.342	9.12	9.36	9.83	10.5	10.7
CAF217	10/28/2013	0.148	0.112	0.272	0.256	0.343	8.78	9.18	9.8	10.49	10.69
CAF217	10/29/2013	0.147	0.112	0.272	0.256	0.343	7.77	8.9	9.71	10.4	10.6
CAF217	10/30/2013	0.147	0.111	0.271	0.256	0.343	6.89	8.39	9.55	10.35	10.58
CAF217	10/31/2013	0.147	0.111	0.271	0.256	0.343	6.85	7.98	9.32	10.24	10.5
CAF217	11/01/2013	0.147	0.111	0.271	0.255	0.343	7.06	7.83	9.11	10.1	10.42
CAF217	11/02/2013	0.147	0.111	0.27	0.255	0.343	7.4	7.8	8.93	9.95	10.33
CAF217	11/03/2013	0.147	0.111	0.27	0.255	0.343	7	7.77	8.8	9.83	10.22
CAF217	11/04/2013	0.147	0.111	0.27	0.255	0.343	6.44	7.5	8.72	9.72	10.13
CAF217	11/05/2013	0.147	0.111	0.27	0.255	0.343	5.9	7.17	8.57	9.63	10.03
CAF217	11/06/2013	0.147	0.111	0.269	0.254	0.342	5.58	6.82	8.39	9.5	9.95
CAF217	11/07/2013	0.159	0.117	0.269	0.254	0.342	5.98	6.67	8.17	9.35	9.85
CAF217	11/08/2013	0.191	0.125	0.269	0.254	0.342	6.29	6.69	8.03	9.22	9.74
CAF217	11/09/2013	0.191	0.122	0.269	0.254	0.342	6.06	6.69	7.93	9.09	9.63
CAF217	11/10/2013	0.192	0.121	0.269	0.253	0.342	6.28	6.6	7.86	9	9.53
CAF217	11/11/2013	0.192	0.12	0.268	0.253	0.342	6.66	6.75	7.8	8.9	9.44
CAF217	11/12/2013	0.193	0.119	0.268	0.253	0.342	6.94	6.87	7.8	8.82	9.35
CAF217	11/13/2013	0.193	0.118	0.268	0.253	0.342	7.01	6.99	7.8	8.8	9.28
CAF217	11/14/2013	0.193	0.118	0.269	0.252	0.342	6.75	6.99	7.8	8.73	9.2
CAF217	11/15/2013	0.192	0.117	0.268	0.252	0.342	6.45	6.88	7.8	8.7	9.15
CAF217	11/16/2013	0.205	0.118	0.269	0.253	0.342	5.73	6.63	7.7	8.69	9.1
CAF217	11/17/2013	0.213	0.118	0.269	0.253	0.342	5.28	6.22	7.57	8.6	9.05
CAF217	11/18/2013	0.211	0.118	0.269	0.253	0.343	5.44	6.08	7.42	8.52	9
CAF217	11/19/2013	0.211	0.118	0.269	0.252	0.343	5.62	6	7.27	8.42	8.91
CAF217	11/20/2013	0.212	0.119	0.269	0.252	0.342	5.57	6.07	7.2	8.32	8.84
CAF217	11/21/2013	0.21	0.119	0.269	0.252	0.342	4.41	5.75	7.11	8.22	8.77
CAF217	11/22/2013	0.208	0.119	0.269	0.252	0.342	3.67	5.27	6.95	8.15	8.7
CAF217	11/23/2013	0.205	0.119	0.269	0.252	0.342	3.25	4.85	6.73	8.03	8.61
CAF217	11/24/2013	0.203	0.12	0.268	0.251	0.342	2.97	4.48	6.48	7.87	8.52
CAF217	11/25/2013	0.202	0.12	0.268	0.251	0.342	2.76	4.17	6.25	7.71	8.41
CAF217	11/26/2013	0.2	0.121	0.267	0.251	0.342	2.64	3.95	6.02	7.55	8.28
CAF217	11/27/2013	0.199	0.121	0.267	0.25	0.342	2.52	3.77	5.83	7.38	8.17
CAF217	11/28/2013	0.198	0.121	0.267	0.25	0.342	2.45	3.65	5.66	7.23	8.05
CAF217	11/29/2013	0.197	0.122	0.267	0.25	0.342	2.36	3.52	5.5	7.07	7.93
CAF217	11/30/2013	0.196	0.122	0.267	0.249	0.342	2.3	3.42	5.35	6.95	7.81
CAF217	12/01/2013	0.214	0.123	0.267	0.249	0.342	2.27	3.29	5.22	6.82	7.68
CAF217	12/02/2013	0.227	0.134	0.267	0.249	0.342	2.71	3.16	5.08	6.68	7.57
CAF217	12/03/2013	0.219	0.141	0.267	0.249	0.342	2.66	3.26	5	6.57	7.46
CAF217	12/04/2013	0.216	0.143	0.267	0.249	0.341	2.52	3.21	4.9	6.48	7.35
CAF217	12/05/2013	0.213	0.144	0.267	0.248	0.341	2.43	3.19	4.85	6.38	7.25
CAF217	12/06/2013	0.21	0.145	0.267	0.248	0.341	2.28	3.1	4.8	6.3	7.17
CAF217	12/07/2013	0.208	0.145	0.267	0.248	0.341	2.13	3.01	4.71	6.2	7.09
CAF217	12/08/2013	0.206	0.145	0.266	0.248	0.341	1.93	2.88	4.61	6.13	7
CAF217	12/09/2013	0.204	0.144	0.265	0.248	0.341	1.73	2.74	4.52	6.05	6.91
CAF217	12/10/2013	0.202	0.144	0.265	0.248	0.341	1.57	2.58	4.42	5.95	6.83
CAF217	12/11/2013	0.2	0.144	0.265	0.248	0.341	1.5	2.46	4.28	5.85	6.75
CAF217	12/12/2013	0.198	0.144	0.265	0.247	0.341	1.43	2.37	4.16	5.75	6.66
CAF217	12/13/2013	0.197	0.144	0.265	0.247	0.341	1.4	2.25	4.07	5.65	6.57
CAF217	12/14/2013	0.196	0.144	0.265	0.247	0.341	1.4	2.2	3.98	5.55	6.49
CAF217	12/15/2013	0.195	0.144	0.265	0.247	0.341	1.4	2.13	3.9	5.47	6.4
CAF217	12/16/2013	0.195	0.144	0.265	0.247	0.341	1.4	2.1	3.82	5.4	6.31
CAF217	12/17/2013	0.195	0.144	0.265	0.247	0.341	1.4	2.1	3.77	5.3	6.23
CAF217	12/18/2013	0.195	0.144	0.265	0.247	0.341	1.4	2.1	3.7	5.23	6.17
CAF217	12/19/2013	0.195	0.144	0.265	0.247	0.341	1.43	2	3.66	5.2	6.1
CAF217	12/20/2013	0.195	0.143	0.265	0.246	0.341	1.5	2	3.6	5.1	6.01
CAF217	12/21/2013	0.195	0.143	0.265	0.246	0.341	1.5	2	3.58	5.08	5.96
CAF217	12/22/2013	0.195	0.143	0.265	0.246	0.341	1.5	2	3.52	5	5.9
CAF217	12/23/2013	0.197	0.152	0.325	0.247	0.341	1.5	1.97	3.47	4.98	5.83
CAF217	12/24/2013	0.201	0.16	0.386	0.247	0.341	1.5	1.9	3.4	4.9	5.8
CAF217	12/25/2013	0.201	0.158	0.38	0.247	0.341	1.5	1.99	3.4	4.82	5.7
CAF217	12/26/2013	0.201	0.157	0.378	0.247	0.341	1.5	2	3.35	4.8	5.69
CAF217	12/27/2013	0.201	0.156	0.376	0.247	0.341	1.5	2	3.3	4.74	5.6
CAF217	12/28/2013	0.201	0.156	0.374	0.247	0.341	1.5	2	3.3	4.7	5.58
CAF217	12/29/2013	0.2	0.155	0.373	0.246	0.341	1.5	1.96	3.3	4.7	5.5
CAF217	12/30/2013	0.2	0.154	0.372	0.246	0.341	1.5	1.9	3.25	4.6	5.5
CAF217	12/31/2013	0.199	0.154	0.371	0.246	0.341	1.5	1.9	3.2	4.6	5.4
CAF217	01/01/2014	0.199	0.154	0.37	0.246	0.341	1.5	1.9	3.2	4.57	5.4
CAF217	01/02/2014	0.199	0.154	0.37	0.246	0.341	1.5	1.9	3.2	4.5	5.33
CAF217	01/03/2014	0.199	0.154	0.369	0.246	0.341	1.5	1.9	3.15	4.5	5.3
CAF217	01/04/2014	0.2	0.154	0.369	0.246	0.341	1.5	1.9	3.11	4.46	5.28
CAF217	01/05/2014	0.201	0.153	0.368	0.246	0.341	1.5	1.9	3.1	4.4	5.2
CAF217	01/06/2014	0.2	0.152	0.367	0.246	0.341	1.44	1.85	3.1	4.4	5.2
CAF217	01/07/2014	0.199	0.151	0.366	0.246	0.341	1.4	1.8	3.05	4.37	5.15
CAF217	01/08/2014	0.198	0.151	0.365	0.246	0.341	1.4	1.8	3	4.3	5.1
CAF217	01/09/2014	0.197	0.152	0.365	0.246	0.341	1.4	1.79	3	4.3	5.1
CAF217	01/10/2014	0.197	0.152	0.365	0.246	0.341	1.4	1.7	2.94	4.25	5.03
CAF217	01/11/2014	0.197	0.153	0.365	0.246	0.341	1.4	1.7	2.9	4.2	5
CAF217	01/12/2014	0.197	0.154	0.365	0.245	0.342	1.4	1.7	2.9	4.2	5
CAF217	01/13/2014	0.197	0.154	0.365	0.245	0.342	1.4	1.7	2.89	4.13	4.91
CAF217	01/14/2014	0.198	0.154	0.365	0.246	0.342	1.4	1.7	2.82	4.1	4.9
CAF217	01/15/2014	0.199	0.154	0.365	0.245	0.342	1.4	1.7	2.8	4.1	4.89
CAF217	01/16/2014	0.202	0.154	0.365	0.246	0.342	1.4	1.7	2.8	4.09	4.8
CAF217	01/17/2014	0.204	0.154	0.364	0.246	0.342	1.4	1.7	2.8	4	4.8
CAF217	01/18/2014	0.205	0.154	0.364	0.245	0.342	1.4	1.7	2.8	4	4.8
CAF217	01/19/2014	0.206	0.154	0.364	0.245	0.342	1.4	1.7	2.79	4	4.72
CAF217	01/20/2014	0.206	0.154	0.364	0.245	0.342	1.4	1.7	2.76	4	4.7
CAF217	01/21/2014	0.206	0.153	0.364	0.245	0.342	1.4	1.7	2.72	3.94	4.7
CAF217	01/22/2014	0.206	0.153	0.364	0.246	0.342	1.4	1.7	2.72	3.9	4.69
CAF217	01/23/2014	0.206	0.153	0.364	0.245	0.342	1.4	1.7	2.7	3.9	4.6
CAF217	01/24/2014	0.205	0.153	0.363	0.246	0.342	1.5	1.7	2.7	3.9	4.6
CAF217	01/25/2014	0.205	0.153	0.363	0.245	0.342	1.5	1.7	2.7	3.9	4.6
CAF217	01/26/2014	0.205	0.153	0.363	0.245	0.343	1.5	1.7	2.7	3.89	4.6
CAF217	01/27/2014	0.205	0.153	0.363	0.245	0.343	1.5	1.7	2.7	3.8	4.52
CAF217	01/28/2014	0.204	0.152	0.363	0.245	0.343	1.5	1.7	2.7	3.8	4.5
CAF217	01/29/2014	0.204	0.152	0.363	0.245	0.343	1.5	1.7	2.69	3.8	4.5
CAF217	01/30/2014	0.205	0.153	0.37	0.245	0.343	1.5	1.7	2.61	3.8	4.5
CAF217	01/31/2014	0.208	0.153	0.374	0.245	0.343	1.5	1.7	2.62	3.8	4.5
CAF217	02/01/2014	0.21	0.153	0.373	0.245	0.343	1.5	1.7	2.6	3.8	4.42
CAF217	02/02/2014	0.211	0.153	0.372	0.245	0.343	1.5	1.7	2.6	3.73	4.4
CAF217	02/03/2014	0.212	0.153	0.372	0.245	0.343	1.5	1.7	2.6	3.7	4.4
CAF217	02/04/2014	0.212	0.154	0.372	0.245	0.343	1.5	1.7	2.6	3.7	4.4
CAF217	02/05/2014	0.212	0.154	0.371	0.245	0.343	1.5	1.7	2.6	3.7	4.4
CAF217	02/06/2014	0.211	0.154	0.371	0.245	0.343	1.5	1.7	2.6	3.7	4.35
CAF217	02/07/2014	0.209	0.154	0.371	0.245	0.343	1.5	1.7	2.6	3.7	4.3
CAF217	02/08/2014	0.208	0.154	0.37	0.245	0.343	1.5	1.7	2.6	3.7	4.3
CAF217	02/09/2014	0.207	0.153	0.37	0.245	0.343	1.5	1.7	2.57	3.67	4.3
CAF217	02/10/2014	0.205	0.153	0.37	0.245	0.343	1.5	1.7	2.56	3.6	4.3
CAF217	02/11/2014	0.204	0.153	0.37	0.253	0.343	1.5	1.68	2.52	3.6	4.3
CAF217	02/12/2014	0.211	0.155	0.408	0.352	0.343	1.45	1.57	2.38	3.49	4.21
CAF217	02/13/2014	0.219	0.158	0.412	0.386	0.343	1.4	1.5	2.4	3.49	4.2
CAF217	02/14/2014	0.224	0.16	0.412	0.384	0.343	1.4	1.5	2.4	3.4	4.13
CAF217	02/15/2014	0.229	0.162	0.414	0.387	0.343	1.4	1.5	2.4	3.4	4.1
CAF217	02/16/2014	0.232	0.165	0.417	0.392	0.343	1.4	1.5	2.38	3.4	4.1
CAF217	02/17/2014	0.234	0.166	0.415	0.393	0.344	1.43	1.5	2.38	3.4	4.07
CAF217	02/18/2014	0.236	0.17	0.419	0.396	0.344	1.55	1.5	2.32	3.31	4
CAF217	02/19/2014	0.231	0.172	0.421	0.401	0.344	1.77	1.6	2.31	3.3	4
CAF217	02/20/2014	0.227	0.169	0.417	0.4	0.344	1.63	1.7	2.37	3.3	4
CAF217	02/21/2014	0.228	0.169	0.416	0.398	0.345	1.62	1.7	2.4	3.3	3.93
CAF217	02/22/2014	0.224	0.168	0.416	0.396	0.345	1.7	1.7	2.4	3.3	3.9
CAF217	02/23/2014	0.223	0.167	0.415	0.396	0.347	1.7	1.7	2.4	3.3	3.9
CAF217	02/24/2014	0.222	0.167	0.414	0.395	0.347	1.7	1.7	2.4	3.3	3.9
CAF217	02/25/2014	0.222	0.167	0.413	0.394	0.348	1.71	1.7	2.4	3.3	3.9
CAF217	02/26/2014	0.222	0.166	0.413	0.393	0.348	1.8	1.77	2.41	3.3	3.9
CAF217	02/27/2014	0.222	0.166	0.412	0.393	0.349	1.8	1.8	2.42	3.3	3.9
CAF217	02/28/2014	0.223	0.166	0.411	0.391	0.35	1.81	1.8	2.43	3.3	3.9
CAF217	03/01/2014	0.225	0.167	0.411	0.391	0.351	1.85	1.8	2.44	3.3	3.81
CAF217	03/02/2014	0.223	0.167	0.411	0.391	0.352	1.79	1.8	2.47	3.3	3.8
CAF217	03/03/2014	0.239	0.172	0.413	0.391	0.353	1.7	1.79	2.45	3.3	3.8
CAF217	03/04/2014	0.239	0.176	0.426	0.405	0.354	1.88	1.7	2.4	3.3	3.8
CAF217	03/05/2014	0.233	0.172	0.421	0.408	0.355	2.86	1.9	2.39	3.22	3.8
CAF217	03/06/2014	0.242	0.174	0.421	0.408	0.358	3.88	2.37	2.46	3.2	3.8
CAF217	03/07/2014	0.236	0.174	0.422	0.41	0.367	4.31	2.85	2.62	3.3	3.79
CAF217	03/08/2014	0.231	0.172	0.421	0.409	0.385	4.42	3.19	2.84	3.35	3.8
CAF217	03/09/2014	0.244	0.174	0.42	0.409	0.4	5.05	3.48	3.03	3.46	3.8
CAF217	03/10/2014	0.238	0.174	0.423	0.411	0.41	5.7	3.91	3.23	3.57	3.85
CAF217	03/11/2014	0.233	0.173	0.421	0.411	0.418	5.12	4.12	3.46	3.73	3.9
CAF217	03/12/2014	0.231	0.172	0.42	0.41	0.423	4.95	4.1	3.65	3.85	4
CAF217	03/13/2014	0.229	0.171	0.419	0.409	0.426	5.03	4.17	3.76	3.98	4.09
CAF217	03/14/2014	0.229	0.171	0.418	0.408	0.428	5.14	4.21	3.85	4.07	4.17
CAF217	03/15/2014	0.231	0.171	0.417	0.408	0.429	4.82	4.27	3.94	4.16	4.23
CAF217	03/16/2014	0.229	0.17	0.417	0.407	0.429	4.92	4.2	4	4.24	4.3
CAF217	03/17/2014	0.235	0.171	0.416	0.407	0.43	5.07	4.28	4.02	4.3	4.39
CAF217	03/18/2014	0.233	0.171	0.416	0.406	0.43	4.39	4.24	4.1	4.38	4.42
CAF217	03/19/2014	0.23	0.171	0.416	0.405	0.43	4.23	4.07	4.1	4.4	4.5
CAF217	03/20/2014	0.227	0.171	0.416	0.405	0.431	4.13	4	4.1	4.45	4.5
CAF217	03/21/2014	0.226	0.17	0.416	0.405	0.431	3.75	3.86	4.09	4.5	4.58
CAF217	03/22/2014	0.224	0.17	0.416	0.405	0.431	3.66	3.75	4.01	4.5	4.6
CAF217	03/23/2014	0.224	0.17	0.416	0.405	0.431	3.95	3.7	4	4.5	4.6
CAF217	03/24/2014	0.223	0.169	0.415	0.405	0.431	4.17	3.77	3.95	4.5	4.6
CAF217	03/25/2014	0.223	0.169	0.415	0.404	0.432	4.55	3.87	3.97	4.45	4.6
CAF217	03/26/2014	0.222	0.169	0.415	0.404	0.432	4.78	4.01	4	4.5	4.6
CAF217	03/27/2014	0.222	0.169	0.414	0.404	0.433	5.13	4.19	4.06	4.5	4.6
CAF217	03/28/2014	0.224	0.169	0.414	0.404	0.433	5.15	4.36	4.15	4.5	4.63
CAF217	03/29/2014	0.237	0.169	0.414	0.404	0.433	5.45	4.48	4.22	4.58	4.7
CAF217	03/30/2014	0.234	0.17	0.414	0.403	0.433	5.65	4.68	4.31	4.6	4.7
CAF217	03/31/2014	0.231	0.171	0.414	0.403	0.433	5.4	4.75	4.41	4.7	4.72
CAF217	04/01/2014	0.23	0.171	0.414	0.403	0.433	5.67	4.78	4.49	4.72	4.8
CAF217	04/02/2014	0.228	0.17	0.414	0.403	0.433	5.79	4.89	4.55	4.8	4.8
CAF217	04/03/2014	0.227	0.17	0.414	0.403	0.433	5.66	4.97	4.61	4.84	4.88
CAF217	04/04/2014	0.227	0.17	0.414	0.403	0.433	6.13	5.05	4.69	4.9	4.9
CAF217	04/05/2014	0.226	0.17	0.414	0.403	0.433	6.04	5.19	4.75	4.98	4.94
CAF217	04/06/2014	0.227	0.17	0.414	0.403	0.433	6.38	5.27	4.83	5.01	5
CAF217	04/07/2014	0.227	0.17	0.414	0.403	0.434	6.7	5.4	4.91	5.1	5.02
CAF217	04/08/2014	0.228	0.17	0.414	0.403	0.434	7.73	5.75	5.02	5.14	5.1
CAF217	04/09/2014	0.227	0.17	0.414	0.403	0.434	8.26	6.24	5.17	5.22	5.12
CAF217	04/10/2014	0.225	0.17	0.414	0.403	0.434	7.7	6.47	5.39	5.33	5.2
CAF217	04/11/2014	0.224	0.17	0.414	0.403	0.434	7.6	6.49	5.55	5.45	5.28
CAF217	04/12/2014	0.223	0.17	0.414	0.403	0.434	7.44	6.5	5.66	5.57	5.36
CAF217	04/13/2014	0.222	0.17	0.414	0.403	0.434	7.19	6.46	5.74	5.66	5.43
CAF217	04/14/2014	0.22	0.17	0.414	0.403	0.434	7.24	6.42	5.8	5.75	5.5
CAF217	04/15/2014	0.22	0.169	0.414	0.402	0.434	7.46	6.48	5.81	5.8	5.6
CAF217	04/16/2014	0.218	0.169	0.414	0.402	0.434	6.99	6.47	5.9	5.88	5.65
CAF217	04/17/2014	0.217	0.169	0.414	0.402	0.434	7.22	6.4	5.9	5.9	5.7
CAF217	04/18/2014	0.218	0.169	0.414	0.402	0.435	7.24	6.44	5.9	5.98	5.76
CAF217	04/19/2014	0.219	0.169	0.414	0.402	0.435	6.88	6.37	5.97	6	5.8
CAF217	04/20/2014	0.219	0.168	0.414	0.402	0.435	7.12	6.31	5.99	6	5.83
CAF217	04/21/2014	0.22	0.168	0.413	0.402	0.435	7.67	6.47	5.99	6.1	5.9
CAF217	04/22/2014	0.219	0.168	0.413	0.401	0.435	7.91	6.67	6.02	6.1	5.9
CAF217	04/23/2014	0.219	0.168	0.413	0.401	0.435	7.15	6.67	6.11	6.13	5.95
CAF217	04/24/2014	0.232	0.169	0.413	0.401	0.435	7	6.52	6.14	6.2	6
CAF217	04/25/2014	0.236	0.169	0.413	0.401	0.435	7.24	6.5	6.12	6.2	6.01
CAF217	04/26/2014	0.233	0.17	0.413	0.401	0.435	7.13	6.5	6.12	6.21	6.1
CAF217	04/27/2014	0.231	0.17	0.413	0.401	0.435	6.98	6.48	6.14	6.3	6.1
CAF217	04/28/2014	0.23	0.17	0.413	0.401	0.435	6.68	6.36	6.12	6.3	6.1
CAF217	04/29/2014	0.23	0.17	0.413	0.401	0.435	6.98	6.3	6.1	6.3	6.11
CAF217	04/30/2014	0.23	0.17	0.413	0.4	0.434	8.04	6.48	6.1	6.3	6.2
CAF217	05/01/2014	0.23	0.17	0.413	0.4	0.434	9.2	6.93	6.16	6.3	6.2
CAF217	05/02/2014	0.231	0.171	0.413	0.4	0.435	10.21	7.57	6.35	6.35	6.2
CAF217	05/03/2014	0.232	0.17	0.413	0.4	0.435	10.37	8.13	6.55	6.43	6.2
CAF217	05/04/2014	0.232	0.17	NA	NA	NA	10.04	8.32	NA	NA	NA
