CAF139	11/14/2010	0.203	0.115	0.091	0.191	0.171	7.33	8.87	10.1	10.67	11.4
CAF139	11/15/2010	0.204	0.115	0.091	0.191	0.171	7.72	8.8	9.97	10.56	11.33
CAF139	11/16/2010	0.214	0.115	0.091	0.191	0.171	8.03	8.88	9.85	10.44	11.23
CAF139	11/17/2010	0.221	0.115	0.091	0.191	0.171	7.81	8.87	9.8	10.33	11.14
CAF139	11/18/2010	0.232	0.115	0.091	0.191	0.171	7.46	8.73	9.7	10.25	11.06
CAF139	11/19/2010	0.236	0.115	0.091	0.191	0.171	6.73	8.45	9.61	10.17	10.99
CAF139	11/20/2010	0.233	0.115	0.09	0.191	0.171	6.13	8.07	9.45	10.06	10.9
CAF139	11/21/2010	0.232	0.115	0.09	0.19	0.171	5.58	7.67	9.25	9.94	10.81
CAF139	11/22/2010	0.231	0.115	0.09	0.19	0.171	5.25	7.29	9.02	9.79	10.73
CAF139	11/23/2010	0.231	0.114	0.09	0.19	0.171	5.14	7.03	8.8	9.63	10.63
CAF139	11/24/2010	0.23	0.114	0.09	0.19	0.171	4.95	6.83	8.6	9.45	10.53
CAF139	11/25/2010	0.229	0.114	0.09	0.19	0.17	4.57	6.59	8.41	9.29	10.41
CAF139	11/26/2010	0.229	0.114	0.09	0.189	0.17	4.2	6.29	8.23	9.14	10.29
CAF139	11/27/2010	0.228	0.114	0.089	0.189	0.17	4.1	6.04	8.04	8.98	10.17
CAF139	11/28/2010	0.228	0.114	0.089	0.189	0.17	4.12	5.9	7.85	8.83	10.06
CAF139	11/29/2010	0.228	0.114	0.089	0.189	0.17	4.2	5.8	7.67	8.67	9.95
CAF139	11/30/2010	0.228	0.114	0.089	0.189	0.17	4.14	5.7	7.56	8.54	9.83
CAF139	12/01/2010	0.228	0.114	0.089	0.189	0.17	4.1	5.61	7.45	8.42	9.71
CAF139	12/02/2010	0.229	0.114	0.089	0.189	0.17	4	5.52	7.34	8.28	9.6
CAF139	12/03/2010	0.235	0.113	0.09	0.188	0.17	3.9	5.4	7.21	8.17	9.49
CAF139	12/04/2010	0.237	0.114	0.089	0.188	0.17	3.84	5.3	7.07	8.05	9.38
CAF139	12/05/2010	0.237	0.114	0.089	0.188	0.17	3.8	5.2	6.96	7.93	9.28
CAF139	12/06/2010	0.236	0.114	0.089	0.188	0.17	3.8	5.16	6.86	7.82	9.17
CAF139	12/07/2010	0.236	0.114	0.089	0.188	0.17	3.8	5.1	6.78	7.71	9.08
CAF139	12/08/2010	0.247	0.148	0.097	0.294	0.419	3.53	4.97	6.65	7.56	8.94
CAF139	12/09/2010	0.251	0.232	0.203	0.471	0.483	3.42	4.74	6.38	7.3	8.77
CAF139	12/10/2010	0.258	0.466	0.446	0.473	0.484	3.33	4.52	6.15	7.17	8.67
CAF139	12/11/2010	0.249	0.462	0.448	0.473	0.484	3.39	4.5	6.01	7.07	8.57
CAF139	12/12/2010	0.263	0.466	0.448	0.474	0.484	3.36	4.45	6	6.98	8.46
CAF139	12/13/2010	0.267	0.469	0.448	0.474	0.484	4.23	4.52	5.9	6.9	8.36
CAF139	12/14/2010	0.379	0.472	0.449	0.474	0.484	4.94	4.88	5.92	6.81	8.27
CAF139	12/15/2010	0.364	0.474	0.45	0.475	0.484	4.58	5.1	6.02	6.8	8.2
CAF139	12/16/2010	0.332	0.475	0.451	0.475	0.484	4.02	5.04	6.1	6.8	8.11
CAF139	12/17/2010	0.311	0.474	0.451	0.475	0.484	3.6	4.85	6.08	6.8	8.1
CAF139	12/18/2010	0.298	0.473	0.451	0.474	0.483	3.29	4.65	6	6.8	8.02
CAF139	12/19/2010	0.287	0.472	0.451	0.474	0.483	3.11	4.48	5.89	6.71	8
CAF139	12/20/2010	0.28	0.469	0.451	0.474	0.482	3	4.35	5.78	6.65	7.91
CAF139	12/21/2010	0.273	0.443	0.452	0.474	0.482	2.93	4.23	5.67	6.56	7.85
CAF139	12/22/2010	0.269	0.403	0.452	0.474	0.482	2.9	4.17	5.58	6.47	7.8
CAF139	12/23/2010	0.267	0.353	0.451	0.473	0.482	2.94	4.1	5.5	6.4	7.7
CAF139	12/24/2010	0.271	0.354	0.451	0.473	0.482	3.02	4.1	5.43	6.3	7.6
CAF139	12/25/2010	0.276	0.381	0.451	0.473	0.482	3.1	4.1	5.4	6.25	7.57
CAF139	12/26/2010	0.273	0.368	0.451	0.473	0.482	3.22	4.11	5.35	6.2	7.5
CAF139	12/27/2010	0.271	0.339	0.451	0.473	0.482	3.31	4.2	5.3	6.13	7.41
CAF139	12/28/2010	0.383	0.428	0.45	0.474	0.483	3.14	4.13	5.3	6.1	7.37
CAF139	12/29/2010	0.44	0.446	0.451	0.473	0.483	3.18	4.1	5.25	6.03	7.3
CAF139	12/30/2010	0.437	0.447	0.45	0.474	0.484	3.2	4.1	5.2	5.97	7.24
CAF139	12/31/2010	0.388	0.449	0.45	0.473	0.484	3.1	4.1	5.2	5.94	7.2
CAF139	01/01/2011	0.344	0.45	0.45	0.473	0.484	2.98	4.05	5.1	5.9	7.12
CAF139	01/02/2011	0.316	0.451	0.45	0.473	0.483	2.76	3.95	5.08	5.85	7.1
CAF139	01/03/2011	0.3	0.45	0.45	0.472	0.483	2.64	3.86	5	5.8	7.01
CAF139	01/04/2011	0.289	0.448	0.45	0.472	0.482	2.54	3.8	4.92	5.73	6.99
CAF139	01/05/2011	0.281	0.418	0.45	0.471	0.483	2.5	3.7	4.85	5.68	6.9
CAF139	01/06/2011	0.276	0.365	0.45	0.471	0.483	2.44	3.65	4.77	5.6	6.86
CAF139	01/07/2011	0.307	0.408	0.449	0.471	0.483	2.37	3.59	4.7	5.53	6.8
CAF139	01/08/2011	0.342	0.444	0.448	0.471	0.483	2.35	3.5	4.61	5.48	6.71
CAF139	01/09/2011	0.325	0.445	0.448	0.471	0.483	2.4	3.5	4.6	5.4	6.67
CAF139	01/10/2011	0.307	0.445	0.448	0.471	0.483	2.35	3.48	4.5	5.34	6.6
CAF139	01/11/2011	0.294	0.444	0.448	0.471	0.482	2.26	3.4	4.49	5.3	6.54
CAF139	01/12/2011	0.285	0.44	0.448	0.471	0.482	2.2	3.4	4.4	5.21	6.5
CAF139	01/13/2011	0.321	0.443	0.447	0.471	0.483	2.11	3.32	4.34	5.18	6.41
CAF139	01/14/2011	0.433	0.453	0.448	0.471	0.484	2.1	3.25	4.3	5.1	6.37
CAF139	01/15/2011	0.435	0.455	0.448	0.471	0.484	2.55	3.27	4.21	5.04	6.3
CAF139	01/16/2011	0.439	0.456	0.448	0.471	0.484	3.89	3.62	4.22	5	6.22
CAF139	01/17/2011	0.441	0.457	0.448	0.471	0.484	5.05	4.2	4.35	5	6.2
CAF139	01/18/2011	0.44	0.458	0.448	0.471	0.484	4.75	4.64	4.56	5.04	6.16
CAF139	01/19/2011	0.441	0.458	0.447	0.471	0.484	4.2	4.67	4.75	5.14	6.15
CAF139	01/20/2011	0.438	0.457	0.447	0.471	0.484	3.64	4.56	4.8	5.2	6.2
CAF139	01/21/2011	0.425	0.457	0.448	0.471	0.484	3.09	4.31	4.8	5.3	6.2
CAF139	01/22/2011	0.437	0.459	0.449	0.471	0.484	3.16	4.11	4.71	5.3	6.2
CAF139	01/23/2011	0.437	0.458	0.448	0.471	0.484	3.5	4.13	4.7	5.22	6.2
CAF139	01/24/2011	0.437	0.458	0.448	0.471	0.484	3.62	4.2	4.67	5.2	6.2
CAF139	01/25/2011	0.441	0.458	0.448	0.471	0.484	3.84	4.25	4.7	5.2	6.14
CAF139	01/26/2011	0.442	0.458	0.448	0.471	0.484	4.11	4.38	4.7	5.2	6.1
CAF139	01/27/2011	0.441	0.457	0.447	0.471	0.484	4.15	4.48	4.74	5.2	6.1
CAF139	01/28/2011	0.443	0.456	0.446	0.47	0.484	4.28	4.56	4.8	5.2	6.1
CAF139	01/29/2011	0.445	0.456	0.447	0.47	0.484	4.4	4.65	4.83	5.25	6.1
CAF139	01/30/2011	0.449	0.457	0.449	0.47	0.484	4.3	4.7	4.9	5.3	6.1
CAF139	01/31/2011	0.449	0.457	0.448	0.471	0.484	3.84	4.66	4.9	5.3	6.1
CAF139	02/01/2011	0.442	0.455	0.446	0.471	0.484	3.18	4.4	4.87	5.3	6.1
CAF139	02/02/2011	0.392	0.453	0.446	0.47	0.484	2.85	4.12	4.8	5.3	6.1
CAF139	02/03/2011	0.364	0.452	0.446	0.47	0.483	2.64	3.91	4.72	5.26	6.1
CAF139	02/04/2011	0.348	0.451	0.446	0.47	0.483	2.5	3.75	4.58	5.2	6.1
CAF139	02/05/2011	0.349	0.451	0.445	0.47	0.483	2.42	3.62	4.48	5.1	6.08
CAF139	02/06/2011	0.367	0.452	0.445	0.47	0.483	2.4	3.51	4.39	5.04	6
CAF139	02/07/2011	0.424	0.453	0.446	0.47	0.484	2.35	3.44	4.27	4.98	5.99
CAF139	02/08/2011	0.425	0.452	0.445	0.47	0.484	2.52	3.46	4.22	4.9	5.9
CAF139	02/09/2011	0.425	0.452	0.444	0.47	0.483	2.59	3.5	4.2	4.86	5.9
CAF139	02/10/2011	0.412	0.451	0.444	0.47	0.483	2.51	3.5	4.2	4.8	5.8
CAF139	02/11/2011	0.394	0.45	0.444	0.469	0.483	2.61	3.48	4.2	4.8	5.8
CAF139	02/12/2011	0.383	0.449	0.443	0.469	0.482	2.92	3.5	4.1	4.77	5.78
CAF139	02/13/2011	0.372	0.449	0.443	0.469	0.482	3.46	3.66	4.13	4.7	5.7
CAF139	02/14/2011	0.369	0.448	0.443	0.468	0.482	3.93	3.9	4.2	4.7	5.7
CAF139	02/15/2011	0.363	0.447	0.443	0.468	0.482	4.11	4.12	4.28	4.73	5.7
CAF139	02/16/2011	0.419	0.449	0.445	0.469	0.482	3.72	4.2	4.36	4.8	5.7
CAF139	02/17/2011	0.426	0.45	0.446	0.469	0.483	3.48	4.1	4.4	4.8	5.7
CAF139	02/18/2011	0.429	0.45	0.446	0.469	0.483	3.35	4.03	4.37	4.82	5.7
CAF139	02/19/2011	0.431	0.45	0.446	0.469	0.483	3.22	3.98	4.4	4.89	5.7
CAF139	02/20/2011	0.434	0.449	0.446	0.469	0.483	3.08	3.88	4.37	4.81	5.7
CAF139	02/21/2011	0.436	0.449	0.445	0.469	0.483	3.03	3.8	4.36	4.8	5.7
CAF139	02/22/2011	0.437	0.448	0.445	0.469	0.482	2.9	3.73	4.3	4.8	5.61
CAF139	02/23/2011	0.437	0.448	0.444	0.468	0.482	2.9	3.68	4.25	4.8	5.6
CAF139	02/24/2011	0.436	0.446	0.443	0.468	0.482	2.9	3.6	4.2	4.72	5.6
CAF139	02/25/2011	0.437	0.446	0.443	0.468	0.482	2.82	3.6	4.2	4.7	5.6
CAF139	02/26/2011	0.436	0.445	0.442	0.468	0.482	2.73	3.52	4.14	4.7	5.57
CAF139	02/27/2011	0.417	0.443	0.442	0.468	0.481	2.56	3.44	4.1	4.62	5.5
CAF139	02/28/2011	0.393	0.443	0.442	0.467	0.481	2.5	3.38	4.07	4.6	5.5
CAF139	03/01/2011	0.391	0.443	0.442	0.468	0.482	2.5	3.3	4	4.6	5.5
CAF139	03/02/2011	0.419	0.444	0.443	0.468	0.482	2.45	3.3	3.98	4.5	5.43
CAF139	03/03/2011	0.435	0.446	0.444	0.468	0.482	2.4	3.21	3.9	4.5	5.4
CAF139	03/04/2011	0.438	0.446	0.444	0.468	0.482	2.42	3.2	3.9	4.45	5.4
CAF139	03/05/2011	0.44	0.445	0.444	0.468	0.482	2.46	3.2	3.81	4.4	5.35
CAF139	03/06/2011	0.442	0.445	0.444	0.468	0.482	2.66	3.2	3.8	4.37	5.3
CAF139	03/07/2011	0.443	0.444	0.444	0.468	0.482	2.99	3.28	3.8	4.4	5.3
CAF139	03/08/2011	0.445	0.444	0.443	0.468	0.482	3.04	3.39	3.77	4.32	5.28
CAF139	03/09/2011	0.447	0.444	0.443	0.468	0.482	3.04	3.4	3.83	4.3	5.2
CAF139	03/10/2011	0.449	0.443	0.444	0.468	0.482	3.57	3.51	3.9	4.3	5.2
CAF139	03/11/2011	0.451	0.443	0.444	0.468	0.482	3.58	3.69	3.92	4.36	5.2
CAF139	03/12/2011	0.451	0.442	0.444	0.468	0.482	3.57	3.78	4	4.4	5.2
CAF139	03/13/2011	0.452	0.442	0.444	0.468	0.482	3.75	3.8	4.02	4.4	5.2
CAF139	03/14/2011	0.452	0.442	0.444	0.468	0.482	4.21	3.98	4.1	4.43	5.2
CAF139	03/15/2011	0.452	0.441	0.444	0.468	0.482	4.46	4.18	4.19	4.5	5.2
CAF139	03/16/2011	0.453	0.442	0.444	0.468	0.482	4.5	4.35	4.28	4.52	5.2
CAF139	03/17/2011	0.453	0.441	0.444	0.468	0.482	4.47	4.41	4.38	4.6	5.2
CAF139	03/18/2011	0.451	0.44	0.444	0.468	0.482	4.42	4.5	4.44	4.65	5.3
CAF139	03/19/2011	0.451	0.439	0.444	0.469	0.482	4.69	4.56	4.47	4.7	5.3
CAF139	03/20/2011	0.451	0.439	0.444	0.469	0.482	4.31	4.6	4.57	4.74	5.3
CAF139	03/21/2011	0.452	0.438	0.444	0.469	0.482	4.45	4.51	4.6	4.8	5.34
CAF139	03/22/2011	0.453	0.439	0.445	0.469	0.482	4.6	4.6	4.6	4.8	5.4
CAF139	03/23/2011	0.453	0.438	0.445	0.469	0.482	4.82	4.69	4.65	4.84	5.4
CAF139	03/24/2011	0.45	0.436	0.444	0.469	0.481	5.22	4.82	4.64	4.9	5.4
CAF139	03/25/2011	0.45	0.436	0.444	0.469	0.481	5.73	5.09	4.78	4.9	5.4
CAF139	03/26/2011	0.448	0.435	0.444	0.469	0.481	5.65	5.28	4.93	5	5.49
CAF139	03/27/2011	0.451	0.436	0.446	0.469	0.481	5.73	5.38	5.03	5.07	5.5
CAF139	03/28/2011	0.451	0.436	0.446	0.469	0.481	5.83	5.48	5.08	5.13	5.5
CAF139	03/29/2011	0.45	0.435	0.446	0.469	0.482	5.64	5.5	5.2	5.2	5.6
CAF139	03/30/2011	0.452	0.436	0.446	0.469	0.482	5.86	5.53	5.23	5.29	5.6
CAF139	03/31/2011	0.453	0.435	0.446	0.469	0.482	6.69	5.76	5.31	5.32	5.68
CAF139	04/01/2011	0.451	0.434	0.446	0.469	0.482	7.01	6.11	5.44	5.4	5.7
CAF139	04/02/2011	0.452	0.434	0.447	0.469	0.482	7.53	6.42	5.6	5.49	5.75
CAF139	04/03/2011	0.451	0.434	0.448	0.47	0.482	6.63	6.54	5.77	5.6	5.8
CAF139	04/04/2011	0.45	0.433	0.447	0.47	0.482	6.22	6.36	5.89	5.7	5.87
CAF139	04/05/2011	0.45	0.433	0.447	0.47	0.482	6.1	6.21	5.87	5.8	5.92
CAF139	04/06/2011	0.449	0.431	0.447	0.47	0.482	5.83	6.15	5.89	5.8	5.97
CAF139	04/07/2011	0.448	0.431	0.447	0.47	0.482	5.44	5.95	5.8	5.8	6
CAF139	04/08/2011	0.447	0.43	0.447	0.47	0.482	5.6	5.85	5.79	5.8	6.09
CAF139	04/09/2011	0.444	0.429	0.446	0.47	0.482	6.18	5.94	5.7	5.8	6.1
CAF139	04/10/2011	0.443	0.429	0.445	0.47	0.482	6.54	6.13	5.76	5.8	6.1
CAF139	04/11/2011	0.443	0.43	0.446	0.47	0.483	6.52	6.27	5.81	5.8	6.1
CAF139	04/12/2011	0.443	0.429	0.445	0.47	0.483	6.46	6.3	5.9	5.9	6.1
CAF139	04/13/2011	0.439	0.428	0.445	0.47	0.482	6.63	6.38	5.93	5.9	6.16
CAF139	04/14/2011	0.422	0.429	0.445	0.47	0.483	6.05	6.37	6	5.95	6.2
CAF139	04/15/2011	0.434	0.431	0.447	0.47	0.483	6.18	6.28	6	6	6.2
CAF139	04/16/2011	0.442	0.431	0.448	0.47	0.484	6.75	6.36	6	6	6.2
CAF139	04/17/2011	0.444	0.43	0.447	0.47	0.483	7.13	6.6	6.02	6	6.28
CAF139	04/18/2011	0.441	0.428	0.446	0.47	0.483	6.9	6.73	6.15	6.09	6.3
CAF139	04/19/2011	0.437	0.428	0.446	0.47	0.484	6.42	6.66	6.2	6.1	6.3
CAF139	04/20/2011	0.419	0.427	0.445	0.47	0.483	6.3	6.55	6.2	6.2	6.33
CAF139	04/21/2011	0.401	0.426	0.445	0.47	0.483	6.47	6.5	6.2	6.2	6.4
CAF139	04/22/2011	0.388	0.426	0.445	0.47	0.483	6.34	6.47	6.2	6.2	6.4
CAF139	04/23/2011	0.383	0.425	0.445	0.469	0.483	6.52	6.5	6.2	6.2	6.37
CAF139	04/24/2011	0.375	0.424	0.445	0.469	0.483	7.24	6.62	6.17	6.2	6.4
CAF139	04/25/2011	0.391	0.426	0.446	0.469	0.483	7.46	6.93	6.26	6.2	6.4
CAF139	04/26/2011	0.445	0.431	0.448	0.47	0.485	6.87	6.96	6.37	6.28	6.47
CAF139	04/27/2011	0.446	0.429	0.447	0.47	0.485	6.96	6.9	6.4	6.3	6.5
CAF139	04/28/2011	0.451	0.429	0.448	0.47	0.485	7.29	6.97	6.4	6.36	6.5
CAF139	04/29/2011	0.447	0.428	0.446	0.47	0.485	6.95	7.03	6.5	6.4	6.51
CAF139	04/30/2011	0.417	0.428	0.446	0.47	0.486	6.67	6.92	6.5	6.4	6.6
CAF139	05/01/2011	NA	NA	NA	NA	NA	NA	NA	NA	NA	NA
CAF139	10/11/2011	0.206	0.096	0.259	0.222	0.2	13.55	13.88	15.28	15.4	15.41
CAF139	10/12/2011	0.206	0.095	0.259	0.221	0.2	13.35	13.68	15.07	15.21	15.28
CAF139	10/13/2011	0.205	0.095	0.258	0.221	0.2	13.08	13.42	14.87	15.04	15.15
CAF139	10/14/2011	0.206	0.094	0.257	0.221	0.2	13.22	13.35	14.67	14.85	15.03
CAF139	10/15/2011	0.206	0.094	0.257	0.221	0.2	13.25	13.3	14.53	14.69	14.91
CAF139	10/16/2011	0.207	0.094	0.256	0.221	0.2	13.19	13.3	14.41	14.55	14.78
CAF139	10/17/2011	0.206	0.094	0.255	0.221	0.2	12.46	12.95	14.28	14.43	14.67
CAF139	10/18/2011	0.205	0.094	0.254	0.221	0.2	11.95	12.46	14.09	14.28	14.57
CAF139	10/19/2011	0.205	0.094	0.253	0.221	0.2	12.07	12.29	13.87	14.13	14.46
CAF139	10/20/2011	0.206	0.094	0.253	0.221	0.2	12.28	12.34	13.72	13.96	14.35
CAF139	10/21/2011	0.207	0.094	0.252	0.221	0.2	12.59	12.47	13.6	13.83	14.23
CAF139	10/22/2011	0.207	0.094	0.252	0.221	0.2	12.7	12.6	13.6	13.72	14.13
CAF139	10/23/2011	0.207	0.094	0.252	0.221	0.2	12.79	12.6	13.5	13.64	14.03
CAF139	10/24/2011	0.207	0.094	0.252	0.221	0.2	12.76	12.63	13.5	13.58	13.94
CAF139	10/25/2011	0.206	0.093	0.253	0.221	0.2	11.96	12.29	13.47	13.5	13.87
CAF139	10/26/2011	0.205	0.093	0.252	0.221	0.2	11.1	11.74	13.31	13.44	13.8
CAF139	10/27/2011	0.204	0.093	0.251	0.221	0.2	10.59	11.22	13.06	13.31	13.71
CAF139	10/28/2011	0.204	0.093	0.251	0.221	0.199	10.35	10.95	12.81	13.15	13.63
CAF139	10/29/2011	0.204	0.093	0.25	0.22	0.199	10.37	10.78	12.59	12.97	13.52
CAF139	10/30/2011	0.205	0.096	0.25	0.22	0.199	10.52	10.78	12.42	12.8	13.41
CAF139	10/31/2011	0.212	0.107	0.25	0.22	0.199	10.75	10.82	12.31	12.65	13.29
CAF139	11/01/2011	0.212	0.103	0.25	0.22	0.199	10.1	10.63	12.22	12.54	13.18
CAF139	11/02/2011	0.211	0.102	0.249	0.22	0.199	9.2	10.03	12.06	12.43	13.08
CAF139	11/03/2011	0.211	0.101	0.249	0.22	0.199	8.85	9.6	11.8	12.27	12.97
CAF139	11/04/2011	0.211	0.106	0.248	0.22	0.199	8.8	9.45	11.57	12.1	12.86
CAF139	11/05/2011	0.211	0.106	0.248	0.22	0.199	8	9.01	11.37	11.92	12.74
CAF139	11/06/2011	0.21	0.104	0.247	0.219	0.199	7.49	8.49	11.1	11.73	12.62
CAF139	11/07/2011	0.21	0.102	0.247	0.219	0.199	7.08	8.15	10.81	11.53	12.47
CAF139	11/08/2011	0.21	0.101	0.246	0.219	0.198	6.81	7.81	10.53	11.31	12.34
CAF139	11/09/2011	0.21	0.101	0.246	0.218	0.198	7.2	7.84	10.29	11.1	12.17
CAF139	11/10/2011	0.21	0.1	0.246	0.218	0.198	7.31	7.9	10.14	10.91	12.04
CAF139	11/11/2011	0.212	0.111	0.246	0.218	0.198	7.41	7.89	10.03	10.75	11.87
CAF139	11/12/2011	0.246	0.177	0.246	0.218	0.198	7.19	7.78	9.94	10.63	11.75
CAF139	11/13/2011	0.261	0.247	0.246	0.218	0.198	6.64	7.35	9.82	10.5	11.62
CAF139	11/14/2011	0.247	0.175	0.246	0.218	0.198	6.8	7.32	9.65	10.36	11.5
CAF139	11/15/2011	0.245	0.169	0.245	0.218	0.198	6.46	7.19	9.51	10.23	11.37
CAF139	11/16/2011	0.242	0.167	0.245	0.218	0.197	5.7	6.67	9.33	10.09	11.26
CAF139	11/17/2011	0.257	0.23	0.245	0.218	0.197	5.11	6.11	9.08	9.93	11.14
CAF139	11/18/2011	0.247	0.179	0.245	0.218	0.197	5.25	6	8.8	9.73	11.02
CAF139	11/19/2011	0.245	0.173	0.245	0.218	0.197	5.3	5.96	8.63	9.55	10.87
CAF139	11/20/2011	0.244	0.17	0.244	0.217	0.197	5.3	5.9	8.46	9.37	10.74
CAF139	11/21/2011	0.249	0.178	0.244	0.217	0.196	5.2	5.82	8.34	9.23	10.59
CAF139	11/22/2011	0.279	0.379	0.244	0.217	0.196	4.95	5.55	8.2	9.07	10.46
CAF139	11/23/2011	0.253	0.198	0.244	0.217	0.196	5.89	5.92	8.1	8.94	10.34
CAF139	11/24/2011	0.249	0.187	0.244	0.217	0.196	6.37	6.35	8.1	8.83	10.22
CAF139	11/25/2011	0.249	0.184	0.244	0.216	0.196	6.3	6.44	8.16	8.8	10.11
CAF139	11/26/2011	0.248	0.185	0.244	0.216	0.196	5.8	6.28	8.17	8.77	10.02
CAF139	11/27/2011	0.247	0.182	0.244	0.216	0.196	5.36	5.89	8.06	8.7	9.95
CAF139	11/28/2011	0.247	0.179	0.244	0.216	0.196	5.57	5.84	7.93	8.62	9.87
CAF139	11/29/2011	0.247	0.18	0.244	0.216	0.196	5.76	5.94	7.88	8.51	9.8
CAF139	11/30/2011	0.246	0.179	0.244	0.216	0.196	5.69	5.9	7.8	8.44	9.7
CAF139	12/01/2011	0.246	0.18	0.244	0.216	0.196	5.35	5.82	7.78	8.39	9.62
CAF139	12/02/2011	0.245	0.179	0.243	0.216	0.196	4.93	5.51	7.66	8.3	9.55
CAF139	12/03/2011	0.244	0.179	0.243	0.216	0.196	4.62	5.25	7.52	8.21	9.48
CAF139	12/04/2011	0.243	0.178	0.243	0.216	0.196	4.29	4.98	7.35	8.09	9.4
CAF139	12/05/2011	0.242	0.177	0.242	0.215	0.195	4.05	4.71	7.17	7.96	9.3
CAF139	12/06/2011	0.241	0.177	0.242	0.215	0.195	3.84	4.5	7	7.83	9.2
CAF139	12/07/2011	0.241	0.176	0.242	0.215	0.195	3.7	4.33	6.84	7.68	9.1
CAF139	12/08/2011	0.24	0.176	0.242	0.215	0.195	3.57	4.19	6.67	7.55	8.99
CAF139	12/09/2011	0.239	0.175	0.242	0.215	0.195	3.44	4.06	6.55	7.43	8.88
CAF139	12/10/2011	0.239	0.174	0.241	0.214	0.195	3.34	3.93	6.42	7.28	8.78
CAF139	12/11/2011	0.238	0.174	0.241	0.214	0.195	3.3	3.82	6.28	7.16	8.67
CAF139	12/12/2011	0.238	0.174	0.241	0.214	0.195	3.26	3.75	6.18	7.05	8.56
CAF139	12/13/2011	0.237	0.173	0.241	0.214	0.195	3.2	3.65	6.08	6.94	8.45
CAF139	12/14/2011	0.237	0.173	0.241	0.214	0.194	3.1	3.57	5.99	6.84	8.35
CAF139	12/15/2011	0.237	0.173	0.241	0.214	0.194	3.1	3.5	5.89	6.73	8.25
CAF139	12/16/2011	0.237	0.172	0.241	0.214	0.194	3.1	3.5	5.8	6.64	8.16
CAF139	12/17/2011	0.237	0.172	0.241	0.214	0.196	3.1	3.49	5.72	6.55	8.07
CAF139	12/18/2011	0.237	0.171	0.24	0.214	0.196	3.2	3.5	5.69	6.47	7.99
CAF139	12/19/2011	0.237	0.171	0.24	0.214	0.194	3.25	3.5	5.6	6.4	7.9
CAF139	12/20/2011	0.236	0.171	0.24	0.214	0.194	3.28	3.5	5.6	6.32	7.8
CAF139	12/21/2011	0.236	0.171	0.24	0.214	0.194	3.2	3.5	5.59	6.3	7.73
CAF139	12/22/2011	0.236	0.171	0.24	0.213	0.194	3.17	3.5	5.5	6.2	7.68
CAF139	12/23/2011	0.236	0.17	0.24	0.213	0.194	3.04	3.39	5.5	6.19	7.6
CAF139	12/24/2011	0.236	0.17	0.24	0.213	0.194	2.9	3.29	5.41	6.1	7.53
CAF139	12/25/2011	0.235	0.17	0.24	0.213	0.194	2.9	3.2	5.34	6.05	7.49
CAF139	12/26/2011	0.235	0.17	0.24	0.213	0.194	2.89	3.2	5.3	5.99	7.4
CAF139	12/27/2011	0.235	0.168	0.24	0.213	0.194	2.9	3.19	5.2	5.9	7.34
CAF139	12/28/2011	0.239	0.204	0.24	0.213	0.193	3.05	3.16	5.2	5.85	7.29
CAF139	12/29/2011	0.259	0.218	0.24	0.213	0.193	4.13	3.62	5.2	5.8	7.2
CAF139	12/30/2011	0.282	0.395	0.353	0.214	0.193	4.52	4.07	5.3	5.8	7.15
CAF139	12/31/2011	0.259	0.218	0.426	0.214	0.193	4.49	4.29	5.45	5.8	7.1
CAF139	01/01/2012	0.251	0.201	0.377	0.214	0.193	4.02	4.12	5.5	5.89	7.1
CAF139	01/02/2012	0.249	0.195	0.355	0.214	0.193	3.81	3.93	5.5	5.9	7.1
CAF139	01/03/2012	0.248	0.193	0.343	0.214	0.193	3.87	3.9	5.47	5.9	7.1
CAF139	01/04/2012	0.248	0.191	0.339	0.214	0.193	4.14	3.98	5.4	5.84	7
CAF139	01/05/2012	0.247	0.19	0.336	0.214	0.193	4.65	4.24	5.46	5.8	7
CAF139	01/06/2012	0.247	0.19	0.334	0.214	0.193	4.55	4.4	5.55	5.81	7
CAF139	01/07/2012	0.246	0.189	0.332	0.214	0.193	4.07	4.19	5.6	5.9	7
CAF139	01/08/2012	0.246	0.188	0.33	0.214	0.193	3.98	4.05	5.54	5.9	6.99
CAF139	01/09/2012	0.245	0.187	0.328	0.214	0.193	4.02	4	5.5	5.82	6.9
CAF139	01/10/2012	0.245	0.185	0.327	0.214	0.193	4.18	4.08	5.5	5.8	6.9
CAF139	01/11/2012	0.245	0.187	0.326	0.214	0.193	3.94	4.04	5.5	5.8	6.9
CAF139	01/12/2012	0.244	0.186	0.324	0.214	0.193	3.54	3.79	5.42	5.8	6.9
CAF139	01/13/2012	0.243	0.186	0.323	0.214	0.193	3.23	3.53	5.33	5.7	6.83
CAF139	01/14/2012	0.243	0.185	0.321	0.214	0.193	3.05	3.34	5.17	5.66	6.8
CAF139	01/15/2012	0.243	0.184	0.319	0.214	0.193	2.98	3.22	5.09	5.59	6.78
CAF139	01/16/2012	0.242	0.183	0.318	0.214	0.193	2.9	3.12	5	5.5	6.7
CAF139	01/17/2012	0.242	0.183	0.317	0.214	0.193	2.9	3.1	4.9	5.41	6.66
CAF139	01/18/2012	0.242	0.182	0.316	0.214	0.193	2.9	3.02	4.82	5.35	6.6
CAF139	01/19/2012	0.241	0.237	0.315	0.213	0.192	2.89	2.96	4.79	5.29	6.54
CAF139	01/20/2012	0.27	0.409	0.386	0.213	0.193	2.79	2.9	4.7	5.2	6.5
CAF139	01/21/2012	0.351	0.463	0.422	0.259	0.193	2.49	2.7	4.61	5.14	6.41
CAF139	01/22/2012	0.283	0.457	0.423	0.459	0.192	2.63	2.75	4.5	5.04	6.39
CAF139	01/23/2012	0.269	0.283	0.423	0.458	0.192	2.74	2.82	4.5	5	6.3
CAF139	01/24/2012	0.265	0.24	0.424	0.457	0.192	2.8	2.86	4.5	4.93	6.26
CAF139	01/25/2012	0.383	0.474	0.424	0.462	0.408	2.59	2.72	4.43	4.82	6.17
CAF139	01/26/2012	0.386	0.472	0.425	0.463	0.493	2.6	2.67	4.32	4.8	6.1
CAF139	01/27/2012	0.326	0.467	0.426	0.463	0.493	2.73	2.75	4.3	4.72	6.05
CAF139	01/28/2012	0.297	0.47	0.427	0.463	0.493	2.74	2.78	4.3	4.7	6
CAF139	01/29/2012	0.299	0.461	0.427	0.462	0.493	2.7	2.76	4.3	4.7	5.96
CAF139	01/30/2012	0.377	0.484	0.427	0.465	0.494	2.65	2.69	4.26	4.62	5.9
CAF139	01/31/2012	0.378	0.479	0.427	0.466	0.495	2.93	2.78	4.2	4.6	5.83
CAF139	02/01/2012	0.364	0.484	0.428	0.466	0.495	3.14	2.9	4.2	4.55	5.8
CAF139	02/02/2012	0.366	0.481	0.429	0.467	0.496	3.15	2.98	4.27	4.5	5.73
CAF139	02/03/2012	0.366	0.478	0.428	0.466	0.496	3.33	3.07	4.3	4.5	5.7
CAF139	02/04/2012	0.365	0.477	0.429	0.466	0.496	3.23	3.1	4.3	4.54	5.7
CAF139	02/05/2012	0.365	0.475	0.429	0.466	0.497	3.25	3.1	4.34	4.6	5.7
CAF139	02/06/2012	0.36	0.473	0.429	0.466	0.497	3.27	3.13	4.4	4.6	5.7
CAF139	02/07/2012	0.328	0.47	0.428	0.466	0.497	3.3	3.15	4.4	4.6	5.67
CAF139	02/08/2012	0.314	0.468	0.429	0.466	0.498	3.34	3.2	4.4	4.6	5.6
CAF139	02/09/2012	0.31	0.47	0.429	0.466	0.498	3.39	3.2	4.4	4.57	5.6
CAF139	02/10/2012	0.309	0.469	0.429	0.466	0.498	3.82	3.37	4.37	4.6	5.6
CAF139	02/11/2012	0.311	0.474	0.429	0.467	0.498	4.29	3.65	4.49	4.6	5.6
CAF139	02/12/2012	0.371	0.473	0.43	0.467	0.499	4.29	3.81	4.6	4.61	5.6
CAF139	02/13/2012	0.336	0.465	0.43	0.467	0.499	4.3	3.9	4.7	4.7	5.6
CAF139	02/14/2012	0.313	0.465	0.43	0.467	0.499	4.08	3.81	4.78	4.7	5.6
CAF139	02/15/2012	0.311	0.463	0.43	0.467	0.499	3.89	3.74	4.8	4.8	5.6
CAF139	02/16/2012	0.31	0.459	0.43	0.467	0.499	3.73	3.6	4.78	4.8	5.6
CAF139	02/17/2012	0.304	0.456	0.43	0.467	0.499	3.47	3.44	4.7	4.8	5.6
CAF139	02/18/2012	0.305	0.46	0.43	0.467	0.499	3.81	3.53	4.7	4.75	5.6
CAF139	02/19/2012	0.335	0.462	0.43	0.467	0.499	3.74	3.6	4.7	4.7	5.6
CAF139	02/20/2012	0.315	0.462	0.43	0.467	0.499	3.52	3.49	4.7	4.7	5.6
CAF139	02/21/2012	0.375	0.475	0.431	0.468	0.5	3.4	3.39	4.62	4.7	5.6
CAF139	02/22/2012	0.392	0.469	0.431	0.468	0.5	4.25	3.63	4.6	4.7	5.6
CAF139	02/23/2012	0.393	0.462	0.431	0.467	0.5	4.29	3.98	4.67	4.7	5.6
CAF139	02/24/2012	0.392	0.459	0.43	0.467	0.499	3.95	3.82	4.72	4.7	5.6
CAF139	02/25/2012	0.386	0.463	0.431	0.467	0.499	3.88	3.68	4.8	4.7	5.6
CAF139	02/26/2012	0.324	0.456	0.43	0.467	0.499	3.65	3.59	4.72	4.7	5.6
CAF139	02/27/2012	0.317	0.458	0.43	0.468	0.499	3.43	3.43	4.7	4.7	5.6
CAF139	02/28/2012	0.322	0.451	0.43	0.467	0.5	3.26	3.31	4.61	4.7	5.6
CAF139	02/29/2012	0.358	0.452	0.429	0.467	0.5	3.13	3.18	4.55	4.65	5.52
CAF139	03/01/2012	0.343	0.456	0.43	0.467	0.5	3.07	3.07	4.48	4.6	5.5
CAF139	03/02/2012	0.392	0.459	0.43	0.468	0.5	2.98	3.04	4.4	4.54	5.5
CAF139	03/03/2012	0.391	0.462	0.43	0.468	0.5	2.98	3	4.3	4.5	5.46
CAF139	03/04/2012	0.391	0.456	0.429	0.467	0.5	3.5	3.14	4.3	4.43	5.4
CAF139	03/05/2012	0.39	0.454	0.429	0.467	0.5	4.44	3.66	4.35	4.4	5.4
CAF139	03/06/2012	0.394	0.451	0.43	0.467	0.5	4.32	3.96	4.51	4.45	5.4
CAF139	03/07/2012	0.363	0.45	0.43	0.467	0.5	3.83	3.79	4.6	4.5	5.39
CAF139	03/08/2012	0.323	0.447	0.43	0.467	0.5	3.72	3.64	4.6	4.56	5.4
CAF139	03/09/2012	0.32	0.444	0.429	0.467	0.5	4.16	3.74	4.6	4.6	5.4
CAF139	03/10/2012	0.32	0.439	0.429	0.467	0.5	4.96	4.18	4.61	4.6	5.4
CAF139	03/11/2012	0.32	0.444	0.429	0.467	0.5	5.41	4.62	4.8	4.6	5.4
CAF139	03/12/2012	0.323	0.444	0.43	0.467	0.5	4.92	4.62	4.97	4.7	5.4
CAF139	03/13/2012	0.389	0.453	0.431	0.468	0.5	4.6	4.41	5.09	4.8	5.41
CAF139	03/14/2012	0.395	0.451	0.431	0.468	0.5	4.4	4.3	5	4.8	5.5
CAF139	03/15/2012	0.399	0.457	0.432	0.468	0.5	4.59	4.25	5	4.8	5.5
CAF139	03/16/2012	0.4	0.454	0.432	0.468	0.5	5.1	4.52	5.02	4.85	5.5
CAF139	03/17/2012	0.399	0.449	0.431	0.468	0.5	5.33	4.77	5.12	4.9	5.58
CAF139	03/18/2012	0.398	0.442	0.431	0.468	0.5	5.04	4.78	5.21	4.92	5.6
CAF139	03/19/2012	0.397	0.437	0.43	0.468	0.5	4.57	4.54	5.29	5	5.61
CAF139	03/20/2012	0.397	0.436	0.431	0.468	0.5	4.32	4.33	5.2	5	5.7
CAF139	03/21/2012	0.401	0.447	0.432	0.468	0.501	3.98	4.11	5.14	5	5.7
CAF139	03/22/2012	0.4	0.445	0.432	0.468	0.501	3.7	3.9	5.05	4.95	5.7
CAF139	03/23/2012	0.4	0.446	0.432	0.468	0.501	3.78	3.8	4.95	4.9	5.7
CAF139	03/24/2012	0.398	0.438	0.431	0.468	0.5	4	3.9	4.9	4.84	5.7
CAF139	03/25/2012	0.398	0.435	0.43	0.468	0.501	4.88	4.25	4.9	4.8	5.62
CAF139	03/26/2012	0.402	0.438	0.431	0.468	0.501	5.8	4.89	5	4.8	5.6
CAF139	03/27/2012	0.4	0.434	0.431	0.468	0.501	5.58	5.07	5.22	4.88	5.6
CAF139	03/28/2012	0.4	0.434	0.432	0.468	0.501	5.9	5.25	5.35	4.98	5.6
CAF139	03/29/2012	0.401	0.434	0.432	0.468	0.501	6.16	5.53	5.49	5.06	5.64
CAF139	03/30/2012	0.402	0.434	0.433	0.468	0.501	6.37	5.67	5.64	5.16	5.7
CAF139	03/31/2012	0.401	0.431	0.432	0.469	0.501	6.4	5.85	5.77	5.25	5.7
CAF139	04/01/2012	0.402	0.43	0.432	0.469	0.501	6.29	5.9	5.89	5.36	5.8
CAF139	04/02/2012	0.401	0.425	0.433	0.469	0.501	5.73	5.65	6	5.45	5.81
CAF139	04/03/2012	0.4	0.421	0.432	0.469	0.501	5.94	5.63	6	5.5	5.9
CAF139	04/04/2012	0.401	0.426	0.432	0.469	0.501	5.99	5.66	6	5.5	5.9
CAF139	04/05/2012	0.399	0.428	0.432	0.469	0.501	5.15	5.29	6	5.56	5.96
CAF139	04/06/2012	0.4	0.425	0.432	0.469	0.501	5	5	5.91	5.57	6
CAF139	04/07/2012	0.4	0.421	0.432	0.469	0.501	4.82	4.77	5.82	5.5	6
CAF139	04/08/2012	0.401	0.418	0.432	0.469	0.501	5.55	5	5.75	5.5	6
CAF139	04/09/2012	0.4	0.414	0.431	0.468	0.501	6.31	5.41	5.8	5.5	6
CAF139	04/10/2012	0.4	0.409	0.431	0.468	0.501	7.22	5.92	5.9	5.5	6
CAF139	04/11/2012	NA	NA	NA	NA	NA	NA	NA	NA	NA	NA
CAF139	05/03/2014	0.359	0.358	0.452	0.453	0.496	10.57	9.2	8.21	7.64	7.42
CAF139	05/04/2014	0.357	0.355	0.451	0.452	0.496	10.18	9.3	8.48	7.79	7.5
CAF139	05/05/2014	0.356	0.349	0.451	0.452	0.496	10.03	9.39	8.66	7.96	7.57
CAF139	05/06/2014	0.355	0.345	0.452	0.452	0.496	9.96	9.4	8.78	8.14	7.67
CAF139	05/07/2014	0.354	0.342	0.452	0.452	0.496	9.83	9.4	8.89	8.24	7.75
CAF139	05/08/2014	0.354	0.341	0.452	0.452	0.497	10.18	9.48	8.94	8.3	7.84
CAF139	05/09/2014	0.354	0.34	0.451	0.452	0.497	10.48	9.67	9.03	8.4	7.91
CAF139	05/10/2014	0.352	0.339	0.451	0.453	0.497	9.91	9.73	9.15	8.49	8
CAF139	05/11/2014	0.352	0.336	0.451	0.453	0.497	9.78	9.59	9.2	8.59	8.08
CAF139	05/12/2014	0.352	0.335	0.451	0.453	0.497	10.05	9.63	9.2	8.63	8.14
CAF139	05/13/2014	0.354	0.335	0.451	0.453	0.497	10.81	9.82	9.27	8.7	8.2
CAF139	05/14/2014	0.356	0.334	0.451	0.453	0.497	11.77	10.19	9.39	8.73	8.26
CAF139	05/15/2014	0.359	0.335	0.452	0.453	0.497	12.88	10.73	9.61	8.85	8.3
CAF139	05/16/2014	0.361	0.335	0.452	0.453	0.497	13.71	11.32	9.91	9	8.4
CAF139	05/17/2014	0.36	0.335	0.453	0.453	0.497	13.81	11.8	10.21	9.21	8.5
CAF139	05/18/2014	0.358	0.335	0.454	0.453	0.497	13.43	11.98	10.5	9.44	8.63
CAF139	05/19/2014	0.356	0.335	0.454	0.454	0.497	13.01	11.97	10.68	9.65	8.75
CAF139	05/20/2014	0.356	0.334	0.455	0.454	0.497	13.38	12	10.81	9.82	8.89
CAF139	05/21/2014	0.357	0.334	0.455	0.454	0.498	13.98	12.3	10.94	9.95	9.02
CAF139	05/22/2014	0.359	0.334	0.455	0.454	0.498	14.6	12.63	11.12	10.09	9.15
CAF139	05/23/2014	0.361	0.334	0.455	0.455	0.496	15.41	13.09	11.36	10.26	9.26
CAF139	05/24/2014	0.359	0.335	0.456	0.455	0.477	15.32	13.44	11.65	10.46	9.37
CAF139	05/25/2014	0.358	0.334	0.456	0.455	0.359	15.34	13.58	11.88	10.68	9.53
CAF139	05/26/2014	0.358	0.334	0.456	0.454	0.448	15.56	13.76	12.08	10.87	9.65
CAF139	05/27/2014	0.356	0.334	0.456	0.441	0.472	15.33	13.9	12.25	11.07	9.8
CAF139	05/28/2014	0.355	0.333	0.456	0.428	0.36	15.11	13.94	12.37	11.2	9.95
CAF139	05/29/2014	0.351	0.332	0.456	0.42	0.476	13.58	13.63	12.48	11.33	10.07
CAF139	05/30/2014	0.351	0.331	0.455	0.422	0.4	13.64	13.28	12.4	11.4	10.2
CAF139	05/31/2014	0.355	0.331	0.455	0.438	0.305	14.72	13.4	12.32	11.4	10.3
CAF139	06/01/2014	0.357	0.331	0.455	0.441	0.305	15.55	13.79	12.43	11.45	10.4
CAF139	06/02/2014	0.358	0.331	0.455	0.441	0.302	16.3	14.21	12.6	11.54	10.46
CAF139	06/03/2014	0.36	0.332	0.456	0.441	0.299	16.97	14.65	12.84	11.68	10.55
CAF139	06/04/2014	0.36	0.333	0.456	0.428	0.299	17.28	15.04	13.11	11.85	10.65
CAF139	06/05/2014	0.359	0.333	0.456	0.43	0.299	17.47	15.33	13.37	12.05	10.77
CAF139	06/06/2014	0.357	0.332	0.456	0.438	0.296	16.91	15.42	13.59	12.25	10.9
CAF139	06/07/2014	0.356	0.332	0.456	0.441	0.29	16.74	15.38	13.73	12.42	11.05
CAF139	06/08/2014	0.355	0.331	0.457	0.442	0.29	16.76	15.39	13.83	12.55	11.17
CAF139	06/09/2014	0.356	0.331	0.458	0.443	0.288	17.1	15.53	13.92	12.67	11.3
CAF139	06/10/2014	0.355	0.331	0.452	0.443	0.286	16.83	15.6	14.04	12.78	11.42
CAF139	06/11/2014	0.353	0.33	0.441	0.438	0.275	16.53	15.55	14.1	12.9	11.53
CAF139	06/12/2014	0.354	0.33	0.438	0.436	0.27	16.98	15.58	14.16	13	11.64
CAF139	06/13/2014	0.352	0.33	0.434	0.434	0.265	16.67	15.66	14.24	13.08	11.74
CAF139	06/14/2014	0.349	0.329	0.431	0.432	0.255	15.88	15.5	14.3	13.16	11.83
CAF139	06/15/2014	0.345	0.328	0.429	0.431	0.25	14.95	15.12	14.24	13.2	11.91
CAF139	06/16/2014	0.344	0.328	0.426	0.429	0.248	14.85	14.82	14.11	13.2	12
CAF139	06/17/2014	0.342	0.327	0.425	0.421	0.245	14.45	14.63	13.97	13.18	12.05
CAF139	06/18/2014	0.339	0.325	0.423	0.413	0.243	13.47	14.23	13.84	13.1	12.1
CAF139	06/19/2014	0.342	0.324	0.421	0.408	0.241	13.67	13.91	13.64	13.04	12.1
CAF139	06/20/2014	0.346	0.324	0.421	0.404	0.239	14.62	14.01	13.5	12.94	12.1
CAF139	06/21/2014	0.347	0.325	0.42	0.399	0.237	14.86	14.18	13.5	12.9	12.1
CAF139	06/22/2014	0.349	0.325	0.42	0.397	0.236	15.64	14.44	13.54	12.9	12.1
CAF139	06/23/2014	0.352	0.326	0.42	0.395	0.236	16.61	14.85	13.66	12.9	12.1
CAF139	06/24/2014	0.355	0.327	0.421	0.394	0.235	17.52	15.4	13.88	12.98	12.1
CAF139	06/25/2014	0.354	0.328	0.421	0.394	0.235	17.36	15.75	14.15	13.14	12.14
CAF139	06/26/2014	0.354	0.328	0.422	0.395	0.235	17.86	16.01	14.37	13.29	12.21
CAF139	06/27/2014	0.352	0.328	0.422	0.394	0.234	17.3	16.18	14.58	13.45	12.31
CAF139	06/28/2014	0.349	0.328	0.421	0.392	0.234	16.71	16.03	14.7	13.6	12.41
CAF139	06/29/2014	0.348	0.327	0.421	0.391	0.233	16.82	15.96	14.7	13.7	12.5
CAF139	06/30/2014	0.348	0.327	0.42	0.388	0.233	16.93	15.99	14.79	13.78	12.6
CAF139	07/01/2014	0.35	0.327	0.42	0.388	0.233	17.78	16.18	14.82	13.82	12.67
CAF139	07/02/2014	0.351	0.328	0.42	0.388	0.233	18.7	16.6	14.97	13.91	12.73
CAF139	07/03/2014	0.352	0.329	0.42	0.387	0.233	19.56	17.11	15.2	14.04	12.8
CAF139	07/04/2014	0.35	0.33	0.421	0.387	0.233	19.78	17.57	15.5	14.22	12.91
CAF139	07/05/2014	0.345	0.33	0.421	0.386	0.233	19.75	17.79	15.78	14.42	13.03
CAF139	07/06/2014	0.342	0.33	0.421	0.385	0.232	20.26	18.04	15.99	14.62	13.15
CAF139	07/07/2014	0.337	0.331	0.421	0.385	0.232	20.79	18.4	16.22	14.8	13.28
CAF139	07/08/2014	0.33	0.331	0.422	0.385	0.232	21.32	18.77	16.49	15	13.43
CAF139	07/09/2014	0.317	0.331	0.423	0.385	0.233	21.84	19.17	16.77	15.21	13.57
CAF139	07/10/2014	0.299	0.331	0.423	0.385	0.233	21.85	19.46	17.06	15.45	13.73
CAF139	07/11/2014	0.281	0.331	0.424	0.384	0.232	21.89	19.66	17.3	15.67	13.88
CAF139	07/12/2014	0.268	0.33	0.424	0.383	0.232	22.09	19.84	17.51	15.88	14.05
CAF139	07/13/2014	0.257	0.329	0.424	0.382	0.232	22.31	20.03	17.7	16.07	14.21
CAF139	07/14/2014	0.253	0.329	0.425	0.382	0.232	22.63	20.24	17.89	16.25	14.36
CAF139	07/15/2014	0.249	0.328	0.425	0.382	0.233	22.53	20.39	18.09	16.45	14.54
CAF139	07/16/2014	0.247	0.326	0.425	0.382	0.233	22.71	20.55	18.25	16.65	14.68
CAF139	07/17/2014	0.245	0.324	0.424	0.382	0.233	22.88	20.68	18.42	16.82	14.84
CAF139	07/18/2014	0.244	0.322	0.426	0.381	0.233	22.37	20.75	18.56	16.96	14.97
CAF139	07/19/2014	0.243	0.319	0.427	0.381	0.233	21.7	20.53	18.6	17.11	15.14
CAF139	07/20/2014	0.243	0.315	0.426	0.38	0.233	21.77	20.4	18.6	17.2	15.26
CAF139	07/21/2014	0.242	0.311	0.424	0.379	0.233	21.08	20.27	18.6	17.28	15.38
CAF139	07/22/2014	0.241	0.305	0.422	0.378	0.232	21.05	20.07	18.59	17.3	15.49
CAF139	07/23/2014	0.241	0.299	0.419	0.378	0.233	20.77	19.96	18.5	17.3	15.58
CAF139	07/24/2014	0.24	0.292	0.416	0.376	0.232	19.7	19.71	18.47	17.3	15.6
CAF139	07/25/2014	0.239	0.284	0.411	0.376	0.232	18.9	19.2	18.32	17.3	15.7
CAF139	07/26/2014	0.239	0.274	0.405	0.375	0.232	19.38	18.97	18.12	17.24	15.7
CAF139	07/27/2014	0.239	0.263	0.396	0.374	0.232	20.03	19.07	18	17.16	15.7
CAF139	07/28/2014	0.239	0.252	0.382	0.373	0.232	20.78	19.27	18	17.1	15.7
CAF139	07/29/2014	0.239	0.241	0.363	0.372	0.232	21.5	19.62	18.06	17.1	15.7
CAF139	07/30/2014	0.239	0.232	0.341	0.371	0.232	21.98	19.96	18.21	17.18	15.75
CAF139	07/31/2014	0.238	0.225	0.319	0.371	0.232	22.17	20.19	18.36	17.26	15.8
CAF139	08/01/2014	0.237	0.218	0.299	0.37	0.232	22.53	20.45	18.52	17.37	15.85
CAF139	08/02/2014	0.236	0.214	0.283	0.369	0.232	22.76	20.66	18.66	17.47	15.92
CAF139	08/03/2014	0.236	0.21	0.272	0.368	0.232	22.72	20.83	18.81	17.59	16
CAF139	08/04/2014	0.235	0.207	0.264	0.366	0.232	22.5	20.82	18.92	17.71	16.1
CAF139	08/05/2014	0.234	0.205	0.259	0.364	0.232	22.61	20.85	19	17.8	16.18
CAF139	08/06/2014	0.234	0.202	0.256	0.36	0.232	22.55	20.9	19.05	17.88	16.26
CAF139	08/07/2014	0.233	0.201	0.255	0.354	0.232	22.38	20.87	19.1	17.94	16.33
CAF139	08/08/2014	0.233	0.199	0.257	0.347	0.231	22.25	20.86	19.1	18	16.4
CAF139	08/09/2014	0.232	0.198	0.26	0.337	0.231	21.69	20.71	19.1	18.03	16.49
CAF139	08/10/2014	0.232	0.196	0.26	0.326	0.231	21.93	20.63	19.1	18.1	16.53
CAF139	08/11/2014	0.232	0.195	0.258	0.316	0.231	22.42	20.74	19.1	18.1	16.6
CAF139	08/12/2014	0.233	0.195	0.257	0.307	0.231	22.94	20.96	19.14	18.1	16.61
CAF139	08/13/2014	0.232	0.196	0.26	0.299	0.231	22.27	21.06	19.25	18.15	16.7
CAF139	08/14/2014	0.231	0.196	0.262	0.291	0.231	21.24	20.73	19.28	18.2	16.71
CAF139	08/15/2014	0.23	0.196	0.263	0.282	0.23	20.56	20.35	19.17	18.2	16.8
CAF139	08/16/2014	0.23	0.196	0.262	0.267	0.23	20.29	20.02	19.04	18.2	16.8
CAF139	08/17/2014	0.231	0.195	0.262	0.252	0.23	20.78	19.95	18.91	18.12	16.8
CAF139	08/18/2014	0.232	0.195	0.26	0.246	0.23	21.47	20.15	18.89	18.1	16.8
CAF139	08/19/2014	0.233	0.196	0.259	0.242	0.229	21.96	20.37	18.9	18.1	16.8
CAF139	08/20/2014	0.232	0.196	0.262	0.239	0.229	21.82	20.55	18.98	18.1	16.8
CAF139	08/21/2014	0.232	0.196	0.263	0.237	0.228	21.26	20.43	19	18.1	16.89
CAF139	08/22/2014	0.232	0.196	0.263	0.235	0.228	21.16	20.35	19	18.2	16.9
CAF139	08/23/2014	0.231	0.196	0.264	0.234	0.227	20.64	20.19	19	18.2	16.9
CAF139	08/24/2014	0.23	0.196	0.264	0.233	0.226	20.37	19.94	18.9	18.17	16.9
CAF139	08/25/2014	0.231	0.195	0.263	0.232	0.225	20.38	19.85	18.82	18.1	16.9
CAF139	08/26/2014	0.231	0.195	0.263	0.231	0.224	20.58	19.8	18.8	18.1	16.9
CAF139	08/27/2014	0.232	0.195	0.263	0.23	0.223	21.05	19.88	18.73	18.05	16.9
CAF139	08/28/2014	0.232	0.196	0.263	0.229	0.221	21.59	20.15	18.8	18	16.9
CAF139	08/29/2014	0.232	0.196	0.263	0.229	0.219	21.39	20.28	18.87	18.1	16.92
CAF139	08/30/2014	0.232	0.196	0.264	0.228	0.218	21.43	20.3	18.92	18.1	17
CAF139	08/31/2014	0.231	0.196	0.264	0.228	0.217	20.95	20.26	19	18.13	17
CAF139	09/01/2014	0.23	0.196	0.264	0.228	0.216	20.34	20.1	18.96	18.2	17
CAF139	09/02/2014	0.23	0.195	0.263	0.228	0.216	20.22	19.9	18.9	18.18	17
CAF139	09/03/2014	0.23	0.195	0.262	0.228	0.216	19.96	19.8	18.8	18.1	17.05
CAF139	09/04/2014	0.228	0.194	0.262	0.228	0.216	18.81	19.41	18.72	18.1	17.1
CAF139	09/05/2014	0.228	0.194	0.26	0.228	0.216	19.06	19.12	18.54	18.02	17.04
CAF139	09/06/2014	0.229	0.194	0.259	0.228	0.215	19.41	19.1	18.41	17.92	17
CAF139	09/07/2014	0.23	0.193	0.258	0.227	0.215	19.8	19.18	18.4	17.85	17
CAF139	09/08/2014	0.23	0.193	0.257	0.227	0.215	20.07	19.34	18.4	17.8	17
CAF139	09/09/2014	0.23	0.193	0.257	0.227	0.215	19.94	19.39	18.4	17.8	16.91
CAF139	09/10/2014	0.229	0.193	0.257	0.227	0.214	19.57	19.33	18.4	17.8	16.9
CAF139	09/11/2014	0.227	0.193	0.257	0.227	0.214	18.56	19.03	18.37	17.8	16.9
CAF139	09/12/2014	0.227	0.192	0.257	0.227	0.214	18.23	18.68	18.23	17.74	16.9
CAF139	09/13/2014	0.227	0.192	0.256	0.227	0.214	18.25	18.51	18.07	17.67	16.9
CAF139	09/14/2014	0.227	0.192	0.255	0.226	0.213	18.45	18.44	17.95	17.58	16.9
CAF139	09/15/2014	0.228	0.192	0.254	0.226	0.213	18.66	18.45	17.9	17.5	16.81
CAF139	09/16/2014	0.228	0.192	0.254	0.226	0.212	19.08	18.57	17.87	17.44	16.8
CAF139	09/17/2014	0.229	0.192	0.254	0.226	0.212	19.37	18.75	17.9	17.4	16.77
CAF139	09/18/2014	0.228	0.193	0.254	0.226	0.211	19.41	18.8	17.9	17.4	16.7
CAF139	09/19/2014	0.227	0.193	0.255	0.226	0.211	19.36	18.85	17.99	17.4	16.7
CAF139	09/20/2014	0.227	0.194	0.256	0.226	0.211	19.4	18.86	18	17.4	16.7
CAF139	09/21/2014	0.228	0.194	0.256	0.227	0.212	19.75	18.97	18	17.44	16.7
CAF139	09/22/2014	0.228	0.194	0.257	0.227	0.212	19.97	19.13	18.06	17.5	16.7
CAF139	09/23/2014	0.228	0.195	0.257	0.227	0.212	19.88	19.2	18.1	17.5	16.7
CAF139	09/24/2014	0.227	0.195	0.258	0.227	0.212	19.56	19.15	18.2	17.5	16.7
CAF139	09/25/2014	0.227	0.195	0.258	0.228	0.212	19.31	19.07	18.2	17.5	16.79
CAF139	09/26/2014	0.226	0.194	0.257	0.228	0.212	19.02	18.9	18.1	17.5	16.8
CAF139	09/27/2014	0.226	0.194	0.255	0.228	0.212	18.81	18.76	18.08	17.5	16.8
CAF139	09/28/2014	0.226	0.194	0.256	0.228	0.212	18.68	18.64	18	17.5	16.8
CAF139	09/29/2014	0.226	0.194	0.256	0.228	0.212	18.75	18.6	17.92	17.5	16.8
CAF139	09/30/2014	0.224	0.194	0.255	0.228	0.213	17.81	18.42	17.89	17.41	16.8
CAF139	10/01/2014	0.222	0.193	0.254	0.228	0.213	16.36	17.85	17.74	17.39	16.75
CAF139	10/02/2014	0.221	0.191	0.253	0.228	0.213	15.55	17.2	17.47	17.27	16.7
CAF139	10/03/2014	0.22	0.191	0.252	0.228	0.213	15.27	16.78	17.17	17.11	16.69
CAF139	10/04/2014	0.22	0.19	0.251	0.228	0.213	15.34	16.47	16.89	16.92	16.6
CAF139	10/05/2014	0.221	0.19	0.25	0.228	0.213	15.9	16.48	16.7	16.75	16.51
CAF139	10/06/2014	0.222	0.19	0.25	0.227	0.213	16.57	16.65	16.6	16.61	16.42
CAF139	10/07/2014	0.223	0.191	0.25	0.227	0.213	17.16	16.87	16.6	16.5	16.33
CAF139	10/08/2014	0.223	0.191	0.25	0.227	0.213	17.47	17.15	16.65	16.5	16.29
CAF139	10/09/2014	0.223	0.191	0.25	0.227	0.213	16.96	17.17	16.7	16.5	16.2
CAF139	10/10/2014	0.222	0.191	0.25	0.227	0.213	16.73	17.07	16.7	16.5	16.2
CAF139	10/11/2014	0.222	0.191	0.25	0.228	0.213	16.77	17	16.7	16.45	16.2
CAF139	10/12/2014	0.221	0.191	0.25	0.228	0.213	15.9	16.8	16.61	16.4	16.12
CAF139	10/13/2014	0.22	0.19	0.25	0.228	0.213	15.48	16.49	16.51	16.37	16.1
CAF139	10/14/2014	0.22	0.19	0.249	0.228	0.213	15.41	16.26	16.35	16.29	16.1
CAF139	10/15/2014	0.22	0.189	0.249	0.228	0.213	14.96	16.1	16.23	16.19	16.01
CAF139	10/16/2014	0.218	0.188	0.249	0.228	0.212	13.71	15.67	16.06	16.08	16
CAF139	10/17/2014	0.217	0.187	0.248	0.228	0.212	13.03	15.11	15.8	15.95	15.9
CAF139	10/18/2014	0.217	0.187	0.248	0.228	0.212	13.28	14.8	15.51	15.8	15.83
CAF139	10/19/2014	0.218	0.187	0.248	0.228	0.212	13.86	14.82	15.33	15.61	15.73
CAF139	10/20/2014	0.219	0.187	0.247	0.228	0.212	14.34	14.96	15.2	15.47	15.63
CAF139	10/21/2014	0.219	0.187	0.247	0.228	0.212	14.62	15.1	15.2	15.4	15.53
CAF139	10/22/2014	0.218	0.187	0.247	0.228	0.212	13.77	15.02	15.2	15.3	15.45
CAF139	10/23/2014	0.218	0.187	0.247	0.228	0.212	13.41	14.73	15.08	15.28	15.4
CAF139	10/24/2014	0.217	0.186	0.247	0.228	0.212	12.69	14.44	14.95	15.2	15.31
CAF139	10/25/2014	0.216	0.186	0.247	0.228	0.212	12.22	14.03	14.76	15.07	15.26
CAF139	10/26/2014	0.216	0.185	0.246	0.228	0.212	12.22	13.79	14.55	14.94	15.17
CAF139	10/27/2014	0.215	0.185	0.246	0.228	0.212	11.46	13.5	14.37	14.79	15.08
CAF139	10/28/2014	0.214	0.184	0.246	0.228	0.211	10.98	13.13	14.15	14.65	14.98
CAF139	10/29/2014	0.214	0.183	0.245	0.227	0.211	10.63	12.74	13.91	14.47	14.87
CAF139	10/30/2014	0.215	0.183	0.245	0.227	0.211	11.03	12.6	13.68	14.29	14.76
CAF139	10/31/2014	0.216	0.183	0.245	0.227	0.211	11.5	12.63	13.53	14.13	14.65
CAF139	11/01/2014	0.217	0.184	0.245	0.227	0.211	11.73	12.78	13.5	14.01	14.53
CAF139	11/02/2014	0.215	0.183	0.245	0.227	0.211	10.67	12.58	13.42	13.9	14.42
CAF139	11/03/2014	0.215	0.183	0.244	0.227	0.211	10.08	12.19	13.27	13.83	14.33
CAF139	11/04/2014	0.215	0.182	0.244	0.227	0.211	9.912	11.87	13.06	13.68	14.24
CAF139	11/05/2014	0.215	0.182	0.244	0.227	0.211	10.18	11.77	12.87	13.54	14.13
CAF139	11/06/2014	0.216	0.182	0.244	0.226	0.211	10.67	11.8	12.75	13.4	14.03
CAF139	11/07/2014	0.216	0.182	0.243	0.226	0.211	10.71	11.87	12.7	13.3	13.92
CAF139	11/08/2014	0.216	0.182	0.243	0.226	0.211	10.22	11.78	12.65	13.2	13.82
CAF139	11/09/2014	0.215	0.182	0.243	0.226	0.21	9.979	11.58	12.55	13.14	13.74
CAF139	11/10/2014	0.214	0.182	0.243	0.226	0.21	9.275	11.35	12.42	13.04	13.65
CAF139	11/11/2014	0.213	0.181	0.243	0.226	0.21	8.008	10.9	12.23	12.93	13.57
CAF139	11/12/2014	0.21	0.18	0.242	0.226	0.21	6.104	10.05	11.94	12.76	13.47
CAF139	11/13/2014	0.209	0.178	0.242	0.226	0.21	4.758	9.062	11.49	12.54	13.36
CAF139	11/14/2014	0.208	0.177	0.241	0.226	0.21	4.192	8.292	10.98	12.24	13.22
CAF139	11/15/2014	0.208	0.176	0.24	0.225	0.21	3.65	7.792	10.5	11.89	13.04
CAF139	11/16/2014	0.207	0.176	0.24	0.225	0.21	3.121	7.25	10.07	11.55	12.84
CAF139	11/17/2014	0.207	0.175	0.239	0.224	0.209	2.846	6.788	9.65	11.23	12.62
CAF139	11/18/2014	0.207	0.174	0.238	0.224	0.209	2.812	6.471	9.279	10.9	12.4
CAF139	11/19/2014	0.207	0.174	0.238	0.224	0.209	2.992	6.263	8.967	10.6	12.17
CAF139	11/20/2014	0.208	0.174	0.238	0.223	0.209	3.388	6.2	8.717	10.33	11.94
CAF139	11/21/2014	0.209	0.174	0.237	0.223	0.209	3.938	6.296	8.546	10.11	11.73
CAF139	11/22/2014	0.238	0.175	0.237	0.223	0.209	4.758	6.521	8.479	9.937	11.54
CAF139	11/23/2014	0.239	0.176	0.237	0.223	0.209	4.938	6.779	8.471	9.804	11.36
CAF139	11/24/2014	0.237	0.176	0.237	0.223	0.208	4.588	6.771	8.471	9.704	11.22
CAF139	11/25/2014	0.248	0.176	0.237	0.223	0.208	4.758	6.7	8.4	9.629	11.08
CAF139	11/26/2014	0.293	0.177	0.236	0.223	0.208	5.517	6.85	8.329	9.542	10.97
CAF139	11/27/2014	0.283	0.177	0.237	0.223	0.208	6.233	7.154	8.4	9.5	10.85
CAF139	11/28/2014	0.28	0.178	0.237	0.223	0.208	6.971	7.571	8.462	9.5	10.77
CAF139	11/29/2014	0.276	0.178	0.237	0.223	0.208	6.929	7.875	8.617	9.5	10.7
CAF139	11/30/2014	0.27	0.178	0.237	0.223	0.208	5.567	7.658	8.7	9.5	10.62
CAF139	12/01/2014	0.265	0.178	0.237	0.223	0.208	4.575	7.133	8.617	9.5	10.6
CAF139	12/02/2014	0.262	0.177	0.237	0.223	0.208	3.975	6.675	8.408	9.425	10.56
CAF139	12/03/2014	0.26	0.176	0.236	0.223	0.208	3.629	6.3	8.175	9.283	10.49
CAF139	12/04/2014	0.259	0.176	0.236	0.223	0.207	3.363	6	7.942	9.133	10.4
CAF139	12/05/2014	0.259	0.176	0.235	0.223	0.207	3.329	5.788	7.733	8.958	10.29
CAF139	12/06/2014	0.282	0.176	0.235	0.222	0.207	4.075	5.771	7.55	8.8	10.17
CAF139	12/07/2014	0.293	0.177	0.235	0.222	0.207	4.371	5.958	7.5	8.658	10.05
CAF139	12/08/2014	0.291	0.177	0.235	0.222	0.207	4.587	6.021	7.433	8.575	9.942
CAF139	12/09/2014	0.291	0.177	0.235	0.222	0.207	5.171	6.212	7.429	8.5	9.846
CAF139	12/10/2014	0.291	0.178	0.235	0.222	0.207	5.771	6.483	7.5	8.5	9.767
CAF139	12/11/2014	0.292	0.179	0.235	0.222	0.207	6.267	6.783	7.604	8.5	9.7
CAF139	12/12/2014	0.298	0.179	0.235	0.222	0.207	6.671	7.092	7.737	8.5	9.638
CAF139	12/13/2014	0.324	0.181	0.235	0.222	0.207	6.35	7.258	7.871	8.529	9.6
CAF139	12/14/2014	0.315	0.19	0.236	0.222	0.207	5.617	7.096	7.9	8.6	9.6
CAF139	12/15/2014	0.31	0.206	0.236	0.222	0.207	4.987	6.796	7.888	8.6	9.6
CAF139	12/16/2014	0.306	0.214	0.235	0.222	0.207	4.413	6.454	7.754	8.558	9.6
CAF139	12/17/2014	0.304	0.219	0.235	0.222	0.207	4.25	6.162	7.592	8.475	9.504
CAF139	12/18/2014	0.303	0.223	0.235	0.222	0.207	4.392	6.008	7.442	8.362	9.496
CAF139	12/19/2014	0.315	0.228	0.235	0.222	0.207	4.729	6.054	7.35	8.263	9.4
CAF139	12/20/2014	0.326	0.262	0.235	0.222	0.207	4.6	6.067	7.3	8.2	9.337
CAF139	12/21/2014	0.338	0.33	0.384	0.38	0.434	4.871	5.908	7.133	8.038	9.254
CAF139	12/22/2014	0.33	0.32	0.425	0.44	0.482	5.304	6.137	7.1	7.938	9.175
CAF139	12/23/2014	0.325	0.315	0.427	0.438	0.482	4.85	6.183	7.1	7.9	9.1
CAF139	12/24/2014	0.334	0.324	0.428	0.44	0.48	4.496	6	7.092	7.854	9.054
CAF139	12/25/2014	0.335	0.334	0.429	0.443	0.481	4.158	5.833	6.988	7.8	8.979
CAF139	12/26/2014	0.33	0.334	0.43	0.443	0.482	3.796	5.617	6.871	7.708	8.9
CAF139	12/27/2014	0.326	0.333	0.431	0.443	0.482	3.487	5.425	6.746	7.625	8.854
CAF139	12/28/2014	0.325	0.332	0.432	0.442	0.482	3.238	5.192	6.6	7.521	8.788
CAF139	12/29/2014	0.324	0.325	0.432	0.442	0.481	3.1	5.021	6.446	7.408	8.7
CAF139	12/30/2014	0.322	0.321	0.433	0.442	0.447	2.975	4.883	6.321	7.283	8.633
CAF139	12/31/2014	0.32	0.32	0.432	0.441	0.38	2.708	4.733	6.183	7.171	8.542
CAF139	01/01/2015	0.317	0.318	0.432	0.441	0.316	2.421	4.571	6.029	7.062	8.458
CAF139	01/02/2015	0.315	0.317	0.431	0.44	0.362	2.187	4.383	5.892	6.946	8.383
CAF139	01/03/2015	0.313	0.315	0.43	0.44	0.358	2.033	4.158	5.763	6.833	8.279
CAF139	01/04/2015	0.311	0.314	0.43	0.44	0.309	1.971	4.029	5.633	6.708	8.187
CAF139	01/05/2015	0.328	0.325	0.43	0.442	0.424	1.9	3.904	5.479	6.554	8.071
CAF139	01/06/2015	0.376	0.333	0.43	0.444	0.468	1.767	3.717	5.342	6.421	7.95
CAF139	01/07/2015	0.377	0.334	0.43	0.444	0.468	2.446	3.746	5.212	6.296	7.838
CAF139	01/08/2015	0.36	0.335	0.43	0.444	0.469	2.992	3.992	5.2	6.2	7.729
CAF139	01/09/2015	0.359	0.336	0.43	0.443	0.469	2.879	4.1	5.258	6.2	7.642
CAF139	01/10/2015	0.358	0.337	0.43	0.443	0.469	2.713	4.092	5.3	6.108	7.583
CAF139	01/11/2015	0.358	0.337	0.43	0.443	0.469	2.717	4.017	5.3	6.1	7.5
CAF139	01/12/2015	0.357	0.338	0.43	0.443	0.469	2.896	4.033	5.208	6.1	7.463
CAF139	01/13/2015	0.355	0.338	0.43	0.443	0.469	2.821	4.058	5.2	6.033	7.4
CAF139	01/14/2015	0.349	0.339	0.43	0.443	0.469	2.779	4.012	5.2	6	7.371
CAF139	01/15/2015	0.345	0.339	0.429	0.443	0.469	2.637	4	5.2	6	7.3
CAF139	01/16/2015	0.364	0.338	0.43	0.443	0.47	2.6	3.996	5.2	5.946	7.283
CAF139	01/17/2015	0.364	0.339	0.429	0.443	0.47	2.733	4	5.104	5.9	7.2
CAF139	01/18/2015	0.377	0.34	0.429	0.444	0.471	2.833	3.979	5.1	5.879	7.2
CAF139	01/19/2015	0.379	0.336	0.429	0.444	0.471	3.292	4.129	5.1	5.8	7.112
CAF139	01/20/2015	0.381	0.339	0.429	0.443	0.471	3.321	4.267	5.154	5.8	7.1
CAF139	01/21/2015	0.372	0.341	0.43	0.443	0.471	3.283	4.3	5.2	5.8	7.1
CAF139	01/22/2015	0.359	0.34	0.429	0.443	0.471	2.9	4.204	5.2	5.804	7.1
CAF139	01/23/2015	0.358	0.341	0.429	0.443	0.472	2.683	4.067	5.2	5.8	7
CAF139	01/24/2015	0.36	0.341	0.429	0.443	0.472	3.45	4.096	5.146	5.8	7
CAF139	01/25/2015	0.359	0.342	0.429	0.442	0.472	4.275	4.454	5.192	5.8	7
CAF139	01/26/2015	0.355	0.342	0.429	0.442	0.471	4.871	4.846	5.338	5.8	7
CAF139	01/27/2015	0.352	0.342	0.429	0.442	0.472	5.217	5.154	5.521	5.879	7
CAF139	01/28/2015	0.349	0.343	0.43	0.442	0.472	5.258	5.371	5.708	5.971	7
CAF139	01/29/2015	0.346	0.343	0.43	0.442	0.472	5.154	5.5	5.85	6.075	7
CAF139	01/30/2015	0.343	0.343	0.43	0.442	0.472	4.804	5.483	5.942	6.167	7.004
CAF139	01/31/2015	0.34	0.342	0.43	0.442	0.472	4.308	5.354	6	6.2	7.096
CAF139	02/01/2015	0.338	0.342	0.43	0.441	0.472	3.975	5.167	5.958	6.263	7.1
CAF139	02/02/2015	0.337	0.341	0.43	0.442	0.472	3.546	4.958	5.879	6.208	7.1
CAF139	02/03/2015	0.346	0.343	0.429	0.442	0.473	3.721	4.804	5.779	6.2	7.1
CAF139	02/04/2015	0.348	0.343	0.429	0.442	0.472	4.025	4.854	5.7	6.15	7.1
CAF139	02/05/2015	0.349	0.343	0.429	0.442	0.471	4.275	4.917	5.7	6.1	7.1
CAF139	02/06/2015	0.353	0.343	0.429	0.441	0.47	5.033	5.125	5.742	6.1	7.1
CAF139	02/07/2015	0.37	0.343	0.429	0.442	0.471	5.571	5.479	5.846	6.104	7.1
CAF139	02/08/2015	0.383	0.34	0.43	0.443	0.473	5.933	5.808	6.008	6.2	7.1
CAF139	02/09/2015	0.386	0.344	0.431	0.443	0.473	6.208	6.033	6.167	6.279	7.1
CAF139	02/10/2015	0.388	0.346	0.432	0.444	0.474	6.325	6.288	6.346	6.375	7.1
CAF139	02/11/2015	0.389	0.342	0.431	0.445	0.474	6.208	6.4	6.5	6.479	7.112
CAF139	02/12/2015	0.392	0.341	0.431	0.445	0.474	6.417	6.463	6.621	6.583	7.2
CAF139	02/13/2015	0.393	0.344	0.431	0.445	0.473	6.629	6.637	6.737	6.658	7.217
CAF139	02/14/2015	0.374	0.344	0.431	0.444	0.473	6.471	6.7	6.867	6.742	7.3
CAF139	02/15/2015	0.369	0.343	0.432	0.445	0.473	6.496	6.7	6.917	6.804	7.329
CAF139	02/16/2015	0.361	0.343	0.432	0.444	0.473	6.167	6.729	7	6.9	7.4
CAF139	02/17/2015	0.355	0.342	0.431	0.444	0.473	5.658	6.546	7	6.9	7.417
CAF139	02/18/2015	0.351	0.342	0.431	0.444	0.397	5.462	6.371	6.954	7	7.5
CAF139	02/19/2015	0.348	0.341	0.431	0.443	0.467	5.337	6.254	6.9	6.921	7.5
CAF139	02/20/2015	0.347	0.341	0.431	0.443	0.471	5.467	6.2	6.813	6.9	7.5
CAF139	02/21/2015	0.347	0.341	0.432	0.443	0.472	5.442	6.2	6.796	6.9	7.5
CAF139	02/22/2015	0.343	0.34	0.432	0.443	0.472	4.746	6.092	6.7	6.9	7.5
CAF139	02/23/2015	0.339	0.339	0.431	0.443	0.472	3.954	5.712	6.646	6.85	7.5
CAF139	02/24/2015	0.337	0.338	0.431	0.442	0.472	3.725	5.388	6.475	6.779	7.5
CAF139	02/25/2015	0.336	0.337	0.43	0.441	0.472	3.867	5.217	6.321	6.675	7.479
CAF139	02/26/2015	0.335	0.336	0.43	0.441	0.472	4.267	5.2	6.2	6.583	7.4
CAF139	02/27/2015	0.335	0.335	0.429	0.44	0.472	4.425	5.296	6.183	6.5	7.388
CAF139	02/28/2015	0.334	0.329	0.429	0.44	0.472	4.596	5.379	6.121	6.45	7.3
CAF139	03/01/2015	0.332	0.326	0.429	0.439	0.472	4.371	5.392	6.167	6.4	7.3
CAF139	03/02/2015	0.331	0.324	0.429	0.439	0.472	4.142	5.283	6.1	6.4	7.237
CAF139	03/03/2015	0.329	0.323	0.429	0.438	0.473	3.983	5.175	6.079	6.4	7.2
CAF139	03/04/2015	0.328	0.322	0.429	0.438	0.473	3.879	5.079	6	6.304	7.2
CAF139	03/05/2015	0.327	0.321	0.428	0.438	0.473	3.888	5	5.925	6.3	7.15
CAF139	03/06/2015	0.328	0.32	0.428	0.437	0.473	4.425	5.054	5.9	6.2	7.1
CAF139	03/07/2015	0.33	0.32	0.428	0.437	0.473	5.262	5.321	5.9	6.2	7.1
CAF139	03/08/2015	0.331	0.319	0.428	0.437	0.473	5.917	5.696	6.008	6.2	7.033
CAF139	03/09/2015	0.332	0.32	0.428	0.436	0.473	6.442	6.079	6.167	6.258	7
CAF139	03/10/2015	0.332	0.32	0.429	0.436	0.473	6.883	6.413	6.354	6.35	7
CAF139	03/11/2015	0.333	0.32	0.429	0.436	0.473	7.45	6.767	6.567	6.463	7.071
CAF139	03/12/2015	0.333	0.32	0.429	0.436	0.473	7.625	7.071	6.788	6.6	7.1
CAF139	03/13/2015	0.333	0.319	0.429	0.436	0.471	7.838	7.338	6.992	6.742	7.158
CAF139	03/14/2015	0.334	0.319	0.429	0.435	0.47	8.196	7.546	7.175	6.875	7.212
CAF139	03/15/2015	0.335	0.32	0.43	0.435	0.47	8.242	7.771	7.363	7.033	7.3
CAF139	03/16/2015	0.342	0.326	0.431	0.437	0.471	8.008	7.9	7.537	7.162	7.388
CAF139	03/17/2015	0.343	0.332	0.432	0.438	0.472	8.108	7.967	7.646	7.283	7.458
CAF139	03/18/2015	0.357	0.341	0.432	0.441	0.474	7.554	7.908	7.746	7.396	7.529
CAF139	03/19/2015	0.356	0.343	0.431	0.441	0.476	7.508	7.8	7.8	7.492	7.6
CAF139	03/20/2015	0.353	0.343	0.431	0.441	0.476	7.596	7.8	7.8	7.5	7.692
CAF139	03/21/2015	0.352	0.343	0.431	0.441	0.477	7.971	7.871	7.813	7.592	7.7
CAF139	03/22/2015	0.349	0.344	0.431	0.441	0.476	7.775	7.992	7.9	7.6	7.796
CAF139	03/23/2015	0.351	0.344	0.431	0.441	0.476	7.633	7.929	7.988	7.683	7.8
CAF139	03/24/2015	0.378	0.346	0.432	0.442	0.477	6.933	7.829	8	7.7	7.871
CAF139	03/25/2015	0.384	0.343	0.431	0.443	0.477	6.267	7.45	7.908	7.7	7.9
CAF139	03/26/2015	0.386	0.343	0.431	0.443	0.477	6.779	7.3	7.775	7.7	7.9
CAF139	03/27/2015	0.391	0.344	0.43	0.442	0.477	8.108	7.571	7.75	7.625	7.9
CAF139	03/28/2015	0.394	0.346	0.431	0.443	0.477	9.133	8.146	7.908	7.642	7.9
CAF139	03/29/2015	0.393	0.347	0.431	0.443	0.477	8.421	8.387	8.142	7.742	7.9
CAF139	03/30/2015	0.372	0.348	0.431	0.442	0.477	8.725	8.454	8.283	7.85	7.992
CAF139	03/31/2015	0.365	0.347	0.431	0.442	0.476	9.071	8.642	8.421	7.933	8
CAF139	04/01/2015	0.356	0.347	0.431	0.442	0.477	7.983	8.621	8.554	8.033	8.067
CAF139	04/02/2015	0.351	0.346	0.431	0.442	0.476	7.279	8.292	8.542	8.1	8.1
CAF139	04/03/2015	0.347	0.345	0.431	0.442	0.476	6.908	7.988	8.437	8.1	8.196
CAF139	04/04/2015	0.347	0.344	0.431	0.441	0.476	7.304	7.821	8.317	8.1	8.2
CAF139	04/05/2015	0.345	0.343	0.43	0.441	0.476	7.517	7.938	8.3	8.013	8.2
CAF139	04/06/2015	0.344	0.34	0.43	0.44	0.476	7.546	7.988	8.3	8	8.2
CAF139	04/07/2015	0.341	0.335	0.43	0.44	0.475	6.979	7.888	8.279	8	8.2
CAF139	04/08/2015	0.342	0.332	0.43	0.44	0.476	7.475	7.854	8.2	8	8.2
CAF139	04/09/2015	0.341	0.33	0.43	0.44	0.476	7.667	7.958	8.2	8	8.2
CAF139	04/10/2015	0.34	0.33	0.43	0.439	0.475	8.017	8.067	8.225	8	8.2
CAF139	04/11/2015	0.341	0.329	0.429	0.439	0.476	8.6	8.3	8.313	8	8.2
CAF139	04/12/2015	0.338	0.328	0.43	0.439	0.476	7.933	8.371	8.404	8.063	8.2
CAF139	04/13/2015	0.336	0.326	0.429	0.438	0.476	7.775	8.263	8.429	8.1	8.2
CAF139	04/14/2015	0.337	0.325	0.429	0.438	0.476	8.2	8.279	8.408	8.1	8.2
CAF139	04/15/2015	0.333	0.324	0.429	0.438	0.476	7.492	8.242	8.5	8.163	8.221
CAF139	04/16/2015	0.334	0.323	0.429	0.438	0.475	7.833	8.133	8.404	8.2	8.3
CAF139	04/17/2015	0.337	0.323	0.429	0.438	0.437	9.05	8.387	8.425	8.2	8.3
CAF139	04/18/2015	0.339	0.323	0.429	0.438	0.424	10.05	8.892	8.567	8.2	8.3
CAF139	04/19/2015	0.34	0.323	0.429	0.438	0.37	10.46	9.333	8.804	8.288	8.3
CAF139	04/20/2015	0.341	0.323	0.43	0.438	0.355	10.89	9.7	9.05	8.437	8.342
CAF139	04/21/2015	0.343	0.323	0.43	0.438	0.341	11.59	10.1	9.296	8.592	8.4
CAF139	04/22/2015	0.343	0.324	0.43	0.438	0.325	12.05	10.57	9.575	8.775	8.5
CAF139	04/23/2015	0.341	0.324	0.43	0.438	0.307	11.39	10.76	9.846	8.975	8.592
CAF139	04/24/2015	0.338	0.323	0.429	0.437	0.344	10.78	10.64	10	9.154	8.708
CAF139	04/25/2015	0.337	0.323	0.429	0.437	0.372	10.54	10.48	10.04	9.279	8.817
CAF139	04/26/2015	0.335	0.322	0.43	0.437	0.342	10.29	10.36	10.1	9.354	8.904
CAF139	04/27/2015	0.336	0.321	0.43	0.421	0.33	10.65	10.33	10.09	9.4	9
CAF139	04/28/2015	0.338	0.321	0.429	0.422	0.285	11.4	10.49	10.1	9.4	9.014
CAF139	04/29/2015	NA	NA	NA	NA	NA	NA	NA	NA	NA	NA
