CAF316	05/12/2008	NA	NA	NA	NA	NA	NA	NA	NA	NA	NA
CAF316	05/13/2008	0.414	0.497	0.487	0.485	0.473	8.87	7.9	7.2	7.2	6.9
CAF316	05/14/2008	0.416	0.497	0.487	0.486	0.473	9.24	7.9	7.27	7.21	6.9
CAF316	05/15/2008	0.415	0.498	0.487	0.486	0.473	10.36	8.06	7.3	7.3	7
CAF316	05/16/2008	0.414	0.498	0.487	0.486	0.473	12.22	8.47	7.43	7.34	7.01
CAF316	05/17/2008	0.413	0.497	0.487	0.485	0.473	13.55	9.1	7.67	7.45	7.1
CAF316	05/18/2008	0.412	0.496	0.486	0.485	0.473	14.4	9.74	7.99	7.62	7.15
CAF316	05/19/2008	0.411	0.495	0.485	0.485	0.473	14.52	10.28	8.35	7.84	7.26
CAF316	05/20/2008	0.42	0.495	0.485	0.485	0.474	14.45	10.66	8.68	8.08	7.37
CAF316	05/21/2008	0.425	0.499	0.485	0.486	0.475	12.51	10.78	8.97	8.31	7.53
CAF316	05/22/2008	0.418	0.499	0.484	0.486	0.475	11.48	10.54	9.1	8.52	7.67
CAF316	05/23/2008	0.417	0.5	0.484	0.486	0.475	11.17	10.23	9.12	8.65	7.82
CAF316	05/24/2008	0.415	0.5	0.484	0.486	0.475	11.45	10.08	9.1	8.7	7.93
CAF316	05/25/2008	0.413	0.501	0.484	0.486	0.475	12.53	10.11	9.1	8.76	8.02
CAF316	05/26/2008	0.411	0.501	0.484	0.486	0.475	13.19	10.37	9.19	8.8	8.1
CAF316	05/27/2008	0.409	0.5	0.484	0.486	0.475	13.51	10.63	9.32	8.9	8.18
CAF316	05/28/2008	0.413	0.499	0.484	0.486	0.475	13.94	10.89	9.47	9.01	8.25
CAF316	05/29/2008	0.415	0.5	0.484	0.487	0.476	13.67	11.12	9.65	9.13	8.35
CAF316	05/30/2008	0.412	0.501	0.483	0.487	0.476	13.7	11.2	9.78	9.25	8.44
CAF316	05/31/2008	0.409	0.501	0.483	0.488	0.476	14.68	11.36	9.92	9.37	8.53
CAF316	06/01/2008	0.407	0.499	0.483	0.487	0.476	15.27	11.67	10.07	9.48	8.62
CAF316	06/02/2008	0.407	0.497	0.482	0.487	0.476	14.77	11.95	10.27	9.63	8.71
CAF316	06/03/2008	0.407	0.495	0.482	0.487	0.476	13.85	11.98	10.45	9.77	8.82
CAF316	06/04/2008	0.412	0.495	0.482	0.487	0.476	13.02	11.83	10.5	9.88	8.94
CAF316	06/05/2008	0.411	0.495	0.482	0.488	0.477	12.81	11.61	10.5	10	9.04
CAF316	06/06/2008	0.41	0.494	0.482	0.488	0.477	12.66	11.5	10.5	10	9.12
CAF316	06/07/2008	0.413	0.492	0.482	0.488	0.477	11.99	11.36	10.5	10.07	9.2
CAF316	06/08/2008	0.416	0.491	0.482	0.488	0.477	11.82	11.16	10.42	10.1	9.27
CAF316	06/09/2008	0.414	0.489	0.482	0.488	0.477	12.46	11.07	10.37	10.1	9.3
CAF316	06/10/2008	0.434	0.487	0.482	0.489	0.477	11.7	11.1	10.3	10.1	9.33
CAF316	06/11/2008	0.434	0.489	0.482	0.489	0.477	10.68	10.89	10.3	10.1	9.4
CAF316	06/12/2008	0.432	0.491	0.482	0.49	0.478	10.97	10.63	10.23	10.06	9.4
CAF316	06/13/2008	0.421	0.492	0.482	0.49	0.478	12.1	10.6	10.13	10	9.4
CAF316	06/14/2008	0.414	0.49	0.482	0.49	0.478	12.6	10.81	10.12	10	9.4
CAF316	06/15/2008	0.408	0.487	0.482	0.49	0.477	12.76	11.02	10.2	10	9.41
CAF316	06/16/2008	0.402	0.484	0.481	0.489	0.477	13.07	11.17	10.3	10.03	9.5
CAF316	06/17/2008	0.392	0.479	0.48	0.489	0.477	13.34	11.34	10.38	10.1	9.5
CAF316	06/18/2008	0.381	0.474	0.479	0.49	0.477	13.04	11.47	10.48	10.2	9.52
CAF316	06/19/2008	0.369	0.469	0.479	0.489	0.477	12.9	11.5	10.57	10.25	9.6
CAF316	06/20/2008	0.341	0.465	0.477	0.489	0.477	13.17	11.5	10.6	10.3	9.63
CAF316	06/21/2008	0.309	0.462	0.475	0.488	0.477	13.62	11.66	10.7	10.39	9.7
CAF316	06/22/2008	0.293	0.459	0.474	0.488	0.477	13.79	11.84	10.74	10.43	9.74
CAF316	06/23/2008	0.273	0.456	0.472	0.488	0.477	13.52	11.95	10.84	10.5	9.8
CAF316	06/24/2008	0.25	0.454	0.47	0.488	0.477	13.3	11.98	10.91	10.6	9.87
CAF316	06/25/2008	0.234	0.451	0.469	0.487	0.477	13.12	11.9	11	10.65	9.9
CAF316	06/26/2008	0.225	0.449	0.468	0.487	0.477	13.12	11.9	11	10.7	10
CAF316	06/27/2008	0.217	0.446	0.467	0.487	0.477	13.16	11.9	11	10.72	10.02
CAF316	06/28/2008	0.211	0.443	0.466	0.487	0.477	13.43	11.9	11.03	10.8	10.1
CAF316	06/29/2008	0.206	0.438	0.464	0.485	0.477	14.08	12.01	11.1	10.8	10.1
CAF316	06/30/2008	0.203	0.433	0.463	0.474	0.477	14.68	12.19	11.15	10.85	10.2
CAF316	07/01/2008	0.203	0.426	0.461	0.453	0.477	15.18	12.41	11.25	10.91	10.2
CAF316	07/02/2008	0.202	0.419	0.46	0.432	0.477	15.34	12.61	11.38	11	10.3
CAF316	07/03/2008	0.2	0.407	0.457	0.422	0.477	15.59	12.78	11.53	11.09	10.33
CAF316	07/04/2008	0.199	0.394	0.455	0.417	0.478	15.64	12.96	11.65	11.19	10.4
CAF316	07/05/2008	0.197	0.382	0.452	0.413	0.478	15.17	13.09	11.76	11.28	10.48
CAF316	07/06/2008	0.196	0.366	0.45	0.409	0.479	14.97	13.07	11.84	11.37	10.55
CAF316	07/07/2008	0.194	0.346	0.447	0.41	0.479	14.52	12.99	11.9	11.44	10.61
CAF316	07/08/2008	0.192	0.323	0.445	0.409	0.479	14.3	12.9	11.9	11.5	10.7
CAF316	07/09/2008	0.191	0.299	0.442	0.41	0.479	14.44	12.8	11.9	11.5	10.74
CAF316	07/10/2008	0.189	0.276	0.437	0.409	0.479	14.49	12.8	11.9	11.58	10.8
CAF316	07/11/2008	0.187	0.255	0.43	0.404	0.48	13.91	12.79	11.9	11.6	10.83
CAF316	07/12/2008	0.185	0.238	0.422	0.402	0.479	13.36	12.65	11.9	11.6	10.9
CAF316	07/13/2008	0.184	0.224	0.407	0.401	0.479	13.53	12.5	11.83	11.6	10.9
CAF316	07/14/2008	0.183	0.213	0.388	0.4	0.479	13.83	12.5	11.8	11.6	10.9
CAF316	07/15/2008	0.183	0.205	0.369	0.398	0.479	14.29	12.55	11.8	11.6	11
CAF316	07/16/2008	0.182	0.2	0.35	0.396	0.479	14.33	12.66	11.8	11.6	11
CAF316	07/17/2008	0.181	0.195	0.325	0.393	0.479	14.1	12.7	11.8	11.6	11
CAF316	07/18/2008	0.18	0.191	0.297	0.391	0.479	13.89	12.68	11.8	11.6	11
CAF316	07/19/2008	0.179	0.188	0.268	0.389	0.479	13.67	12.6	11.8	11.6	11
CAF316	07/20/2008	0.178	0.185	0.239	0.386	0.479	13.64	12.58	11.8	11.6	11.05
CAF316	07/21/2008	0.177	0.182	0.214	0.382	0.479	13.83	12.58	11.8	11.6	11.1
CAF316	07/22/2008	0.177	0.18	0.202	0.382	0.479	13.96	12.6	11.8	11.6	11.1
CAF316	07/23/2008	0.177	0.18	0.2	0.383	0.479	13.84	12.6	11.8	11.6	11.1
CAF316	07/24/2008	0.176	0.179	0.185	0.375	0.479	13.6	12.6	11.8	11.6	11.1
CAF316	07/25/2008	0.176	0.178	0.17	0.364	0.479	13.81	12.6	11.8	11.6	11.1
CAF316	07/26/2008	0.176	0.176	0.159	0.355	0.479	14.19	12.6	11.8	11.6	11.1
CAF316	07/27/2008	0.175	0.175	0.151	0.349	0.479	14.32	12.7	11.8	11.6	11.18
CAF316	07/28/2008	0.174	0.174	0.146	0.345	0.479	14.32	12.8	11.89	11.66	11.2
CAF316	07/29/2008	0.173	0.172	0.143	0.344	0.479	14.2	12.85	11.9	11.7	11.2
CAF316	07/30/2008	0.172	0.171	0.139	0.343	0.479	14.36	12.86	11.9	11.7	11.2
CAF316	07/31/2008	0.171	0.17	0.137	0.341	0.479	14.11	12.9	11.95	11.7	11.2
CAF316	08/01/2008	0.17	0.168	0.135	0.34	0.479	14.37	12.87	12	11.72	11.2
CAF316	08/02/2008	0.17	0.167	0.134	0.339	0.479	14.74	12.95	12	11.75	11.28
CAF316	08/03/2008	0.169	0.167	0.133	0.339	0.479	14.43	13	12	11.8	11.3
CAF316	08/04/2008	0.168	0.166	0.132	0.338	0.479	14.22	12.99	12	11.8	11.3
CAF316	08/05/2008	0.168	0.165	0.132	0.336	0.479	14.55	12.97	12	11.8	11.3
CAF316	08/06/2008	0.169	0.165	0.131	0.335	0.479	15.2	13.05	12.04	11.8	11.3
CAF316	08/07/2008	0.169	0.165	0.132	0.336	0.48	15.74	13.27	12.1	11.8	11.3
CAF316	08/08/2008	0.17	0.165	0.132	0.337	0.479	16.07	13.47	12.2	11.87	11.34
CAF316	08/09/2008	0.17	0.165	0.132	0.338	0.48	16.55	13.73	12.32	11.9	11.4
CAF316	08/10/2008	0.17	0.165	0.132	0.339	0.479	16.41	13.95	12.44	11.97	11.4
CAF316	08/11/2008	0.169	0.165	0.132	0.34	0.479	15.79	14	12.54	12.05	11.44
CAF316	08/12/2008	0.168	0.165	0.133	0.337	0.479	15.63	13.9	12.6	12.1	11.5
CAF316	08/13/2008	0.169	0.165	0.133	0.335	0.479	16.01	13.9	12.6	12.19	11.51
CAF316	08/14/2008	0.17	0.166	0.133	0.335	0.479	16.33	13.99	12.64	12.2	11.6
CAF316	08/15/2008	0.171	0.166	0.133	0.335	0.48	16.91	14.16	12.71	12.24	11.6
CAF316	08/16/2008	0.171	0.166	0.133	0.337	0.479	17.33	14.38	12.82	12.3	11.63
CAF316	08/17/2008	0.172	0.167	0.133	0.338	0.479	17.87	14.61	12.93	12.36	11.7
CAF316	08/18/2008	0.173	0.167	0.133	0.339	0.48	18.4	14.89	13.05	12.42	11.71
CAF316	08/19/2008	0.173	0.167	0.133	0.341	0.48	18.38	15.17	13.21	12.52	11.8
CAF316	08/20/2008	0.248	0.168	0.134	0.344	0.48	17.28	15.25	13.35	12.63	11.84
CAF316	08/21/2008	0.327	0.167	0.134	0.346	0.48	16.7	15.05	13.4	12.7	11.9
CAF316	08/22/2008	0.316	0.167	0.134	0.347	0.48	15.68	14.8	13.39	12.77	11.98
CAF316	08/23/2008	0.307	0.167	0.135	0.347	0.48	15.28	14.48	13.29	12.8	12
CAF316	08/24/2008	0.301	0.167	0.135	0.347	0.48	15.69	14.27	13.19	12.8	12.08
CAF316	08/25/2008	0.298	0.167	0.135	0.348	0.48	15.79	14.27	13.1	12.76	12.1
CAF316	08/26/2008	0.3	0.167	0.135	0.349	0.48	14.86	14.17	13.1	12.7	12.1
CAF316	08/27/2008	0.3	0.166	0.135	0.35	0.48	14.47	13.93	13.04	12.7	12.1
CAF316	08/28/2008	0.298	0.166	0.135	0.35	0.48	14.15	13.76	12.99	12.7	12.1
CAF316	08/29/2008	NA	NA	NA	NA	NA	NA	NA	NA	NA	NA
CAF316	12/05/2010	NA	NA	NA	NA	NA	NA	NA	NA	NA	NA
CAF316	12/06/2010	0.315	0.191	0.138	0.325	0.445	3.3	5.48	6.9	8	8.8
CAF316	12/07/2010	0.34	0.203	0.138	0.324	0.445	3.22	5.4	6.9	7.97	8.8
CAF316	12/08/2010	0.451	0.458	0.139	0.324	0.444	2.06	5.03	6.76	7.9	8.72
CAF316	12/09/2010	0.444	0.461	0.149	0.324	0.443	2.56	4.98	6.53	7.81	8.68
CAF316	12/10/2010	0.42	0.46	0.375	0.323	0.442	2.75	4.9	6.4	7.72	8.6
CAF316	12/11/2010	0.368	0.434	0.358	0.323	0.443	3.25	5.12	6.4	7.6	8.53
CAF316	12/12/2010	0.429	0.459	0.351	0.323	0.442	3.25	5.11	6.39	7.53	8.49
CAF316	12/13/2010	0.416	0.458	0.351	0.323	0.442	3.88	5.1	6.3	7.5	8.4
CAF316	12/14/2010	0.411	0.47	0.364	0.323	0.442	4.35	5.15	6.25	7.4	8.35
CAF316	12/15/2010	0.375	0.454	0.372	0.323	0.442	4.14	5.33	6.18	7.35	8.3
CAF316	12/16/2010	0.361	0.441	0.366	0.323	0.442	3.86	5.34	6.3	7.3	8.22
CAF316	12/17/2010	0.354	0.434	0.361	0.323	0.442	3.51	5.33	6.28	7.3	8.2
CAF316	12/18/2010	0.348	0.428	0.357	0.323	0.442	3.16	5.22	6.2	7.23	8.13
CAF316	12/19/2010	0.344	0.423	0.354	0.323	0.442	2.99	5.03	6.13	7.2	8.1
CAF316	12/20/2010	0.342	0.421	0.352	0.323	0.442	2.9	4.93	6.04	7.12	8.03
CAF316	12/21/2010	0.34	0.418	0.35	0.323	0.442	2.81	4.79	5.94	7.05	8
CAF316	12/22/2010	0.338	0.415	0.348	0.323	0.442	2.78	4.7	5.85	6.98	7.91
CAF316	12/23/2010	0.337	0.413	0.346	0.323	0.442	2.8	4.6	5.76	6.9	7.88
CAF316	12/24/2010	0.336	0.411	0.345	0.323	0.441	2.8	4.52	5.69	6.82	7.8
CAF316	12/25/2010	0.336	0.409	0.343	0.323	0.441	2.8	4.5	5.6	6.74	7.73
CAF316	12/26/2010	0.342	0.408	0.342	0.322	0.441	2.89	4.43	5.56	6.7	7.7
CAF316	12/27/2010	0.344	0.406	0.34	0.322	0.441	2.9	4.4	5.47	6.6	7.6
CAF316	12/28/2010	0.426	0.457	0.348	0.323	0.441	2.64	4.27	5.45	6.58	7.56
CAF316	12/29/2010	0.411	0.466	0.393	0.322	0.442	2.68	4.25	5.35	6.5	7.5
CAF316	12/30/2010	0.374	0.454	0.394	0.322	0.443	2.74	4.27	5.3	6.43	7.44
CAF316	12/31/2010	0.362	0.448	0.389	0.322	0.446	2.7	4.3	5.3	6.4	7.4
CAF316	01/01/2011	0.355	0.442	0.386	0.322	0.451	2.58	4.23	5.21	6.31	7.32
CAF316	01/02/2011	0.349	0.438	0.382	0.322	0.465	2.38	4.17	5.13	6.3	7.3
CAF316	01/03/2011	0.345	0.435	0.38	0.322	0.466	2.22	4.12	5.14	6.21	7.21
CAF316	01/04/2011	0.342	0.432	0.378	0.322	0.467	2.1	4.03	5.1	6.2	7.2
CAF316	01/05/2011	0.34	0.43	0.377	0.322	0.466	2	3.95	5	6.1	7.1
CAF316	01/06/2011	0.355	0.428	0.375	0.322	0.467	1.99	3.87	4.94	6.07	7.09
CAF316	01/07/2011	0.414	0.427	0.374	0.322	0.467	1.91	3.79	4.89	6	7
CAF316	01/08/2011	0.4	0.431	0.373	0.323	0.467	1.9	3.7	4.8	5.91	6.98
CAF316	01/09/2011	0.367	0.433	0.372	0.322	0.467	1.9	3.7	4.74	5.86	6.9
CAF316	01/10/2011	0.357	0.434	0.372	0.322	0.467	1.88	3.61	4.7	5.8	6.86
CAF316	01/11/2011	0.349	0.433	0.372	0.323	0.467	1.74	3.6	4.63	5.76	6.8
CAF316	01/12/2011	0.344	0.431	0.372	0.323	0.467	1.7	3.51	4.6	5.7	6.75
CAF316	01/13/2011	0.43	0.454	0.372	0.323	0.467	1.51	3.43	4.54	5.65	6.7
CAF316	01/14/2011	0.485	0.479	0.405	0.399	0.468	1.36	2.98	4.36	5.56	6.64
CAF316	01/15/2011	0.526	0.499	0.452	0.496	0.468	1.58	2.5	3.98	5.34	6.56
CAF316	01/16/2011	0.505	0.498	0.459	0.495	0.467	3.23	2.82	3.9	5.17	6.45
CAF316	01/17/2011	0.495	0.5	0.463	0.492	0.47	4.67	3.32	3.96	5.1	6.34
CAF316	01/18/2011	0.492	0.5	0.466	0.491	0.47	4.28	3.87	4.15	5.1	6.25
CAF316	01/19/2011	0.491	0.5	0.469	0.491	0.471	3.64	4.12	4.35	5.15	6.2
CAF316	01/20/2011	0.473	0.5	0.47	0.491	0.471	3.18	4.2	4.49	5.22	6.2
CAF316	01/21/2011	0.464	0.5	0.473	0.49	0.471	2.88	4.09	4.58	5.3	6.2
CAF316	01/22/2011	0.519	0.505	0.476	0.491	0.471	2.75	4.03	4.6	5.3	6.2
CAF316	01/23/2011	0.515	0.505	0.477	0.49	0.471	2.86	3.97	4.58	5.3	6.2
CAF316	01/24/2011	0.502	0.504	0.478	0.49	0.471	2.98	4	4.5	5.3	6.2
CAF316	01/25/2011	0.503	0.506	0.479	0.49	0.471	3.28	4	4.5	5.3	6.18
CAF316	01/26/2011	0.495	0.505	0.48	0.49	0.471	3.43	4.02	4.5	5.3	6.1
CAF316	01/27/2011	0.49	0.505	0.48	0.489	0.471	3.57	4.12	4.58	5.3	6.1
CAF316	01/28/2011	0.456	0.503	0.48	0.488	0.471	3.71	4.2	4.6	5.3	6.1
CAF316	01/29/2011	0.445	0.503	0.481	0.488	0.471	3.83	4.27	4.6	5.3	6.1
CAF316	01/30/2011	0.516	0.507	0.483	0.488	0.471	3.71	4.27	4.66	5.3	6.1
CAF316	01/31/2011	0.53	0.507	0.483	0.489	0.472	3.18	4.27	4.7	5.35	6.1
CAF316	02/01/2011	0.445	0.506	0.484	0.49	0.472	2.65	4.26	4.7	5.4	6.1
CAF316	02/02/2011	0.4	0.504	0.485	0.489	0.472	2.3	4.11	4.64	5.4	6.1
CAF316	02/03/2011	0.388	0.504	0.486	0.49	0.471	2.11	3.95	4.6	5.31	6.1
CAF316	02/04/2011	0.386	0.503	0.486	0.491	0.471	2.03	3.81	4.51	5.3	6.1
CAF316	02/05/2011	0.384	0.504	0.487	0.493	0.471	2.04	3.68	4.43	5.25	6.03
CAF316	02/06/2011	0.384	0.504	0.488	0.494	0.471	1.94	3.57	4.34	5.2	6
CAF316	02/07/2011	0.391	0.504	0.487	0.494	0.471	2.02	3.5	4.28	5.11	6
CAF316	02/08/2011	0.389	0.505	0.488	0.495	0.471	2	3.43	4.2	5.09	5.92
CAF316	02/09/2011	0.386	0.506	0.489	0.495	0.471	2	3.4	4.15	5	5.9
CAF316	02/10/2011	0.383	0.505	0.489	0.495	0.471	2.05	3.37	4.1	5	5.85
CAF316	02/11/2011	0.381	0.506	0.489	0.493	0.471	2.13	3.4	4.1	4.93	5.8
CAF316	02/12/2011	0.38	0.506	0.488	0.493	0.471	2.33	3.4	4.05	4.9	5.8
CAF316	02/13/2011	0.379	0.506	0.489	0.493	0.471	2.72	3.39	4	4.9	5.73
CAF316	02/14/2011	0.379	0.506	0.489	0.493	0.471	3.03	3.52	4	4.84	5.7
CAF316	02/15/2011	0.379	0.506	0.489	0.493	0.471	3.22	3.65	4.07	4.8	5.7
CAF316	02/16/2011	0.413	0.506	0.489	0.493	0.471	3	3.75	4.1	4.8	5.65
CAF316	02/17/2011	0.41	0.507	0.489	0.493	0.471	2.9	3.8	4.1	4.88	5.6
CAF316	02/18/2011	0.396	0.507	0.49	0.494	0.471	2.81	3.8	4.2	4.9	5.6
CAF316	02/19/2011	0.387	0.507	0.49	0.494	0.471	2.71	3.77	4.2	4.9	5.6
CAF316	02/20/2011	0.382	0.507	0.49	0.494	0.471	2.7	3.72	4.2	4.9	5.6
CAF316	02/21/2011	0.379	0.507	0.49	0.493	0.471	2.6	3.7	4.19	4.9	5.6
CAF316	02/22/2011	0.378	0.507	0.49	0.493	0.471	2.6	3.7	4.1	4.9	5.6
CAF316	02/23/2011	0.376	0.507	0.49	0.493	0.471	2.6	3.67	4.1	4.82	5.6
CAF316	02/24/2011	0.374	0.508	0.491	0.493	0.471	2.63	3.65	4.1	4.8	5.6
CAF316	02/25/2011	0.373	0.508	0.493	0.494	0.471	2.59	3.6	4.07	4.8	5.56
CAF316	02/26/2011	0.372	0.507	0.493	0.494	0.471	2.31	3.6	4.1	4.8	5.5
CAF316	02/27/2011	0.372	0.507	0.492	0.493	0.471	2.2	3.6	4.07	4.8	5.5
CAF316	02/28/2011	0.384	0.507	0.492	0.494	0.471	2.27	3.51	4	4.8	5.5
CAF316	03/01/2011	0.413	0.507	0.493	0.494	0.471	2.27	3.47	4	4.77	5.5
CAF316	03/02/2011	0.446	0.509	0.492	0.494	0.471	2.09	3.5	4	4.7	5.5
CAF316	03/03/2011	0.472	0.514	0.492	0.494	0.471	2.21	3.46	3.95	4.7	5.43
CAF316	03/04/2011	0.481	0.515	0.491	0.495	0.471	2.34	3.41	3.87	4.7	5.4
CAF316	03/05/2011	0.482	0.516	0.492	0.495	0.471	2.4	3.4	3.9	4.7	5.4
CAF316	03/06/2011	0.49	0.517	0.493	0.495	0.471	2.4	3.4	3.9	4.68	5.4
CAF316	03/07/2011	0.489	0.517	0.493	0.495	0.471	2.32	3.4	3.9	4.6	5.4
CAF316	03/08/2011	0.491	0.517	0.493	0.496	0.471	2.23	3.4	3.9	4.6	5.32
CAF316	03/09/2011	0.494	0.517	0.493	0.496	0.471	2.17	3.4	3.82	4.6	5.3
CAF316	03/10/2011	0.499	0.517	0.494	0.496	0.472	1.84	3.3	3.8	4.6	5.3
CAF316	03/11/2011	0.503	0.518	0.494	0.496	0.471	2.06	3.23	3.8	4.59	5.3
CAF316	03/12/2011	0.504	0.518	0.494	0.496	0.471	2.49	3.23	3.74	4.5	5.3
CAF316	03/13/2011	0.505	0.518	0.494	0.496	0.471	2.77	3.3	3.7	4.5	5.24
CAF316	03/14/2011	0.507	0.518	0.493	0.497	0.471	3.33	3.41	3.7	4.5	5.2
CAF316	03/15/2011	0.506	0.517	0.494	0.496	0.471	3.77	3.55	3.8	4.5	5.2
CAF316	03/16/2011	0.51	0.517	0.493	0.497	0.471	3.75	3.73	3.86	4.5	5.2
CAF316	03/17/2011	0.513	0.517	0.493	0.497	0.471	3.85	3.86	3.93	4.53	5.2
CAF316	03/18/2011	0.512	0.516	0.493	0.496	0.471	3.76	3.95	4	4.6	5.2
CAF316	03/19/2011	0.512	0.515	0.493	0.496	0.471	3.86	4	4.06	4.6	5.2
CAF316	03/20/2011	0.513	0.515	0.492	0.496	0.471	3.6	4.07	4.1	4.67	5.2
CAF316	03/21/2011	0.517	0.515	0.492	0.496	0.471	3.78	4.02	4.1	4.7	5.2
CAF316	03/22/2011	0.525	0.517	0.493	0.497	0.471	3.83	4.1	4.2	4.7	5.2
CAF316	03/23/2011	0.521	0.516	0.492	0.497	0.472	3.9	4.1	4.2	4.7	5.25
CAF316	03/24/2011	0.516	0.514	0.492	0.496	0.472	4.28	4.17	4.2	4.77	5.3
CAF316	03/25/2011	0.516	0.513	0.492	0.496	0.472	4.59	4.27	4.26	4.8	5.3
CAF316	03/26/2011	0.502	0.511	0.49	0.495	0.471	4.59	4.4	4.31	4.8	5.3
CAF316	03/27/2011	0.486	0.49	0.474	0.481	0.462	4.55	4.48	4.4	4.8	5.3
CAF316	03/28/2011	NA	NA	NA	NA	NA	NA	NA	NA	NA	NA
CAF316	12/06/2011	NA	NA	NA	NA	NA	NA	NA	NA	NA	NA
CAF316	12/07/2011	0.306	0.156	0.135	0.352	0.538	1.8	4.41	6.2	7.5	8.42
CAF316	12/08/2011	0.303	0.157	0.135	0.352	0.538	1.72	4.33	6.11	7.4	8.39
CAF316	12/09/2011	0.3	0.158	0.134	0.352	0.538	1.58	4.18	6	7.3	8.3
CAF316	12/10/2011	0.297	0.159	0.134	0.352	0.538	1.5	4.07	5.9	7.2	8.22
CAF316	12/11/2011	0.295	0.16	0.134	0.351	0.537	1.45	3.98	5.8	7.1	8.15
CAF316	12/12/2011	0.292	0.162	0.134	0.351	0.537	1.4	3.9	5.7	7.01	8.08
CAF316	12/13/2011	0.289	0.163	0.134	0.351	0.537	1.35	3.81	5.62	6.93	8
CAF316	12/14/2011	0.287	0.164	0.134	0.351	0.537	1.3	3.77	5.54	6.84	7.9
CAF316	12/15/2011	0.286	0.165	0.134	0.351	0.536	1.3	3.7	5.47	6.77	7.83
CAF316	12/16/2011	0.284	0.166	0.134	0.351	0.535	1.3	3.7	5.4	6.69	7.77
CAF316	12/17/2011	0.285	0.166	0.134	0.351	0.536	1.34	3.6	5.31	6.6	7.7
CAF316	12/18/2011	0.285	0.167	0.134	0.351	0.536	1.4	3.6	5.29	6.54	7.61
CAF316	12/19/2011	0.285	0.168	0.134	0.351	0.535	1.4	3.6	5.2	6.5	7.56
CAF316	12/20/2011	0.285	0.169	0.134	0.351	0.536	1.4	3.51	5.19	6.4	7.5
CAF316	12/21/2011	0.285	0.17	0.134	0.351	0.535	1.4	3.5	5.1	6.38	7.42
CAF316	12/22/2011	0.284	0.171	0.134	0.351	0.534	1.34	3.5	5.1	6.3	7.39
CAF316	12/23/2011	0.281	0.171	0.134	0.351	0.535	1.22	3.45	5.02	6.26	7.3
CAF316	12/24/2011	0.279	0.172	0.134	0.351	0.535	1.12	3.4	5	6.2	7.27
CAF316	12/25/2011	0.277	0.173	0.134	0.351	0.535	1.1	3.32	4.93	6.16	7.2
CAF316	12/26/2011	0.276	0.173	0.134	0.351	0.535	1.1	3.3	4.9	6.1	7.15
CAF316	12/27/2011	0.276	0.174	0.134	0.35	0.535	1.1	3.3	4.83	6.05	7.1
CAF316	12/28/2011	0.307	0.178	0.135	0.35	0.535	1.11	3.22	4.8	6	7.02
CAF316	12/29/2011	0.38	0.29	0.135	0.35	0.535	1.15	3.1	4.71	5.94	7
CAF316	12/30/2011	0.439	0.483	0.137	0.35	0.535	1.21	3	4.6	5.9	6.92
CAF316	12/31/2011	0.39	0.457	0.15	0.35	0.535	1.63	3.16	4.5	5.8	6.9
CAF316	01/01/2012	0.374	0.437	0.166	0.35	0.535	1.7	3.3	4.52	5.8	6.82
CAF316	01/02/2012	0.367	0.425	0.176	0.35	0.536	1.73	3.3	4.6	5.8	6.8
CAF316	01/03/2012	0.364	0.416	0.183	0.351	0.535	1.8	3.37	4.6	5.71	6.75
CAF316	01/04/2012	0.362	0.409	0.187	0.352	0.535	1.98	3.4	4.51	5.7	6.7
CAF316	01/05/2012	0.358	0.404	0.19	0.354	0.535	2.7	3.48	4.56	5.7	6.7
CAF316	01/06/2012	0.354	0.399	0.192	0.355	0.535	2.59	3.68	4.6	5.7	6.62
CAF316	01/07/2012	0.352	0.395	0.194	0.356	0.535	2.23	3.7	4.67	5.7	6.6
CAF316	01/08/2012	0.35	0.392	0.194	0.357	0.535	2.14	3.7	4.67	5.7	6.6
CAF316	01/09/2012	0.348	0.389	0.195	0.358	0.535	2.22	3.62	4.6	5.7	6.6
CAF316	01/10/2012	0.347	0.386	0.195	0.359	0.535	2.4	3.67	4.6	5.68	6.57
CAF316	01/11/2012	0.346	0.384	0.196	0.359	0.535	2.25	3.7	4.6	5.6	6.5
CAF316	01/12/2012	0.34	0.382	0.196	0.36	0.535	1.92	3.65	4.6	5.6	6.5
CAF316	01/13/2012	0.333	0.38	0.196	0.361	0.535	1.73	3.53	4.6	5.6	6.5
CAF316	01/14/2012	0.331	0.379	0.196	0.362	0.535	1.6	3.41	4.5	5.6	6.48
CAF316	01/15/2012	0.329	0.377	0.196	0.362	0.535	1.57	3.31	4.46	5.51	6.4
CAF316	01/16/2012	0.329	0.376	0.196	0.362	0.535	1.5	3.25	4.4	5.5	6.4
CAF316	01/17/2012	0.329	0.374	0.196	0.363	0.535	1.5	3.2	4.33	5.42	6.38
CAF316	01/18/2012	0.328	0.373	0.196	0.363	0.534	1.5	3.12	4.3	5.4	6.3
CAF316	01/19/2012	0.354	0.396	0.197	0.364	0.534	1.43	3.07	4.25	5.35	6.3
CAF316	01/20/2012	0.393	0.479	0.254	0.364	0.534	1.35	2.97	4.12	5.3	6.24
CAF316	01/21/2012	0.445	0.527	0.314	0.366	0.533	1.29	2.91	4.1	5.25	6.2
CAF316	01/22/2012	0.416	0.495	0.35	0.367	0.534	1.38	2.9	4.06	5.2	6.19
CAF316	01/23/2012	0.401	0.475	0.343	0.367	0.534	1.4	2.99	4	5.17	6.1
CAF316	01/24/2012	0.393	0.463	0.338	0.367	0.534	1.43	3	4	5.1	6.1
CAF316	01/25/2012	0.443	0.532	0.349	0.368	0.532	1.41	2.9	3.99	5.1	6.05
CAF316	01/26/2012	0.465	0.545	0.421	0.37	0.532	1.37	2.84	3.9	5.05	6
CAF316	01/27/2012	0.422	0.524	0.448	0.37	0.532	1.4	2.82	3.9	5	6
CAF316	01/28/2012	0.399	0.506	0.435	0.375	0.532	1.49	2.9	3.9	4.98	5.93
CAF316	01/29/2012	0.392	0.493	0.425	0.417	0.53	1.5	2.9	3.86	4.9	5.9
CAF316	01/30/2012	0.482	0.544	0.469	0.574	0.53	1.32	2.75	3.77	4.9	5.9
CAF316	01/31/2012	0.44	0.529	0.486	0.587	0.53	1.35	2.73	3.7	4.81	5.83
CAF316	02/01/2012	0.447	0.532	0.483	0.588	0.531	1.4	2.78	3.7	4.79	5.8
CAF316	02/02/2012	0.44	0.538	0.49	0.589	0.531	1.42	2.77	3.7	4.7	5.76
CAF316	02/03/2012	0.42	0.522	0.489	0.59	0.53	1.5	2.8	3.63	4.7	5.7
CAF316	02/04/2012	0.414	0.511	0.487	0.589	0.53	1.5	2.8	3.6	4.66	5.69
CAF316	02/05/2012	0.411	0.506	0.486	0.59	0.53	1.47	2.8	3.6	4.6	5.6
CAF316	02/06/2012	0.403	0.501	0.485	0.59	0.53	1.45	2.8	3.6	4.6	5.6
CAF316	02/07/2012	0.397	0.496	0.484	0.59	0.53	1.45	2.8	3.6	4.6	5.56
CAF316	02/08/2012	0.393	0.491	0.484	0.591	0.53	1.5	2.8	3.6	4.53	5.5
CAF316	02/09/2012	0.392	0.487	0.484	0.591	0.53	1.5	2.8	3.6	4.5	5.5
CAF316	02/10/2012	0.396	0.484	0.486	0.591	0.53	1.66	2.8	3.6	4.5	5.46
CAF316	02/11/2012	0.399	0.484	0.489	0.591	0.53	2.31	2.9	3.6	4.5	5.4
CAF316	02/12/2012	0.408	0.485	0.492	0.591	0.53	2.7	3.07	3.6	4.5	5.4
CAF316	02/13/2012	0.402	0.489	0.496	0.591	0.53	2.81	3.25	3.68	4.5	5.4
CAF316	02/14/2012	0.399	0.49	0.5	0.592	0.531	2.73	3.36	3.74	4.5	5.4
CAF316	02/15/2012	0.397	0.491	0.504	0.593	0.531	2.61	3.4	3.8	4.56	5.4
CAF316	02/16/2012	0.395	0.492	0.508	0.594	0.531	2.45	3.4	3.8	4.6	5.4
CAF316	02/17/2012	0.393	0.494	0.511	0.595	0.531	2.29	3.38	3.85	4.6	5.4
CAF316	02/18/2012	0.393	0.496	0.514	0.595	0.531	2.73	3.36	3.8	4.6	5.4
CAF316	02/19/2012	0.393	0.499	0.517	0.596	0.531	2.75	3.43	3.88	4.6	5.4
CAF316	02/20/2012	0.395	0.503	0.52	0.597	0.531	2.61	3.5	3.9	4.6	5.4
CAF316	02/21/2012	0.513	0.549	0.53	0.597	0.534	3.66	3.5	3.88	4.6	5.34
CAF316	02/22/2012	0.585	0.578	0.538	0.597	0.537	4.7	3.92	3.94	4.6	5.3
CAF316	02/23/2012	0.474	0.574	0.539	0.598	0.537	3.87	4.07	4.05	4.63	5.3
CAF316	02/24/2012	0.44	0.572	0.54	0.598	0.537	3.3	4.03	4.1	4.7	5.3
CAF316	02/25/2012	0.437	0.571	0.54	0.598	0.537	3.19	3.93	4.13	4.7	5.3
CAF316	02/26/2012	0.432	0.573	0.542	0.598	0.537	2.87	3.85	4.1	4.7	5.4
CAF316	02/27/2012	0.43	0.573	0.543	0.598	0.537	2.64	3.75	4.1	4.7	5.4
CAF316	02/28/2012	0.428	0.573	0.543	0.598	0.537	2.44	3.66	4.08	4.7	5.4
CAF316	02/29/2012	0.427	0.573	0.543	0.598	0.537	2.24	3.54	4	4.7	5.4
CAF316	03/01/2012	0.427	0.575	0.544	0.598	0.537	2.2	3.43	3.97	4.7	5.33
CAF316	03/02/2012	0.426	0.577	0.545	0.598	0.537	2.1	3.35	3.9	4.63	5.3
CAF316	03/03/2012	0.45	0.579	0.545	0.598	0.538	2.02	3.3	3.84	4.6	5.3
CAF316	03/04/2012	0.489	0.586	0.544	0.598	0.537	2.41	3.21	3.8	4.56	5.3
CAF316	03/05/2012	0.501	0.585	0.543	0.597	0.537	3.4	3.35	3.8	4.5	5.27
CAF316	03/06/2012	0.542	0.587	0.544	0.598	0.537	3.25	3.56	3.8	4.5	5.2
CAF316	03/07/2012	0.482	0.585	0.546	0.599	0.538	2.69	3.6	3.88	4.5	5.2
CAF316	03/08/2012	0.459	0.582	0.547	0.6	0.538	2.52	3.52	3.9	4.5	5.2
CAF316	03/09/2012	0.442	0.581	0.547	0.6	0.538	3.17	3.5	3.9	4.5	5.2
CAF316	03/10/2012	0.435	0.58	0.547	0.599	0.538	3.91	3.65	3.9	4.5	5.2
CAF316	03/11/2012	0.447	0.58	0.546	0.599	0.538	4.27	3.88	3.93	4.53	5.2
CAF316	03/12/2012	0.456	0.581	0.546	0.599	0.538	3.74	4	4.02	4.6	5.2
CAF316	03/13/2012	0.536	0.586	0.545	0.597	0.537	3.62	4	4.1	4.6	5.2
CAF316	03/14/2012	0.543	0.588	0.545	0.598	0.537	3.48	4	4.1	4.68	5.2
CAF316	03/15/2012	0.553	0.59	0.546	0.598	0.537	3.98	4	4.1	4.7	5.2
CAF316	03/16/2012	0.564	0.591	0.548	0.599	0.537	4.92	4.1	4.17	4.7	5.2
CAF316	03/17/2012	0.564	0.59	0.547	0.599	0.538	4.91	4.33	4.23	4.7	5.2
CAF316	03/18/2012	0.566	0.59	0.546	0.6	0.538	4.32	4.48	4.33	4.78	5.25
CAF316	03/19/2012	0.566	0.59	0.545	0.599	0.538	3.82	4.44	4.4	4.82	5.3
CAF316	03/20/2012	0.554	0.59	0.546	0.599	0.538	3.52	4.34	4.4	4.9	5.3
CAF316	03/21/2012	0.579	0.593	0.548	0.602	0.538	2.85	4.18	4.4	4.9	5.3
CAF316	03/22/2012	0.583	0.594	0.549	0.602	0.538	2.74	3.99	4.34	4.9	5.3
CAF316	03/23/2012	0.586	0.595	0.549	0.603	0.538	3.3	3.9	4.26	4.87	5.3
CAF316	03/24/2012	0.587	0.595	0.55	0.603	0.538	3.87	3.9	4.2	4.8	5.3
CAF316	03/25/2012	0.584	0.594	0.549	0.603	0.538	5.14	4.07	4.2	4.8	5.3
CAF316	03/26/2012	0.586	0.594	0.549	0.604	0.538	5.97	4.43	4.29	4.8	5.3
CAF316	03/27/2012	0.59	0.594	0.549	0.604	0.538	5.55	4.75	4.45	4.87	5.3
CAF316	03/28/2012	0.59	0.594	0.549	0.605	0.539	6.48	4.92	4.57	4.94	5.3
CAF316	03/29/2012	0.59	0.594	0.549	0.605	0.539	6.45	5.15	4.72	5.02	5.4
CAF316	03/30/2012	0.59	0.594	0.549	0.605	0.539	7.05	5.33	4.86	5.11	5.4
CAF316	03/31/2012	0.59	0.594	0.548	0.605	0.54	6.65	5.49	4.98	5.21	5.49
CAF316	04/01/2012	0.592	0.595	0.548	0.606	0.54	5.96	5.59	5.1	5.3	5.5
CAF316	04/02/2012	0.593	0.597	0.549	0.607	0.54	5.57	5.52	5.2	5.4	5.6
CAF316	04/03/2012	0.586	0.595	0.548	0.606	0.54	6.08	5.46	5.2	5.47	5.63
CAF316	04/04/2012	0.585	0.595	0.547	0.606	0.54	5.73	5.5	5.2	5.5	5.7
CAF316	04/05/2012	0.592	0.597	0.549	0.607	0.54	4.58	5.34	5.26	5.52	5.7
CAF316	04/06/2012	0.592	0.598	0.549	0.607	0.54	4.74	5.15	5.2	5.6	5.8
CAF316	04/07/2012	0.591	0.599	0.55	0.607	0.54	4.75	5	5.13	5.55	5.8
CAF316	04/08/2012	0.584	0.598	0.549	0.607	0.54	5.78	5	5.1	5.5	5.8
CAF316	04/09/2012	0.554	0.596	0.548	0.606	0.541	6.57	5.18	5.1	5.5	5.8
CAF316	04/10/2012	0.496	0.594	0.548	0.606	0.541	7.53	5.36	5.1	5.5	5.8
CAF316	04/11/2012	NA	NA	NA	NA	NA	NA	NA	NA	NA	NA
CAF316	11/02/2012	NA	NA	NA	NA	NA	NA	NA	NA	NA	NA
CAF316	11/03/2012	0.245	0.135	0.127	0.363	0.547	9.72	10.3	10.7	11.2	11.8
CAF316	11/04/2012	0.247	0.135	0.127	0.364	0.547	9.75	10.3	10.7	11.2	11.77
CAF316	11/05/2012	0.248	0.135	0.127	0.364	0.547	10.11	10.32	10.7	11.13	11.7
CAF316	11/06/2012	0.249	0.135	0.127	0.364	0.547	10.5	10.45	10.7	11.1	11.7
CAF316	11/07/2012	0.249	0.135	0.128	0.364	0.547	10.57	10.57	10.73	11.1	11.68
CAF316	11/08/2012	0.249	0.136	0.128	0.364	0.547	8.94	10.55	10.8	11.1	11.6
CAF316	11/09/2012	0.251	0.135	0.128	0.365	0.547	7.26	10.09	10.71	11.1	11.6
CAF316	11/10/2012	0.256	0.134	0.128	0.365	0.547	6.13	9.48	10.5	11.07	11.6
CAF316	11/11/2012	0.257	0.134	0.128	0.365	0.546	5.09	8.88	10.23	10.95	11.55
CAF316	11/12/2012	0.257	0.133	0.127	0.365	0.545	4.32	8.28	9.93	10.8	11.5
CAF316	11/13/2012	0.302	0.132	0.127	0.365	0.545	3.88	7.75	9.62	10.61	11.4
CAF316	11/14/2012	0.411	0.132	0.127	0.365	0.544	3.67	7.28	9.31	10.42	11.3
CAF316	11/15/2012	0.362	0.131	0.127	0.364	0.544	4.23	7.01	9.02	10.21	11.17
CAF316	11/16/2012	0.35	0.131	0.127	0.364	0.544	4.77	6.97	8.84	10.03	11.05
CAF316	11/17/2012	0.343	0.131	0.127	0.365	0.543	5.22	7.01	8.72	9.86	10.93
CAF316	11/18/2012	0.342	0.131	0.127	0.365	0.543	5.53	7.15	8.66	9.75	10.81
CAF316	11/19/2012	0.417	0.131	0.128	0.365	0.543	5.3	7.19	8.6	9.65	10.71
CAF316	11/20/2012	0.44	0.131	0.128	0.366	0.542	5.92	7.12	8.57	9.58	10.6
CAF316	11/21/2012	0.402	0.131	0.128	0.367	0.541	6.48	7.26	8.5	9.5	10.52
CAF316	11/22/2012	0.375	0.132	0.128	0.368	0.542	5.8	7.39	8.5	9.43	10.44
CAF316	11/23/2012	0.366	0.133	0.128	0.369	0.541	5.03	7.2	8.5	9.4	10.38
CAF316	11/24/2012	0.412	0.133	0.128	0.37	0.54	5.2	6.91	8.38	9.34	10.3
CAF316	11/25/2012	0.383	0.135	0.128	0.371	0.54	5.35	6.8	8.27	9.25	10.24
CAF316	11/26/2012	0.373	0.138	0.128	0.372	0.539	4.77	6.76	8.2	9.17	10.18
CAF316	11/27/2012	0.367	0.145	0.128	0.373	0.538	4.05	6.51	8.08	9.09	10.1
CAF316	11/28/2012	0.363	0.154	0.128	0.374	0.538	3.96	6.2	7.94	8.99	10.03
CAF316	11/29/2012	0.361	0.164	0.128	0.374	0.538	4.37	6.02	7.77	8.87	9.95
CAF316	11/30/2012	0.368	0.174	0.128	0.375	0.537	5.17	6.07	7.67	8.76	9.87
CAF316	12/01/2012	0.368	0.184	0.128	0.376	0.538	5.86	6.32	7.6	8.68	9.79
CAF316	12/02/2012	0.451	0.312	0.129	0.427	0.536	5.97	6.55	7.7	8.6	9.7
CAF316	12/03/2012	0.398	0.45	0.129	0.528	0.536	5.67	6.68	7.7	8.6	9.64
CAF316	12/04/2012	0.429	0.468	0.13	0.58	0.536	5.62	6.7	7.7	8.6	9.6
CAF316	12/05/2012	0.428	0.494	0.131	0.585	0.536	5.94	6.7	7.7	8.51	9.54
CAF316	12/06/2012	0.4	0.498	0.131	0.586	0.536	5.37	6.7	7.7	8.5	9.5
CAF316	12/07/2012	0.43	0.502	0.131	0.586	0.536	4.6	6.59	7.63	8.5	9.49
CAF316	12/08/2012	0.42	0.525	0.132	0.586	0.536	4	6.27	7.5	8.42	9.4
CAF316	12/09/2012	0.396	0.512	0.134	0.587	0.536	3.55	6	7.33	8.35	9.39
CAF316	12/10/2012	0.388	0.504	0.142	0.587	0.536	3.22	5.72	7.15	8.24	9.3
CAF316	12/11/2012	0.387	0.498	0.163	0.587	0.536	3.03	5.48	6.96	8.13	9.24
CAF316	12/12/2012	0.424	0.497	0.209	0.587	0.536	2.87	5.28	6.8	7.98	9.16
CAF316	12/13/2012	0.425	0.512	0.265	0.587	0.536	2.8	5.09	6.65	7.85	9.07
CAF316	12/14/2012	0.409	0.516	0.329	0.587	0.536	2.75	4.95	6.5	7.73	8.99
CAF316	12/15/2012	0.398	0.513	0.376	0.587	0.536	2.7	4.87	6.37	7.6	8.89
CAF316	12/16/2012	0.395	0.51	0.4	0.587	0.536	2.7	4.8	6.26	7.48	8.79
CAF316	12/17/2012	0.4	0.511	0.43	0.586	0.536	2.7	4.7	6.17	7.37	8.7
CAF316	12/18/2012	0.404	0.519	0.461	0.587	0.536	2.61	4.7	6.07	7.26	8.6
CAF316	12/19/2012	0.396	0.524	0.481	0.587	0.536	2.6	4.6	5.99	7.15	8.5
CAF316	12/20/2012	0.392	0.526	0.49	0.587	0.536	2.5	4.58	5.9	7.05	8.41
CAF316	12/21/2012	0.389	0.527	0.494	0.587	0.536	2.5	4.5	5.81	6.96	8.31
CAF316	12/22/2012	0.389	0.528	0.497	0.586	0.536	2.5	4.45	5.74	6.88	8.22
CAF316	12/23/2012	0.393	0.531	0.5	0.586	0.536	2.5	4.4	5.68	6.8	8.15
CAF316	12/24/2012	0.395	0.535	0.503	0.587	0.536	2.5	4.38	5.6	6.7	8.07
CAF316	12/25/2012	0.396	0.54	0.507	0.587	0.536	2.5	4.3	5.52	6.62	8
CAF316	12/26/2012	0.395	0.547	0.514	0.587	0.536	2.5	4.3	5.48	6.55	7.9
CAF316	12/27/2012	0.395	0.551	0.517	0.587	0.536	2.5	4.28	5.4	6.49	7.82
CAF316	12/28/2012	0.396	0.554	0.517	0.587	0.536	2.5	4.2	5.35	6.4	7.74
CAF316	12/29/2012	0.395	0.556	0.518	0.587	0.536	2.5	4.2	5.3	6.35	7.66
CAF316	12/30/2012	0.394	0.559	0.518	0.587	0.536	2.5	4.2	5.26	6.3	7.53
CAF316	12/31/2012	0.394	0.56	0.518	0.586	0.536	2.48	4.15	5.2	6.21	7.4
CAF316	01/01/2013	0.393	0.561	0.519	0.586	0.536	2.4	4.1	5.2	6.2	7.3
CAF316	01/02/2013	0.392	0.562	0.52	0.585	0.536	2.4	4.1	5.1	6.1	7.25
CAF316	01/03/2013	0.391	0.563	0.52	0.584	0.536	2.39	4.08	5.1	6.1	7.2
CAF316	01/04/2013	0.39	0.564	0.521	0.584	0.536	2.3	4	5.05	6	7.12
CAF316	01/05/2013	0.389	0.564	0.521	0.584	0.536	2.26	4	5	6	7.1
CAF316	01/06/2013	0.389	0.564	0.521	0.584	NA	2.2	3.9	4.97	5.92	NA
CAF316	01/07/2013	0.389	0.565	0.522	0.584	NA	2.2	3.9	4.9	5.9	NA
CAF316	01/08/2013	0.391	0.566	0.522	0.584	NA	2.2	3.86	4.89	5.8	NA
CAF316	01/09/2013	0.512	0.579	0.523	0.582	NA	1.94	3.74	4.79	5.77	NA
CAF316	01/10/2013	0.597	0.588	0.525	0.583	NA	1.84	3.56	4.68	5.7	NA
CAF316	01/11/2013	0.593	0.588	0.525	0.583	NA	1.97	3.5	4.6	5.6	NA
CAF316	01/12/2013	0.507	0.588	0.526	0.583	NA	1.98	3.5	4.56	5.57	NA
CAF316	01/13/2013	0.437	0.586	0.527	0.584	NA	1.9	3.5	4.5	5.5	NA
CAF316	01/14/2013	0.424	0.585	0.528	0.584	NA	1.9	3.48	4.5	5.47	NA
CAF316	01/15/2013	0.417	0.585	0.53	0.584	NA	1.9	3.4	4.43	5.4	NA
CAF316	01/16/2013	0.413	0.585	0.53	0.584	NA	1.9	3.4	4.4	5.4	NA
CAF316	01/17/2013	0.41	0.585	0.531	0.584	NA	1.9	3.4	4.4	5.31	NA
CAF316	01/18/2013	0.408	0.585	0.531	0.583	NA	1.9	3.4	4.39	5.3	NA
CAF316	01/19/2013	0.405	0.585	0.532	0.583	NA	1.9	3.4	4.3	5.29	NA
CAF316	01/20/2013	0.403	0.585	0.532	0.583	NA	1.9	3.4	4.3	5.2	NA
CAF316	01/21/2013	0.401	0.585	0.532	0.583	NA	1.9	3.33	4.3	5.2	NA
CAF316	01/22/2013	0.399	0.584	0.533	0.583	NA	1.84	3.3	4.24	5.18	NA
CAF316	01/23/2013	0.397	0.583	0.534	0.582	NA	1.8	3.3	4.2	5.1	NA
CAF316	01/24/2013	0.398	0.584	0.534	0.583	NA	1.8	3.3	4.2	5.1	NA
CAF316	01/25/2013	0.469	0.587	0.533	0.582	NA	1.77	3.26	4.17	5.07	NA
CAF316	01/26/2013	0.57	0.595	0.532	0.584	NA	1.32	3.17	4.1	5	NA
CAF316	01/27/2013	0.57	0.596	0.533	0.584	NA	1.57	3.1	4.05	4.97	NA
CAF316	01/28/2013	0.57	0.596	0.534	0.584	NA	1.6	3.1	4	4.9	NA
CAF316	01/29/2013	0.572	0.597	0.534	0.584	NA	1.6	3.04	3.99	4.9	NA
CAF316	01/30/2013	0.576	0.598	0.535	0.585	NA	1.65	3	3.9	4.8	NA
CAF316	01/31/2013	0.574	0.598	0.535	0.585	NA	2.38	3.07	3.9	4.8	NA
CAF316	02/01/2013	0.575	0.599	0.535	0.585	NA	2.98	3.22	3.9	4.8	NA
CAF316	02/02/2013	0.577	0.599	0.535	0.585	NA	2.93	3.4	3.98	4.8	NA
CAF316	02/03/2013	0.578	0.599	0.535	0.585	NA	2.81	3.5	4.02	4.8	NA
CAF316	02/04/2013	0.578	0.599	0.535	0.585	NA	3.08	3.53	4.1	4.8	NA
CAF316	02/05/2013	0.577	0.599	0.535	0.585	NA	3.47	3.65	4.11	4.8	NA
CAF316	02/06/2013	0.578	0.599	0.535	0.585	NA	3.35	3.78	4.2	4.86	NA
CAF316	02/07/2013	0.579	0.599	0.535	0.585	NA	3.23	3.8	4.24	4.9	NA
CAF316	02/08/2013	0.584	0.599	0.535	0.586	NA	3	3.8	4.3	4.9	NA
CAF316	02/09/2013	0.586	0.6	0.535	0.586	NA	2.68	3.77	4.3	4.9	NA
CAF316	02/10/2013	0.588	0.601	0.536	0.586	NA	2.37	3.67	4.3	4.9	NA
CAF316	02/11/2013	0.591	0.601	0.536	0.586	NA	2.11	3.55	4.2	4.9	NA
CAF316	02/12/2013	0.593	0.602	0.537	0.587	NA	2.14	3.41	4.17	4.9	NA
CAF316	02/13/2013	0.592	0.602	0.537	0.587	NA	2.92	3.4	4.1	4.87	NA
CAF316	02/14/2013	0.592	0.602	0.537	0.587	NA	3.1	3.54	4.1	4.8	NA
CAF316	02/15/2013	0.593	0.602	0.537	0.587	NA	3.02	3.6	4.1	4.8	NA
CAF316	02/16/2013	0.591	0.602	0.537	0.586	NA	3.4	3.68	4.19	4.8	NA
CAF316	02/17/2013	0.59	0.601	0.537	0.586	NA	3.5	3.79	4.2	4.8	NA
CAF316	02/18/2013	0.577	0.601	0.536	0.585	NA	3.21	3.88	4.25	4.9	NA
CAF316	02/19/2013	0.575	0.601	0.536	0.585	NA	2.83	3.82	4.3	4.9	NA
CAF316	02/20/2013	0.59	0.602	0.538	0.586	NA	2.85	3.75	4.3	4.9	NA
CAF316	02/21/2013	0.585	0.602	0.538	0.586	NA	2.83	3.7	4.2	4.9	NA
CAF316	02/22/2013	0.588	0.602	0.539	0.586	NA	2.41	3.67	4.2	4.9	NA
CAF316	02/23/2013	0.598	0.603	0.54	0.587	NA	2.15	3.52	4.18	4.83	NA
CAF316	02/24/2013	0.6	0.604	0.541	0.587	NA	2.1	3.4	4.1	4.8	NA
CAF316	02/25/2013	0.6	0.604	0.541	0.587	NA	2.03	3.3	4.03	4.8	NA
CAF316	02/26/2013	0.602	0.605	0.541	0.588	NA	2.04	3.25	4	4.71	NA
CAF316	02/27/2013	0.602	0.605	0.541	0.588	NA	2.1	3.2	3.91	4.7	NA
CAF316	02/28/2013	0.603	0.605	0.542	0.588	NA	2.54	3.2	3.9	4.65	NA
CAF316	03/01/2013	0.603	0.606	0.542	0.588	NA	3.12	3.3	3.9	4.6	NA
CAF316	03/02/2013	0.6	0.606	0.542	0.588	NA	4.03	3.49	3.9	4.6	NA
CAF316	03/03/2013	0.597	0.605	0.541	0.588	NA	4.38	3.79	4	4.6	NA
CAF316	03/04/2013	0.597	0.605	0.541	0.587	NA	3.94	3.96	4.13	4.7	NA
CAF316	03/05/2013	0.59	0.605	0.54	0.587	NA	4.09	3.9	4.2	4.72	NA
CAF316	03/06/2013	0.601	0.605	0.541	0.589	NA	3.56	3.82	4.2	4.8	NA
CAF316	03/07/2013	0.601	0.606	0.542	0.59	NA	4.07	3.81	4.2	4.8	NA
CAF316	03/08/2013	0.599	0.606	0.542	0.59	NA	5.16	3.95	4.21	4.8	NA
CAF316	03/09/2013	0.599	0.607	0.542	0.59	NA	5.13	4.04	4.3	4.8	NA
CAF316	03/10/2013	0.598	0.607	0.542	0.59	NA	4.87	4.1	4.32	4.83	NA
CAF316	03/11/2013	0.597	0.607	0.542	0.59	NA	4.75	4.1	4.4	4.9	NA
CAF316	03/12/2013	0.594	0.607	0.542	0.59	NA	5.13	4.16	4.4	4.9	NA
CAF316	03/13/2013	0.585	0.607	0.542	0.59	NA	5.9	4.35	4.45	4.9	NA
CAF316	03/14/2013	0.544	0.606	0.541	0.59	NA	6.71	4.65	4.55	4.97	NA
CAF316	03/15/2013	0.471	0.605	0.542	0.59	NA	6.97	5.02	4.72	5.04	NA
CAF316	03/16/2013	0.447	0.603	0.541	0.59	NA	6.9	5.31	4.92	5.15	NA
CAF316	03/17/2013	0.442	0.604	0.541	0.59	NA	5.97	5.46	5.08	5.27	NA
CAF316	03/18/2013	0.441	0.604	0.541	0.591	NA	4.97	5.33	5.2	5.38	NA
CAF316	03/19/2013	0.434	0.604	0.542	0.591	NA	4.55	5.1	5.2	5.45	NA
CAF316	03/20/2013	0.522	0.609	0.541	0.591	NA	5.1	4.92	5.12	5.5	NA
CAF316	03/21/2013	0.566	0.613	0.542	0.592	NA	4.91	4.9	5.1	5.5	NA
CAF316	03/22/2013	0.57	0.613	0.542	0.592	NA	4.27	4.85	5.1	5.5	NA
CAF316	03/23/2013	0.573	0.613	0.542	0.592	NA	3.96	4.65	5	5.44	NA
CAF316	03/24/2013	0.567	0.613	0.542	0.592	NA	4.1	4.52	4.94	5.4	NA
CAF316	03/25/2013	0.521	0.611	0.542	0.591	NA	4.24	4.5	4.9	5.4	NA
CAF316	03/26/2013	0.477	0.61	0.542	0.591	NA	4.91	4.47	4.81	5.37	NA
CAF316	03/27/2013	0.449	0.609	0.543	0.591	NA	5.98	4.65	4.83	5.3	NA
CAF316	03/28/2013	0.438	0.608	0.544	0.592	NA	6.83	4.99	4.93	5.33	NA
CAF316	03/29/2013	0.429	0.608	0.544	0.592	NA	7.46	5.38	5.07	5.4	NA
CAF316	03/30/2013	0.422	0.607	0.544	0.592	NA	7.66	5.72	5.27	5.49	NA
CAF316	03/31/2013	0.416	0.606	0.544	0.591	NA	8	6	5.46	5.62	NA
CAF316	04/01/2013	0.41	0.605	0.544	0.591	NA	8.48	6.27	5.65	5.74	NA
CAF316	04/02/2013	0.405	0.605	0.543	0.591	NA	8.66	6.54	5.84	5.85	NA
CAF316	04/03/2013	0.401	0.604	0.543	0.592	NA	8.78	6.76	6.02	5.99	NA
CAF316	04/04/2013	0.413	0.604	0.542	0.592	NA	8.98	6.95	6.18	6.13	NA
CAF316	04/05/2013	0.547	0.611	0.54	0.593	NA	9.05	7.24	6.37	6.26	NA
CAF316	04/06/2013	0.549	0.613	0.539	0.594	NA	9.22	7.36	6.54	6.42	NA
CAF316	04/07/2013	0.556	0.612	0.538	0.595	NA	8.73	7.47	6.67	6.54	NA
CAF316	04/08/2013	0.564	0.614	0.538	0.595	NA	8.1	7.46	6.78	6.65	NA
CAF316	04/09/2013	0.567	0.615	0.538	0.595	NA	7.75	7.35	6.8	6.74	NA
CAF316	04/10/2013	0.554	0.614	0.538	0.595	NA	8.08	7.3	6.8	6.8	NA
CAF316	04/11/2013	0.5	0.612	0.538	0.595	NA	7.64	7.29	6.86	6.84	NA
CAF316	04/12/2013	0.465	0.611	0.538	0.595	NA	7.29	7.19	6.9	6.9	NA
CAF316	04/13/2013	0.549	0.616	0.54	0.596	NA	7.16	7.1	6.83	6.9	NA
CAF316	04/14/2013	0.554	0.618	0.539	0.597	NA	6.6	7.01	6.8	6.9	NA
CAF316	04/15/2013	0.535	0.618	0.539	0.596	NA	6.53	6.87	6.8	6.9	NA
CAF316	04/16/2013	0.471	0.616	0.54	0.597	NA	6.35	6.77	6.71	6.9	NA
CAF316	04/17/2013	0.447	0.615	0.541	0.597	NA	6.34	6.67	6.68	6.9	NA
CAF316	04/18/2013	0.436	0.614	0.543	0.597	NA	6.5	6.6	6.6	6.9	NA
CAF316	04/19/2013	0.497	0.616	0.542	0.596	NA	7.05	6.6	6.6	6.83	NA
CAF316	04/20/2013	0.546	0.62	0.542	0.598	NA	7.36	6.72	6.6	6.8	NA
CAF316	04/21/2013	0.547	0.62	0.541	0.598	NA	7.48	6.84	6.6	6.8	NA
CAF316	04/22/2013	0.548	0.619	0.541	0.598	NA	7.35	6.9	6.65	6.86	NA
CAF316	04/23/2013	0.497	0.617	0.541	0.597	NA	7.52	6.98	6.7	6.9	NA
CAF316	04/24/2013	0.454	0.615	0.542	0.598	NA	7.83	7.06	6.74	6.9	NA
CAF316	04/25/2013	0.438	0.613	0.543	0.597	NA	8.5	7.21	6.8	6.95	NA
CAF316	04/26/2013	0.426	0.612	0.544	0.597	NA	9.26	7.46	6.9	7	NA
CAF316	04/27/2013	0.417	0.611	0.544	0.597	NA	9.87	7.78	7.04	7.07	NA
CAF316	04/28/2013	0.412	0.61	0.543	0.597	NA	9.63	8.06	7.23	7.16	NA
CAF316	04/29/2013	0.409	0.608	0.542	0.596	NA	9.52	8.22	7.37	7.28	NA
CAF316	04/30/2013	0.41	0.607	0.542	0.597	NA	8.28	8.26	7.5	7.39	NA
CAF316	05/01/2013	0.409	0.607	0.543	0.597	NA	7.87	8.03	7.56	7.49	NA
CAF316	05/02/2013	0.406	0.606	0.543	0.598	NA	8.52	7.9	7.5	7.5	NA
CAF316	05/03/2013	NA	NA	NA	NA	NA	NA	NA	NA	NA	NA
CAF316	09/26/2014	NA	NA	NA	NA	NA	NA	NA	NA	NA	NA
CAF316	09/27/2014	0.188	0.19	0.256	0.379	0.482	17.09	15.9	14.9	14.6	14
CAF316	09/28/2014	0.187	0.19	0.256	0.379	0.483	16.78	15.85	14.9	14.6	14
CAF316	09/29/2014	0.187	0.19	0.256	0.379	0.483	16.73	15.71	14.87	14.6	14
CAF316	09/30/2014	0.187	0.19	0.256	0.379	0.483	16.91	15.7	14.8	14.6	14
CAF316	10/01/2014	0.186	0.19	0.256	0.379	0.483	16.08	15.65	14.8	14.6	14
CAF316	10/02/2014	0.183	0.19	0.256	0.379	0.482	14.52	15.36	14.76	14.6	14
CAF316	10/03/2014	0.181	0.19	0.256	0.378	0.482	13.37	14.83	14.6	14.56	14
CAF316	10/04/2014	0.18	0.189	0.256	0.378	0.481	12.7	14.32	14.38	14.46	14
CAF316	10/05/2014	0.18	0.189	0.256	0.378	0.482	12.82	13.92	14.13	14.34	14
CAF316	10/06/2014	0.181	0.189	0.256	0.378	0.482	13.38	13.78	13.93	14.2	13.9
CAF316	10/07/2014	0.182	0.189	0.255	0.378	0.482	14.01	13.78	13.8	14.07	13.85
CAF316	10/08/2014	0.183	0.19	0.256	0.377	0.482	14.67	13.92	13.71	13.99	13.79
CAF316	10/09/2014	0.183	0.19	0.256	0.377	0.482	14.94	14.13	13.73	13.9	13.7
CAF316	10/10/2014	0.182	0.19	0.256	0.377	0.482	14.38	14.19	13.8	13.9	13.7
CAF316	10/11/2014	0.181	0.19	0.256	0.377	0.481	14	14.08	13.79	13.9	13.6
CAF316	10/12/2014	0.182	0.19	0.256	0.377	0.481	14.19	14	13.7	13.85	13.6
CAF316	10/13/2014	0.18	0.19	0.256	0.377	0.48	13.57	13.93	13.67	13.8	13.6
CAF316	10/14/2014	0.18	0.19	0.256	0.377	0.481	13.25	13.73	13.58	13.75	13.5
CAF316	10/15/2014	0.18	0.19	0.256	0.377	0.481	13.32	13.57	13.5	13.7	13.5
CAF316	10/16/2014	0.179	0.19	0.256	0.377	0.481	12.98	13.48	13.4	13.63	13.5
CAF316	10/17/2014	0.177	0.19	0.255	0.376	0.48	11.72	13.27	13.33	13.56	13.4
CAF316	10/18/2014	0.176	0.19	0.255	0.376	0.48	10.98	12.84	13.16	13.49	13.4
CAF316	10/19/2014	0.176	0.19	0.255	0.376	0.48	11.34	12.5	12.96	13.37	13.31
CAF316	10/20/2014	0.177	0.19	0.255	0.376	0.48	11.85	12.4	12.8	13.26	13.25
CAF316	10/21/2014	0.177	0.19	0.255	0.376	0.48	12.19	12.47	12.7	13.15	13.17
CAF316	10/22/2014	0.178	0.19	0.255	0.375	0.479	12.53	12.55	12.63	13.09	13.1
CAF316	10/23/2014	0.176	0.19	0.255	0.375	0.479	11.7	12.57	12.6	13	13.03
CAF316	10/24/2014	0.177	0.19	0.255	0.375	0.479	11.66	12.39	12.58	12.97	12.99
CAF316	10/25/2014	0.175	0.19	0.255	0.375	0.478	11.08	12.26	12.49	12.9	12.9
CAF316	10/26/2014	0.175	0.19	0.255	0.375	0.479	10.81	12.04	12.37	12.84	12.87
CAF316	10/27/2014	0.175	0.19	0.255	0.375	0.478	10.76	11.89	12.26	12.75	12.8
CAF316	10/28/2014	0.174	0.19	0.255	0.374	0.477	9.838	11.71	12.15	12.67	12.73
CAF316	10/29/2014	0.173	0.19	0.255	0.374	0.477	9.192	11.4	12.01	12.57	12.67
CAF316	10/30/2014	0.174	0.19	0.255	0.374	0.477	9.112	11.08	11.82	12.46	12.6
CAF316	10/31/2014	0.176	0.19	0.255	0.374	0.477	9.654	10.9	11.65	12.34	12.51
CAF316	11/01/2014	0.178	0.19	0.255	0.373	0.478	10.27	10.95	11.53	12.22	12.43
CAF316	11/02/2014	0.18	0.19	0.254	0.373	0.478	10.47	11.08	11.5	12.12	12.35
CAF316	11/03/2014	0.178	0.191	0.254	0.373	0.476	9.371	11.06	11.5	12.08	12.3
CAF316	11/04/2014	0.178	0.19	0.254	0.373	0.475	8.667	10.77	11.38	12	12.2
CAF316	11/05/2014	0.178	0.19	0.254	0.373	0.475	8.75	10.5	11.25	11.92	12.16
CAF316	11/06/2014	0.181	0.191	0.254	0.373	0.474	9.121	10.4	11.13	11.83	12.1
CAF316	11/07/2014	0.183	0.191	0.254	0.372	0.475	9.775	10.43	11.02	11.74	12
CAF316	11/08/2014	0.184	0.191	0.254	0.372	0.473	9.671	10.56	11	11.66	11.94
CAF316	11/09/2014	0.183	0.191	0.254	0.372	0.474	8.612	10.48	11	11.6	11.9
CAF316	11/10/2014	0.183	0.191	0.254	0.372	0.476	8.354	10.2	10.88	11.55	11.81
CAF316	11/11/2014	0.182	0.191	0.254	0.372	0.475	7.829	10.01	10.76	11.48	11.78
CAF316	11/12/2014	0.18	0.191	0.254	0.372	0.473	6.413	9.692	10.63	11.38	11.7
CAF316	11/13/2014	0.178	0.19	0.254	0.371	0.473	4.688	9.121	10.41	11.27	11.63
CAF316	11/14/2014	0.176	0.19	0.253	0.371	0.474	3.325	8.408	10.1	11.12	11.56
CAF316	11/15/2014	0.175	0.189	0.253	0.371	0.474	2.642	7.712	9.725	10.91	11.46
CAF316	11/16/2014	0.173	0.189	0.253	0.37	0.472	2.033	7.171	9.346	10.67	11.34
CAF316	11/17/2014	0.171	0.189	0.252	0.369	0.471	1.196	6.675	8.992	10.41	11.18
CAF316	11/18/2014	0.17	0.188	0.252	0.369	0.471	0.6792	6.175	8.642	10.16	11.04
CAF316	11/19/2014	0.17	0.188	0.252	0.368	0.471	0.5042	5.746	8.304	9.892	10.85
CAF316	11/20/2014	0.171	0.188	0.252	0.368	0.471	0.8375	5.463	7.996	9.642	10.68
CAF316	11/21/2014	0.171	0.188	0.252	0.368	0.471	1.175	5.325	7.746	9.4	10.5
CAF316	11/22/2014	0.172	0.189	0.252	0.367	0.471	1.425	5.3	7.554	9.196	10.33
CAF316	11/23/2014	0.173	0.189	0.252	0.366	0.471	1.629	5.217	7.421	9.021	10.15
CAF316	11/24/2014	0.176	0.19	0.251	0.366	0.469	2.238	5.254	7.3	8.858	10
CAF316	11/25/2014	0.179	0.19	0.251	0.366	0.468	2.583	5.363	7.2	8.725	9.854
CAF316	11/26/2014	0.184	0.19	0.251	0.366	0.467	3.117	5.421	7.2	8.621	9.733
CAF316	11/27/2014	0.281	0.192	0.252	0.366	0.467	4.337	5.65	7.154	8.529	9.621
CAF316	11/28/2014	0.303	0.192	0.252	0.365	0.467	5.283	6.012	7.2	8.5	9.513
CAF316	11/29/2014	0.302	0.192	0.252	0.365	0.468	6.208	6.421	7.317	8.5	9.408
CAF316	11/30/2014	0.324	0.192	0.252	0.365	0.468	6.254	6.813	7.458	8.5	9.35
CAF316	12/01/2014	0.321	0.192	0.252	0.366	0.466	4.875	6.871	7.596	8.5	9.3
CAF316	12/02/2014	0.314	0.192	0.252	0.366	0.466	3.833	6.567	7.6	8.5	9.3
CAF316	12/03/2014	0.309	0.191	0.252	0.365	0.466	3.196	6.171	7.471	8.5	9.263
CAF316	12/04/2014	0.305	0.191	0.252	0.365	0.467	2.825	5.825	7.321	8.45	9.2
CAF316	12/05/2014	0.303	0.191	0.252	0.365	0.467	2.567	5.55	7.146	8.35	9.158
CAF316	12/06/2014	0.313	0.191	0.251	0.365	0.466	2.396	5.333	6.983	8.237	9.096
CAF316	12/07/2014	0.345	0.191	0.252	0.365	0.466	2.742	5.158	6.842	8.129	9
CAF316	12/08/2014	0.336	0.191	0.252	0.365	0.465	3.242	5.171	6.712	8.017	8.921
CAF316	12/09/2014	0.331	0.191	0.252	0.365	0.465	3.613	5.237	6.7	7.921	8.825
CAF316	12/10/2014	0.327	0.191	0.252	0.364	0.465	4.304	5.383	6.608	7.863	8.75
CAF316	12/11/2014	0.325	0.192	0.252	0.364	0.466	5.096	5.642	6.7	7.8	8.7
CAF316	12/12/2014	0.323	0.192	0.252	0.364	0.467	5.7	5.954	6.75	7.8	8.6
CAF316	12/13/2014	0.337	0.193	0.252	0.364	0.466	6.171	6.279	6.867	7.8	8.6
CAF316	12/14/2014	0.352	0.193	0.252	0.364	0.465	5.912	6.537	6.996	7.871	8.55
CAF316	12/15/2014	0.336	0.193	0.252	0.364	0.465	5.079	6.521	7.1	7.9	8.5
CAF316	12/16/2014	0.331	0.193	0.252	0.364	0.466	4.204	6.254	7.092	7.9	8.5
CAF316	12/17/2014	0.328	0.193	0.252	0.364	0.467	3.65	5.908	6.979	7.9	8.5
CAF316	12/18/2014	0.327	0.194	0.252	0.364	0.467	3.55	5.6	6.85	7.867	8.5
CAF316	12/19/2014	0.327	0.194	0.252	0.364	0.466	3.779	5.429	6.717	7.788	8.483
CAF316	12/20/2014	0.353	0.196	0.252	0.364	0.466	4.196	5.429	6.604	7.7	8.4
CAF316	12/21/2014	0.362	0.197	0.252	0.364	0.468	4.121	5.5	6.6	7.604	8.367
CAF316	12/22/2014	0.388	0.378	0.253	0.363	0.469	4.508	5.371	6.517	7.575	8.3
CAF316	12/23/2014	0.36	0.426	0.253	0.363	0.468	4.883	5.525	6.471	7.5	8.254
CAF316	12/24/2014	0.353	0.425	0.253	0.363	0.469	4.25	5.6	6.5	7.5	8.2
CAF316	12/25/2014	0.386	0.435	0.254	0.363	0.471	4	5.521	6.454	7.463	8.183
CAF316	12/26/2014	0.374	0.45	0.254	0.363	0.471	3.683	5.375	6.35	7.4	8.1
CAF316	12/27/2014	0.361	0.442	0.258	0.363	0.471	3.233	5.229	6.254	7.338	8.1
CAF316	12/28/2014	0.354	0.436	0.269	0.363	0.472	2.933	5.046	6.146	7.275	8.021
CAF316	12/29/2014	0.352	0.432	0.284	0.363	0.473	2.729	4.854	6.029	7.192	8
CAF316	12/30/2014	0.352	0.429	0.297	0.363	0.472	2.617	4.687	5.892	7.096	7.904
CAF316	12/31/2014	0.349	0.427	0.308	0.362	0.471	2.542	4.554	5.775	7	7.858
CAF316	01/01/2015	0.345	0.424	0.317	0.362	0.472	2.346	4.438	5.667	6.904	7.779
CAF316	01/02/2015	0.34	0.422	0.323	0.362	0.473	2.146	4.308	5.558	6.808	7.7
CAF316	01/03/2015	0.336	0.419	0.328	0.362	0.473	1.975	4.158	5.454	6.7	7.621
CAF316	01/04/2015	0.334	0.417	0.333	0.362	0.472	1.879	4.037	5.346	6.612	7.558
CAF316	01/05/2015	0.333	0.415	0.336	0.362	0.472	1.8	3.925	5.237	6.521	7.492
CAF316	01/06/2015	0.349	0.421	0.34	0.362	0.473	1.762	3.817	5.142	6.429	7.4
CAF316	01/07/2015	0.378	0.451	0.374	0.362	0.473	1.633	3.654	5.008	6.329	7.313
CAF316	01/08/2015	0.371	0.451	0.409	0.362	0.473	1.833	3.554	4.871	6.225	7.246
CAF316	01/09/2015	0.361	0.444	0.42	0.362	0.473	2.258	3.617	4.8	6.117	7.162
CAF316	01/10/2015	0.358	0.44	0.427	0.363	0.473	2.2	3.7	4.8	6.037	7.092
CAF316	01/11/2015	0.357	0.438	0.433	0.363	0.473	2.225	3.7	4.8	6	7
CAF316	01/12/2015	0.355	0.437	0.437	0.363	0.473	2.425	3.733	4.754	5.913	6.95
CAF316	01/13/2015	0.355	0.436	0.441	0.363	0.473	2.6	3.8	4.7	5.9	6.9
CAF316	01/14/2015	0.353	0.436	0.443	0.363	0.473	2.608	3.825	4.7	5.863	6.833
CAF316	01/15/2015	0.35	0.436	0.446	0.364	0.473	2.554	3.9	4.7	5.8	6.8
CAF316	01/16/2015	0.348	0.435	0.447	0.364	0.473	2.3	3.85	4.7	5.8	6.742
CAF316	01/17/2015	0.349	0.434	0.449	0.365	0.473	2.196	3.8	4.7	5.8	6.7
CAF316	01/18/2015	0.367	0.437	0.45	0.365	0.473	2.262	3.7	4.7	5.783	6.7
CAF316	01/19/2015	0.496	0.483	0.469	0.486	0.472	2.9	3.525	4.546	5.654	6.529
CAF316	01/20/2015	0.438	0.488	0.472	0.507	0.472	3.146	3.7	4.5	5.6	6.5
CAF316	01/21/2015	0.395	0.487	0.473	0.508	0.472	2.987	3.846	4.5	5.512	6.471
CAF316	01/22/2015	0.386	0.487	0.473	0.508	0.472	2.617	3.883	4.508	5.5	6.4
CAF316	01/23/2015	0.381	0.487	0.474	0.508	0.472	2.325	3.8	4.504	5.5	6.4
CAF316	01/24/2015	0.38	0.487	0.475	0.508	0.472	2.225	3.704	4.5	5.5	6.4
CAF316	01/25/2015	0.382	0.488	0.475	0.508	0.472	3.062	3.7	4.5	5.5	6.371
CAF316	01/26/2015	0.38	0.488	0.475	0.508	0.472	4.042	3.867	4.5	5.5	6.3
CAF316	01/27/2015	0.377	0.488	0.474	0.507	0.472	4.608	4.171	4.546	5.5	6.3
CAF316	01/28/2015	0.375	0.488	0.474	0.507	0.472	4.871	4.471	4.671	5.5	6.3
CAF316	01/29/2015	0.373	0.488	0.475	0.507	0.472	4.992	4.679	4.825	5.562	6.3
CAF316	01/30/2015	0.371	0.488	0.475	0.508	0.472	4.608	4.821	4.95	5.621	6.3
CAF316	01/31/2015	0.371	0.489	0.475	0.508	0.472	4.287	4.8	5.021	5.7	6.3
CAF316	02/01/2015	0.371	0.489	0.475	0.508	0.472	3.925	4.767	5.1	5.767	6.321
CAF316	02/02/2015	0.37	0.489	0.475	0.508	0.472	3.613	4.671	5.1	5.8	6.4
CAF316	02/03/2015	0.38	0.49	0.475	0.508	0.472	3.283	4.542	5.029	5.8	6.4
CAF316	02/04/2015	0.387	0.493	0.475	0.508	0.472	3.517	4.404	5	5.8	6.4
CAF316	02/05/2015	0.384	0.494	0.475	0.508	0.472	3.875	4.4	4.913	5.729	6.4
CAF316	02/06/2015	0.383	0.494	0.474	0.508	0.472	4.221	4.475	4.9	5.7	6.358
CAF316	02/07/2015	0.385	0.494	0.474	0.508	0.472	5.083	4.617	4.946	5.7	6.3
CAF316	02/08/2015	0.425	0.496	0.473	0.508	0.471	5.592	4.892	5.025	5.7	6.3
CAF316	02/09/2015	0.441	0.498	0.473	0.508	0.471	5.883	5.15	5.137	5.779	6.3
CAF316	02/10/2015	0.513	0.501	0.474	0.509	0.471	6.596	5.371	5.263	5.808	6.3
CAF316	02/11/2015	0.531	0.503	0.474	0.51	0.472	6.65	5.6	5.404	5.9	6.317
CAF316	02/12/2015	0.534	0.503	0.474	0.51	0.472	6.192	5.771	5.542	6.008	6.4
CAF316	02/13/2015	0.534	0.502	0.473	0.51	0.472	6.563	5.846	5.654	6.1	6.413
CAF316	02/14/2015	0.528	0.502	0.473	0.51	0.472	6.471	5.963	5.754	6.192	6.5
CAF316	02/15/2015	0.495	0.501	0.473	0.51	0.472	6.292	6	5.838	6.254	6.512
CAF316	02/16/2015	0.43	0.501	0.473	0.509	0.472	6.362	6	5.9	6.3	6.6
CAF316	02/17/2015	0.413	0.501	0.474	0.51	0.473	5.704	6.05	5.946	6.396	6.6
CAF316	02/18/2015	0.403	0.501	0.474	0.51	0.473	5.058	5.888	6	6.4	6.687
CAF316	02/19/2015	0.397	0.501	0.474	0.51	0.473	4.762	5.679	5.9	6.4	6.7
CAF316	02/20/2015	0.394	0.502	0.474	0.51	0.473	4.675	5.5	5.842	6.4	6.7
CAF316	02/21/2015	0.397	0.503	0.474	0.51	0.472	4.979	5.4	5.779	6.4	6.7
CAF316	02/22/2015	0.394	0.504	0.475	0.51	0.472	4.983	5.4	5.7	6.358	6.7
CAF316	02/23/2015	0.388	0.504	0.476	0.51	0.473	4.237	5.367	5.7	6.3	6.7
CAF316	02/24/2015	0.385	0.504	0.476	0.51	0.473	3.392	5.137	5.633	6.3	6.7
CAF316	02/25/2015	0.383	0.505	0.476	0.51	0.473	2.967	4.829	5.512	6.267	6.7
CAF316	02/26/2015	0.382	0.505	0.477	0.509	0.473	2.858	4.575	5.358	6.192	6.7
CAF316	02/27/2015	0.382	0.505	0.477	0.509	0.472	3.221	4.413	5.225	6.1	6.625
CAF316	02/28/2015	0.381	0.505	0.477	0.509	0.472	3.729	4.4	5.108	6.004	6.6
CAF316	03/01/2015	0.379	0.505	0.478	0.509	0.472	3.812	4.488	5.1	5.917	6.546
CAF316	03/02/2015	0.377	0.505	0.478	0.509	0.472	3.383	4.5	5.096	5.9	6.5
CAF316	03/03/2015	0.376	0.505	0.478	0.509	0.472	2.975	4.375	5	5.829	6.5
CAF316	03/04/2015	0.375	0.505	0.478	0.509	0.472	2.904	4.242	4.963	5.8	6.417
CAF316	03/05/2015	0.373	0.505	0.479	0.509	0.472	2.829	4.15	4.875	5.758	6.4
CAF316	03/06/2015	0.373	0.505	0.479	0.509	0.472	2.612	4.046	4.8	5.7	6.388
CAF316	03/07/2015	0.372	0.505	0.479	0.509	0.472	2.958	4	4.712	5.621	6.3
CAF316	03/08/2015	0.371	0.505	0.48	0.509	0.471	3.642	4.012	4.7	5.6	6.3
CAF316	03/09/2015	0.37	0.504	0.479	0.509	0.471	4.146	4.167	4.7	5.512	6.212
CAF316	03/10/2015	0.369	0.504	0.479	0.509	0.471	4.575	4.358	4.704	5.5	6.2
CAF316	03/11/2015	0.369	0.503	0.479	0.509	0.471	5.008	4.575	4.8	5.517	6.2
CAF316	03/12/2015	0.368	0.502	0.478	0.509	0.471	5.712	4.8	4.896	5.6	6.2
CAF316	03/13/2015	0.368	0.502	0.478	0.509	0.471	6.267	5.096	5.033	5.612	6.2
CAF316	03/14/2015	0.367	0.502	0.478	0.509	0.471	6.433	5.379	5.162	5.7	6.2
CAF316	03/15/2015	0.367	0.501	0.477	0.509	0.471	6.929	5.596	5.338	5.8	6.2
CAF316	03/16/2015	0.389	0.502	0.477	0.509	0.471	7.379	5.858	5.479	5.879	6.2
CAF316	03/17/2015	0.389	0.506	0.477	0.51	0.471	7.342	6.112	5.65	5.996	6.275
CAF316	03/18/2015	0.391	0.506	0.476	0.51	0.471	7.454	6.263	5.813	6.117	6.3
CAF316	03/19/2015	0.491	0.51	0.476	0.51	0.471	7.067	6.396	5.946	6.217	6.4
CAF316	03/20/2015	0.476	0.509	0.476	0.51	0.471	6.967	6.4	6.037	6.3	6.433
CAF316	03/21/2015	0.418	0.509	0.476	0.51	0.471	7.171	6.4	6.1	6.4	6.5
CAF316	03/22/2015	0.407	0.508	0.476	0.51	0.472	7.65	6.517	6.175	6.454	6.567
CAF316	03/23/2015	0.396	0.508	0.476	0.51	0.472	7.296	6.667	6.25	6.504	6.6
CAF316	03/24/2015	0.445	0.51	0.476	0.511	0.472	7.196	6.7	6.313	6.6	6.65
CAF316	03/25/2015	0.482	0.513	0.477	0.512	0.472	6.55	6.65	6.4	6.633	6.7
CAF316	03/26/2015	0.49	0.514	0.477	0.512	0.472	5.879	6.492	6.4	6.7	6.733
CAF316	03/27/2015	0.482	0.513	0.477	0.512	0.472	8.193	6.486	6.3	6.7	6.8
CAF316	03/28/2015	NA	NA	NA	NA	NA	NA	NA	NA	NA	NA
