CAF401	10/20/2010	NA	NA	NA	NA	NA	NA	NA	NA	NA	NA
CAF401	10/21/2010	0.177	0.18	NA	0.326	0.405	8.75	9.7	NA	11.4	11.8
CAF401	10/22/2010	0.177	0.18	NA	0.326	0.405	8.85	9.77	NA	11.3	11.76
CAF401	10/23/2010	0.178	0.18	NA	0.325	0.405	9.2	9.86	NA	11.23	11.65
CAF401	10/24/2010	0.178	0.18	NA	0.325	0.404	9.1	9.9	NA	11.17	11.56
CAF401	10/25/2010	0.177	0.18	NA	0.325	0.404	8.49	9.82	NA	11.1	11.49
CAF401	10/26/2010	0.176	0.18	NA	0.325	0.404	7.56	9.48	NA	11.03	11.4
CAF401	10/27/2010	0.176	0.18	NA	0.324	0.403	7.23	9.09	NA	10.94	11.34
CAF401	10/28/2010	0.176	0.179	NA	0.324	0.403	7.15	8.87	NA	10.81	11.25
CAF401	10/29/2010	0.177	0.18	NA	0.324	0.403	7.16	8.73	NA	10.67	11.16
CAF401	10/30/2010	0.177	0.18	NA	0.323	0.403	7.05	8.66	NA	10.56	11.06
CAF401	10/31/2010	0.178	0.18	NA	0.323	0.402	7.18	8.51	NA	10.44	10.96
CAF401	11/01/2010	0.18	0.181	NA	0.323	0.402	7.43	8.59	NA	10.34	10.87
CAF401	11/02/2010	0.185	0.181	NA	0.322	0.401	8.25	8.7	NA	10.25	10.78
CAF401	11/03/2010	0.192	0.181	NA	0.322	0.401	7.88	8.88	NA	10.2	10.7
CAF401	11/04/2010	0.197	0.181	NA	0.322	0.401	7.28	8.7	NA	10.15	10.62
CAF401	11/05/2010	0.202	0.181	NA	0.322	0.4	7.55	8.51	NA	10.1	10.6
CAF401	11/06/2010	0.205	0.181	NA	0.322	0.4	8.24	8.67	NA	10.02	10.5
CAF401	11/07/2010	0.208	0.182	NA	0.322	0.4	8.6	8.92	NA	10	10.46
CAF401	11/08/2010	0.209	0.182	NA	0.321	0.399	7.69	8.92	NA	9.97	10.4
CAF401	11/09/2010	0.21	0.182	NA	0.322	0.399	6.33	8.47	NA	9.95	10.4
CAF401	11/10/2010	0.213	0.181	NA	0.321	0.399	5.64	7.93	NA	9.88	10.3
CAF401	11/11/2010	0.215	0.181	NA	0.321	0.399	5.63	7.62	NA	9.76	10.28
CAF401	11/12/2010	0.217	0.181	NA	0.321	0.398	5.49	7.45	NA	9.63	10.19
CAF401	11/13/2010	0.218	0.181	NA	0.32	0.398	5.08	7.24	NA	9.5	10.1
CAF401	11/14/2010	0.22	0.181	NA	0.32	0.398	4.76	6.95	NA	9.37	10
CAF401	11/15/2010	0.221	0.181	NA	0.319	0.397	5.62	6.87	NA	9.25	9.9
CAF401	11/16/2010	0.226	0.181	NA	0.319	0.397	6.29	7.16	NA	9.09	9.8
CAF401	11/17/2010	0.235	0.181	NA	0.319	0.396	6.01	7.29	NA	9.06	9.7
CAF401	11/18/2010	0.243	0.181	NA	0.319	0.396	5.74	7.19	NA	9	9.64
CAF401	11/19/2010	0.251	0.181	NA	0.318	0.396	4.87	6.96	NA	8.95	9.59
CAF401	11/20/2010	0.249	0.181	NA	0.318	0.396	4.09	6.52	NA	8.88	9.5
CAF401	11/21/2010	0.247	0.181	NA	0.318	0.395	3.51	6.07	NA	8.76	9.44
CAF401	11/22/2010	0.246	0.181	NA	0.317	0.395	3.15	5.68	NA	8.63	9.35
CAF401	11/23/2010	0.244	0.181	NA	0.317	0.395	2.95	5.39	NA	8.46	9.25
CAF401	11/24/2010	0.243	0.18	NA	0.316	0.394	2.83	5.16	NA	8.3	9.13
CAF401	11/25/2010	0.243	0.18	NA	0.316	0.394	2.73	5	NA	8.15	9.02
CAF401	11/26/2010	0.242	0.18	NA	0.315	0.393	2.67	4.85	NA	8	8.89
CAF401	11/27/2010	0.241	0.18	NA	0.315	0.393	2.6	4.74	NA	7.86	8.77
CAF401	11/28/2010	0.241	0.18	NA	0.314	0.393	2.57	4.63	NA	7.73	8.66
CAF401	11/29/2010	0.24	0.18	NA	0.314	0.392	2.5	4.54	NA	7.62	8.55
CAF401	11/30/2010	0.24	0.18	NA	0.313	0.392	2.5	4.48	NA	7.5	8.44
CAF401	12/01/2010	0.24	0.18	NA	0.313	0.392	2.5	4.4	NA	7.4	8.34
CAF401	12/02/2010	0.24	0.18	NA	0.312	0.391	2.5	4.35	NA	7.27	8.24
CAF401	12/03/2010	0.24	0.18	NA	0.312	0.391	2.46	4.3	NA	7.17	8.15
CAF401	12/04/2010	0.241	0.181	NA	0.312	0.391	2.4	4.22	NA	7.07	8.06
CAF401	12/05/2010	0.242	0.181	NA	0.312	0.391	2.4	4.2	NA	7.02	7.98
CAF401	12/06/2010	0.244	0.181	NA	0.311	0.39	2.4	4.12	NA	6.92	7.9
CAF401	12/07/2010	0.244	0.181	NA	0.311	0.39	2.4	4.1	NA	6.88	7.78
CAF401	12/08/2010	0.249	0.181	NA	0.311	0.39	2.36	4.06	NA	6.8	7.73
CAF401	12/09/2010	0.28	0.18	NA	0.31	0.389	2.25	3.97	NA	6.72	7.67
CAF401	12/10/2010	0.295	0.18	NA	0.31	0.389	2.01	3.77	NA	6.66	7.6
CAF401	12/11/2010	0.285	0.18	NA	0.309	0.389	2.09	3.7	NA	6.59	7.51
CAF401	12/12/2010	0.297	0.199	NA	0.309	0.389	1.95	3.58	NA	6.5	7.45
CAF401	12/13/2010	0.302	0.323	NA	0.308	0.388	1.72	3.33	NA	6.41	7.38
CAF401	12/14/2010	0.3	0.336	NA	0.307	0.388	2.07	3.4	NA	6.3	7.3
CAF401	12/15/2010	0.286	0.334	NA	0.307	0.388	2.34	3.53	NA	6.13	7.2
CAF401	12/16/2010	0.278	0.329	NA	0.307	0.388	2.24	3.6	NA	6.1	7.13
CAF401	12/17/2010	0.273	0.324	NA	0.306	0.388	2.11	3.6	NA	6.06	7.06
CAF401	12/18/2010	0.268	0.321	NA	0.306	0.388	1.9	3.51	NA	6	7
CAF401	12/19/2010	0.264	0.318	NA	0.306	0.387	1.74	3.45	NA	5.91	6.9
CAF401	12/20/2010	0.26	0.316	NA	0.306	0.387	1.65	3.35	NA	5.85	6.86
CAF401	12/21/2010	0.256	0.314	0.246	0.306	0.387	1.6	3.3	4.26	5.79	6.8
CAF401	12/22/2010	0.253	0.312	0.246	0.306	0.386	1.6	3.22	4.35	5.7	6.7
CAF401	12/23/2010	0.251	0.311	0.246	0.306	0.386	1.6	3.2	4.3	5.62	6.64
CAF401	12/24/2010	0.25	0.31	0.246	0.306	0.386	1.5	3.15	4.2	5.55	6.59
CAF401	12/25/2010	0.249	0.308	0.246	0.305	0.386	1.5	3.1	4.18	5.5	6.5
CAF401	12/26/2010	0.249	0.307	0.246	0.305	0.385	1.5	3.1	4.1	5.41	6.43
CAF401	12/27/2010	0.249	0.306	0.246	0.305	0.385	1.5	3.1	4.1	5.38	6.39
CAF401	12/28/2010	0.255	0.305	0.246	0.305	0.385	1.5	3.04	3.97	5.3	6.3
CAF401	12/29/2010	0.272	0.308	0.246	0.305	0.385	1.5	3	4	5.25	6.26
CAF401	12/30/2010	0.268	0.308	0.246	0.305	0.385	1.5	3	3.9	5.2	6.2
CAF401	12/31/2010	0.265	0.307	0.246	0.305	0.384	1.58	3	3.9	5.15	6.13
CAF401	01/01/2011	0.261	0.307	0.246	0.305	0.384	1.6	3	3.9	5.1	6.1
CAF401	01/02/2011	0.259	0.306	0.246	0.305	0.384	1.6	2.98	3.82	5.07	6.02
CAF401	01/03/2011	0.256	0.307	0.246	0.305	0.384	1.54	2.9	3.77	5	6
CAF401	01/04/2011	0.253	0.306	0.246	0.305	0.384	1.5	2.9	3.8	5	5.92
CAF401	01/05/2011	0.251	0.306	0.246	0.305	0.383	1.5	2.9	3.8	4.93	5.9
CAF401	01/06/2011	0.25	0.306	0.246	0.305	0.383	1.5	2.9	3.7	4.87	5.84
CAF401	01/07/2011	0.249	0.306	0.246	0.305	0.383	1.5	2.9	3.7	4.9	5.8
CAF401	01/08/2011	0.25	0.305	0.246	0.305	0.383	1.5	2.83	3.7	4.8	5.78
CAF401	01/09/2011	0.25	0.305	0.246	0.305	0.383	1.5	2.8	3.69	4.8	5.7
CAF401	01/10/2011	0.25	0.305	0.246	0.305	0.383	1.5	2.8	3.57	4.78	5.7
CAF401	01/11/2011	0.25	0.305	0.246	0.305	0.382	1.49	2.8	3.6	4.7	5.62
CAF401	01/12/2011	0.249	0.305	0.247	0.305	0.382	1.4	2.8	3.6	4.7	5.6
CAF401	01/13/2011	0.249	0.305	0.247	0.305	0.382	1.4	2.8	3.56	4.68	5.58
CAF401	01/14/2011	0.257	0.305	0.247	0.305	0.382	1.4	2.7	3.47	4.6	5.5
CAF401	01/15/2011	0.278	0.307	0.247	0.304	0.382	1.4	2.7	3.5	4.6	5.5
CAF401	01/16/2011	0.301	0.33	0.267	0.303	0.396	1.51	2.62	3.42	4.54	5.47
CAF401	01/17/2011	0.294	0.339	0.307	0.304	0.402	3.26	2.84	3.35	4.5	5.4
CAF401	01/18/2011	0.288	0.339	0.31	0.314	0.403	3.46	3.32	3.5	4.5	5.4
CAF401	01/19/2011	0.285	0.337	0.311	0.322	0.403	2.95	3.5	3.76	4.53	5.39
CAF401	01/20/2011	0.28	0.336	0.312	0.325	0.403	2.45	3.38	3.8	4.6	5.4
CAF401	01/21/2011	0.286	0.336	0.311	0.327	0.403	2.15	3.26	3.81	4.6	5.4
CAF401	01/22/2011	0.299	0.343	0.319	0.329	0.403	1.99	3.12	3.79	4.6	5.4
CAF401	01/23/2011	0.289	0.343	0.323	0.345	0.404	2.07	3.1	3.7	4.6	5.39
CAF401	01/24/2011	0.286	0.342	0.323	0.352	0.404	2.25	3.1	3.7	4.6	5.3
CAF401	01/25/2011	0.295	0.341	0.323	0.354	0.404	2.53	3.12	3.7	4.55	5.3
CAF401	01/26/2011	0.29	0.342	0.324	0.356	0.404	2.87	3.26	3.7	4.5	5.3
CAF401	01/27/2011	0.286	0.342	0.324	0.359	0.403	2.92	3.35	3.78	4.5	5.3
CAF401	01/28/2011	0.283	0.341	0.323	0.361	0.403	3.08	3.44	3.8	4.59	5.26
CAF401	01/29/2011	0.281	0.34	0.323	0.361	0.403	3.3	3.51	3.9	4.6	5.2
CAF401	01/30/2011	0.299	0.34	0.323	0.361	0.403	3.25	3.6	3.95	4.6	5.2
CAF401	01/31/2011	0.291	0.343	0.327	0.364	0.403	2.75	3.57	4	4.6	5.27
CAF401	02/01/2011	0.284	0.342	0.327	0.369	0.402	2.11	3.4	3.95	4.7	5.3
CAF401	02/02/2011	0.278	0.341	0.326	0.371	0.403	1.58	3.17	3.86	4.6	5.3
CAF401	02/03/2011	0.272	0.34	0.326	0.371	0.402	1.26	2.95	3.74	4.6	5.23
CAF401	02/04/2011	0.267	0.34	0.324	0.37	0.402	1.12	2.77	3.57	4.52	5.2
CAF401	02/05/2011	0.264	0.339	0.323	0.369	0.401	1.1	2.67	3.48	4.45	5.2
CAF401	02/06/2011	0.263	0.337	0.322	0.368	0.401	1.01	2.6	3.38	4.39	5.11
CAF401	02/07/2011	0.263	0.336	0.321	0.367	0.401	1	2.53	3.3	4.3	5.1
CAF401	02/08/2011	0.264	0.335	0.32	0.366	0.401	1	2.5	3.22	4.22	5
CAF401	02/09/2011	0.264	0.335	0.32	0.364	0.401	1	2.42	3.2	4.2	4.99
CAF401	02/10/2011	0.264	0.334	0.32	0.363	0.401	1.02	2.4	3.1	4.1	4.9
CAF401	02/11/2011	0.264	0.334	0.319	0.363	0.401	1.1	2.4	3.1	4.1	4.9
CAF401	02/12/2011	0.264	0.334	0.319	0.362	0.401	1.1	2.4	3.07	4.01	4.8
CAF401	02/13/2011	0.265	0.333	0.319	0.362	0.401	1.11	2.4	3	4	4.8
CAF401	02/14/2011	0.27	0.333	0.318	0.361	0.401	1.57	2.4	2.97	3.98	4.73
CAF401	02/15/2011	0.275	0.333	0.318	0.361	0.401	2.29	2.6	3.02	3.87	4.7
CAF401	02/16/2011	0.297	0.333	0.318	0.36	0.401	2	2.7	3.1	3.9	4.7
CAF401	02/17/2011	0.293	0.338	0.321	0.361	0.401	1.82	2.7	3.13	3.9	4.7
CAF401	02/18/2011	0.288	0.339	0.324	0.363	0.401	1.71	2.7	3.08	3.95	4.62
CAF401	02/19/2011	0.284	0.339	0.324	0.366	0.402	1.7	2.65	3.1	3.9	4.6
CAF401	02/20/2011	0.282	0.339	0.324	0.368	0.402	1.61	2.6	3.07	3.9	4.6
CAF401	02/21/2011	0.28	0.339	0.324	0.368	0.402	1.6	2.6	3.1	3.9	4.6
CAF401	02/22/2011	0.277	0.338	0.324	0.369	0.402	1.6	2.6	3.1	3.9	4.6
CAF401	02/23/2011	0.276	0.338	0.324	0.369	0.402	1.6	2.6	3.1	3.9	4.6
CAF401	02/24/2011	0.275	0.337	0.323	0.368	0.402	1.6	2.6	3.1	3.9	4.55
CAF401	02/25/2011	0.275	0.337	0.323	0.368	0.402	1.6	2.6	3.06	3.9	4.5
CAF401	02/26/2011	0.274	0.337	0.323	0.368	0.402	1.6	2.6	3.01	3.8	4.5
CAF401	02/27/2011	0.273	0.336	0.322	0.368	0.402	1.53	2.59	3	3.8	4.5
CAF401	02/28/2011	0.271	0.337	0.322	0.367	0.402	1.5	2.51	3	3.8	4.5
CAF401	03/01/2011	0.271	0.337	0.321	0.367	0.402	1.5	2.5	3	3.8	4.5
CAF401	03/02/2011	0.271	0.336	0.321	0.367	0.402	1.5	2.5	3	3.8	4.42
CAF401	03/03/2011	0.322	0.341	0.323	0.367	0.403	1.42	2.48	3	3.8	4.4
CAF401	03/04/2011	0.312	0.345	0.326	0.368	0.403	1.4	2.4	2.92	3.78	4.4
CAF401	03/05/2011	0.307	0.345	0.327	0.371	0.403	1.4	2.4	2.9	3.7	4.4
CAF401	03/06/2011	0.312	0.347	0.33	0.374	0.404	1.4	2.4	2.9	3.7	4.4
CAF401	03/07/2011	0.305	0.347	0.332	0.376	0.405	1.4	2.4	2.9	3.7	4.34
CAF401	03/08/2011	0.301	0.347	0.333	0.377	0.405	1.4	2.4	2.86	3.7	4.3
CAF401	03/09/2011	0.308	0.349	0.347	0.378	0.405	1.36	2.38	2.77	3.62	4.3
CAF401	03/10/2011	0.333	0.366	0.391	0.38	0.406	1.02	2.11	2.75	3.6	4.28
CAF401	03/11/2011	0.313	0.374	0.392	0.381	0.407	1.04	2.11	2.7	3.6	4.41
CAF401	03/12/2011	0.317	0.373	0.393	0.381	0.407	1.18	2.23	2.79	3.69	4.5
CAF401	03/13/2011	0.343	0.374	0.394	0.382	0.407	1.02	2.17	2.85	3.74	4.58
CAF401	03/14/2011	0.407	0.375	0.396	0.383	0.407	1.5	2.15	2.9	3.8	4.66
CAF401	03/15/2011	0.371	0.376	0.396	0.383	0.407	2.08	2.39	2.94	3.85	4.7
CAF401	03/16/2011	0.353	0.376	0.396	0.383	0.408	2.72	2.7	3.05	3.92	4.8
CAF401	03/17/2011	0.328	0.378	0.397	0.383	0.408	2.9	2.95	3.24	4.02	4.88
CAF401	03/18/2011	0.322	0.378	0.398	0.384	0.408	2.98	3.13	3.41	4.14	4.96
CAF401	03/19/2011	0.32	0.379	0.398	0.384	0.408	3.35	3.3	3.56	4.25	5.02
CAF401	03/20/2011	0.317	0.379	0.399	0.384	0.409	3.07	3.4	3.72	4.36	5.1
CAF401	03/21/2011	0.322	0.379	0.4	0.384	0.409	3.25	3.45	3.74	4.46	5.19
CAF401	03/22/2011	0.322	0.38	0.4	0.385	0.409	3.54	3.57	3.91	4.54	5.21
CAF401	03/23/2011	0.315	0.38	0.4	0.385	0.409	3.67	3.69	4.02	4.62	5.3
CAF401	03/24/2011	0.313	0.38	0.401	0.385	0.409	4.1	3.85	4.12	4.7	5.35
CAF401	03/25/2011	0.311	0.381	0.401	0.385	0.41	4.76	4.13	4.25	4.8	5.4
CAF401	03/26/2011	0.309	0.381	0.402	0.385	0.41	4.65	4.36	4.43	4.88	5.45
CAF401	03/27/2011	0.311	0.382	0.402	0.385	0.41	4.87	4.47	4.55	4.98	5.5
CAF401	03/28/2011	0.309	0.383	0.403	0.386	0.41	5.13	4.65	4.67	5.05	5.52
CAF401	03/29/2011	0.307	0.383	0.404	0.386	0.41	4.88	4.73	4.76	5.12	5.6
CAF401	03/30/2011	0.325	0.383	0.404	0.387	0.41	5.13	4.78	4.88	5.2	5.6
CAF401	03/31/2011	0.315	0.384	0.404	0.386	0.41	6.07	5.02	4.95	5.26	5.67
CAF401	04/01/2011	0.31	0.383	0.404	0.386	0.411	6.5	5.39	5.08	5.33	5.7
CAF401	04/02/2011	0.321	0.384	0.405	0.387	0.41	7.24	5.75	5.3	5.43	5.73
CAF401	04/03/2011	0.314	0.385	0.405	0.387	0.411	6.23	5.95	5.52	5.55	5.8
CAF401	04/04/2011	0.312	0.385	0.405	0.387	0.411	5.55	5.73	5.6	5.67	5.88
CAF401	04/05/2011	0.327	0.385	0.406	0.388	0.411	5.5	5.55	5.6	5.73	5.92
CAF401	04/06/2011	0.318	0.385	0.406	0.388	0.411	5.24	5.48	5.6	5.8	6
CAF401	04/07/2011	0.315	0.385	0.406	0.388	0.411	4.76	5.33	5.56	5.8	6.01
CAF401	04/08/2011	0.313	0.386	0.406	0.388	0.411	4.72	5.17	5.5	5.8	6.1
CAF401	04/09/2011	0.311	0.386	0.406	0.388	0.412	5.15	5.18	5.5	5.8	6.1
CAF401	04/10/2011	0.309	0.386	0.406	0.388	0.412	5.45	5.29	5.5	5.85	6.1
CAF401	04/11/2011	0.307	0.387	0.406	0.388	0.412	5.71	5.44	5.5	5.9	6.1
CAF401	04/12/2011	0.306	0.387	0.406	0.388	0.412	5.61	5.54	5.6	5.9	6.14
CAF401	04/13/2011	0.305	0.387	0.407	0.388	0.412	5.81	5.58	5.63	5.9	6.2
CAF401	04/14/2011	0.303	0.387	0.406	0.388	0.412	5.27	5.57	5.67	5.98	6.2
CAF401	04/15/2011	0.303	0.387	0.406	0.388	0.412	5.54	5.5	5.7	6	6.2
CAF401	04/16/2011	0.308	0.387	0.406	0.388	0.412	6.31	5.66	5.7	6	6.2
CAF401	04/17/2011	0.307	0.387	0.406	0.388	0.412	6.68	5.95	5.74	6	6.2
CAF401	04/18/2011	0.304	0.387	0.406	0.388	0.412	6.1	6.07	5.9	6.07	6.2
CAF401	04/19/2011	0.3	0.386	0.407	0.388	0.412	5.41	5.89	5.87	6.1	6.25
CAF401	04/20/2011	0.298	0.385	0.407	0.388	0.412	5.25	5.68	5.87	6.1	6.3
CAF401	04/21/2011	0.297	0.384	0.407	0.388	0.412	5.49	5.6	5.8	6.1	6.3
CAF401	04/22/2011	0.295	0.383	0.407	0.388	0.412	5.41	5.62	5.8	6.1	6.3
CAF401	04/23/2011	0.293	0.379	0.407	0.388	0.412	5.54	5.6	5.8	6.1	6.3
CAF401	04/24/2011	0.292	0.377	0.406	0.388	0.412	6.27	5.74	5.77	6.1	6.3
CAF401	04/25/2011	0.291	0.376	0.406	0.388	0.412	6.72	6.02	5.85	6.1	6.26
CAF401	04/26/2011	0.292	0.374	0.406	0.388	0.412	6.28	6.14	5.98	6.1	6.29
CAF401	04/27/2011	0.291	0.371	0.405	0.388	0.412	6.39	6.1	6	6.2	6.3
CAF401	04/28/2011	0.291	0.369	0.401	0.389	0.412	6.82	6.25	6.07	6.2	6.3
CAF401	04/29/2011	0.289	0.367	0.384	0.389	0.412	6.3	6.33	6.15	6.29	6.3
CAF401	04/30/2011	0.287	0.363	0.37	0.389	0.412	5.84	6.1	6.17	6.3	6.3
CAF401	05/01/2011	0.286	0.36	0.364	0.388	0.412	6.36	6.05	6.07	6.3	6.34
CAF401	05/02/2011	0.286	0.358	0.361	0.388	0.411	7.24	6.34	6.13	6.3	6.4
CAF401	05/03/2011	0.285	0.356	0.358	0.388	0.411	6.84	6.53	6.22	6.36	6.45
CAF401	05/04/2011	0.285	0.354	0.356	0.387	0.411	6.86	6.5	6.3	6.4	6.5
CAF401	05/05/2011	0.285	0.352	0.355	0.385	0.411	7.75	6.7	6.33	6.43	6.5
CAF401	05/06/2011	0.284	0.351	0.354	0.386	0.411	7.92	6.96	6.5	6.5	6.53
CAF401	05/07/2011	0.282	0.351	0.353	0.385	0.411	8.04	7.13	6.64	6.57	6.57
CAF401	05/08/2011	0.281	0.35	0.352	0.384	0.411	8.46	7.33	6.75	6.65	6.62
CAF401	05/09/2011	0.278	0.35	0.351	0.381	0.411	8.34	7.48	6.91	6.74	6.67
CAF401	05/10/2011	0.278	0.35	0.35	0.382	0.411	8.36	7.5	7	6.8	6.7
CAF401	05/11/2011	NA	NA	NA	NA	NA	NA	NA	NA	NA	NA
CAF401	05/12/2011	NA	NA	NA	NA	NA	NA	NA	NA	NA	NA
CAF401	05/13/2011	0.275	0.348	0.348	0.379	0.412	10.12	8.53	7.66	7.2	7
CAF401	05/14/2011	0.276	0.348	0.347	0.379	0.412	11.28	8.8	7.78	7.31	7.02
CAF401	05/15/2011	0.275	0.348	0.347	0.379	0.412	12.03	9.39	8.05	7.45	7.12
CAF401	05/16/2011	0.299	0.348	0.347	0.379	0.412	10.66	9.57	8.35	7.65	7.23
CAF401	05/17/2011	0.313	0.348	0.347	0.379	0.413	9.57	9.24	8.46	7.83	7.35
CAF401	05/18/2011	0.306	0.349	0.347	0.379	0.413	10.02	9.1	8.33	7.91	7.47
CAF401	05/19/2011	0.302	0.349	0.347	0.379	0.413	10.52	9.18	8.42	8	7.56
CAF401	05/20/2011	0.299	0.349	0.347	0.38	0.413	11.1	9.42	8.53	8.05	7.62
CAF401	05/21/2011	0.297	0.35	0.347	0.379	0.414	12.06	9.79	8.68	8.13	7.7
CAF401	05/22/2011	0.293	0.35	0.347	0.379	0.414	12.21	10.19	8.89	8.25	7.78
CAF401	05/23/2011	0.287	0.35	0.347	0.38	0.414	11.88	10.34	9.14	8.4	7.87
CAF401	05/24/2011	0.283	0.35	0.346	0.38	0.414	11.58	10.36	9.28	8.55	7.97
CAF401	05/25/2011	0.277	0.349	0.345	0.38	0.414	11.09	10.25	9.34	8.66	8.08
CAF401	05/26/2011	0.283	0.349	0.345	0.381	0.415	10.87	10.17	9.33	8.75	8.17
CAF401	05/27/2011	0.29	0.348	0.344	0.381	0.415	10.35	9.98	9.29	8.8	8.25
CAF401	05/28/2011	0.287	0.347	0.343	0.381	0.415	10.34	9.86	9.3	8.8	8.3
CAF401	05/29/2011	0.285	0.347	0.342	0.381	0.416	10.8	9.87	9.3	8.87	8.39
CAF401	05/30/2011	0.281	0.346	0.341	0.381	0.416	10.9	9.98	9.3	8.9	8.4
CAF401	05/31/2011	0.278	0.346	0.34	0.381	0.416	11.17	10.07	9.33	8.9	8.46
CAF401	06/01/2011	0.278	0.346	0.34	0.38	0.416	11.2	10.18	9.4	8.94	8.5
CAF401	06/02/2011	0.277	0.346	0.339	0.38	0.416	10.66	10.17	9.5	9	8.53
CAF401	06/03/2011	0.273	0.345	0.339	0.38	0.416	10.01	9.92	9.47	9.04	8.6
CAF401	06/04/2011	0.273	0.343	0.337	0.379	0.416	11.17	9.93	9.37	9.1	8.67
CAF401	06/05/2011	0.272	0.342	0.336	0.379	0.416	12.4	10.33	9.46	9.1	8.7
CAF401	06/06/2011	0.269	0.342	0.336	0.379	0.416	13.15	10.85	9.68	9.13	8.7
CAF401	06/07/2011	0.266	0.341	0.34	0.378	0.416	13.06	11.17	9.93	9.25	8.79
CAF401	06/08/2011	0.261	0.34	0.34	0.378	0.416	12.93	11.35	10.14	9.39	8.85
CAF401	06/09/2011	0.256	0.339	0.34	0.378	0.416	12.19	11.27	10.27	9.53	8.93
CAF401	06/10/2011	0.252	0.337	0.339	0.378	0.417	12.49	11.2	10.3	9.62	9.02
CAF401	06/11/2011	0.25	0.335	0.337	0.377	0.417	13.15	11.35	10.31	9.7	9.1
CAF401	06/12/2011	0.248	0.333	0.336	0.377	0.416	13.93	11.69	10.45	9.77	9.18
CAF401	06/13/2011	0.247	0.332	0.335	0.377	0.414	14.3	12.08	10.69	9.87	9.25
CAF401	06/14/2011	0.245	0.331	0.334	0.376	0.414	13.72	12.17	10.88	10.02	9.33
CAF401	06/15/2011	0.244	0.328	0.333	0.376	0.415	13.79	12.19	11	10.14	9.43
CAF401	06/16/2011	0.242	0.327	0.332	0.376	0.415	13.12	12.17	11.1	10.24	9.53
CAF401	06/17/2011	0.24	0.325	0.331	0.375	0.415	12.42	11.87	11.08	10.31	9.63
CAF401	06/18/2011	0.24	0.322	0.33	0.375	0.415	13.13	11.86	11	10.4	9.71
CAF401	06/19/2011	0.239	0.322	0.329	0.374	0.415	12.84	11.89	11	10.4	9.8
CAF401	06/20/2011	0.237	0.319	0.327	0.374	0.415	13.27	11.89	11.02	10.4	9.81
CAF401	06/21/2011	0.236	0.316	0.325	0.373	0.415	14.1	12.13	11.11	10.47	9.9
CAF401	06/22/2011	0.234	0.312	0.323	0.371	0.414	14.97	12.51	11.25	10.52	9.9
CAF401	06/23/2011	0.232	0.309	0.321	0.37	0.414	15.74	12.97	11.48	10.62	9.99
CAF401	06/24/2011	0.229	0.306	0.319	0.369	0.414	15.11	13.22	11.72	10.75	10.05
CAF401	06/25/2011	0.226	0.303	0.317	0.368	0.414	14.75	13.17	11.86	10.88	10.14
CAF401	06/26/2011	0.224	0.299	0.313	0.366	0.414	14.62	13.08	11.9	11	10.25
CAF401	06/27/2011	0.221	0.294	0.309	0.364	0.413	14.99	13.16	11.94	11.09	10.35
CAF401	06/28/2011	0.219	0.289	0.305	0.362	0.413	15.61	13.34	12.04	11.15	10.42
CAF401	06/29/2011	0.217	0.287	0.302	0.359	0.412	16.05	13.64	12.18	11.23	10.5
CAF401	06/30/2011	0.215	0.284	0.299	0.356	0.412	15.88	13.8	12.35	11.34	10.6
CAF401	07/01/2011	0.212	0.28	0.296	0.354	0.412	15.5	13.85	12.47	11.45	10.68
CAF401	07/02/2011	0.21	0.275	0.293	0.352	0.411	15.58	13.8	12.51	11.55	10.78
CAF401	07/03/2011	0.209	0.268	0.289	0.35	0.41	16.27	13.94	12.6	11.61	10.87
CAF401	07/04/2011	0.207	0.264	0.285	0.347	0.41	16.56	14.2	12.72	11.71	10.94
CAF401	07/05/2011	0.205	0.257	0.28	0.345	0.409	16.72	14.37	12.86	11.81	11
CAF401	07/06/2011	0.203	0.251	0.275	0.342	0.408	17.02	14.55	13	11.91	11.1
CAF401	07/07/2011	0.202	0.248	0.269	0.339	0.406	17.44	14.75	13.14	12.02	11.17
CAF401	07/08/2011	0.2	0.246	0.265	0.336	0.405	17.5	14.99	13.3	12.13	11.26
CAF401	07/09/2011	0.199	0.244	0.261	0.334	0.404	16.86	15	13.45	12.25	11.33
CAF401	07/10/2011	0.198	0.242	0.256	0.331	0.402	16.64	14.87	13.5	12.36	11.4
CAF401	07/11/2011	0.197	0.239	0.251	0.329	0.401	16.76	14.85	13.5	12.4	11.5
CAF401	07/12/2011	0.197	0.238	0.249	0.327	0.399	17.35	14.96	13.53	12.5	11.56
CAF401	07/13/2011	0.196	0.237	0.249	0.326	0.398	17.25	15.17	13.65	12.55	11.61
CAF401	07/14/2011	0.195	0.237	0.248	0.325	0.397	16.05	15.01	13.7	12.63	11.7
CAF401	07/15/2011	0.194	0.235	0.247	0.324	0.396	15.49	14.65	13.65	12.7	11.77
CAF401	07/16/2011	0.194	0.233	0.246	0.323	0.395	15.97	14.54	13.53	12.7	11.8
CAF401	07/17/2011	0.194	0.231	0.244	0.321	0.393	16.2	14.59	13.5	12.7	11.87
CAF401	07/18/2011	0.194	0.228	0.242	0.319	0.391	16.99	14.8	13.55	12.7	11.9
CAF401	07/19/2011	0.194	0.227	0.241	0.317	0.39	17.28	15.06	13.66	12.71	11.9
CAF401	07/20/2011	0.193	0.226	0.24	0.315	0.388	16.71	15.13	13.8	12.8	11.97
CAF401	07/21/2011	0.193	0.224	0.238	0.314	0.387	16.58	15.05	13.8	12.87	12
CAF401	07/22/2011	0.192	0.222	0.237	0.312	0.385	16.7	15.03	13.8	12.9	12.08
CAF401	07/23/2011	0.192	0.22	0.235	0.311	0.383	16.55	15.05	13.86	12.9	12.1
CAF401	07/24/2011	0.192	0.217	0.232	0.308	0.38	16.79	15.04	13.9	13	12.12
CAF401	07/25/2011	0.192	0.214	0.229	0.305	0.378	17.73	15.25	13.91	13	12.2
CAF401	07/26/2011	0.192	0.213	0.227	0.303	0.375	18.02	15.59	14.05	13.05	12.2
CAF401	07/27/2011	0.191	0.212	0.226	0.301	0.373	17.72	15.74	14.19	13.13	12.28
CAF401	07/28/2011	0.19	0.211	0.224	0.3	0.37	17.54	15.7	14.3	13.21	12.31
CAF401	07/29/2011	0.19	0.21	0.222	0.298	0.368	17.7	15.72	14.3	13.3	12.4
CAF401	07/30/2011	0.19	0.209	0.221	0.297	0.366	18.02	15.83	14.39	13.33	12.46
CAF401	07/31/2011	0.191	0.208	0.22	0.297	0.364	18.93	16.14	14.51	13.4	12.5
CAF401	08/01/2011	0.191	0.207	0.219	0.297	0.363	19.41	16.54	14.7	13.5	12.58
CAF401	08/02/2011	0.191	0.207	0.219	0.297	0.361	19.72	16.85	14.9	13.62	12.63
CAF401	08/03/2011	0.191	0.206	0.218	0.297	0.36	20.02	17.07	15.09	13.73	12.71
CAF401	08/04/2011	0.191	0.206	0.217	0.297	0.359	20.05	17.26	15.25	13.85	12.8
CAF401	08/05/2011	0.191	0.205	0.217	0.297	0.359	20.42	17.41	15.39	13.97	12.89
CAF401	08/06/2011	0.191	0.205	0.216	0.298	0.358	20.42	17.61	15.55	14.08	12.98
CAF401	08/07/2011	0.191	0.204	0.216	0.298	0.357	20.2	17.65	15.65	14.19	13.06
CAF401	08/08/2011	0.191	0.204	0.215	0.298	0.357	20.09	17.63	15.7	14.3	13.15
CAF401	08/09/2011	0.19	0.204	0.215	0.298	0.356	20	17.63	15.76	14.38	13.22
CAF401	08/10/2011	0.19	0.203	0.214	0.298	0.356	19.75	17.59	15.8	14.42	13.3
CAF401	08/11/2011	0.19	0.203	0.214	0.298	0.355	19.38	17.45	15.8	14.5	13.37
CAF401	08/12/2011	0.19	0.203	0.214	0.299	0.355	19.15	17.33	15.78	14.5	13.4
CAF401	08/13/2011	0.19	0.203	0.214	0.298	0.355	19.4	17.28	15.7	14.5	13.49
CAF401	08/14/2011	0.19	0.203	0.213	0.299	0.355	19.63	17.4	15.75	14.58	13.5
CAF401	08/15/2011	0.19	0.203	0.213	0.299	0.355	19.55	17.45	15.8	14.6	13.53
CAF401	08/16/2011	0.189	0.203	0.213	0.299	0.355	18.8	17.3	15.8	14.6	13.6
CAF401	08/17/2011	0.189	0.203	0.213	0.299	0.355	18.69	17.11	15.72	14.63	13.6
CAF401	08/18/2011	0.189	0.203	0.213	0.299	0.355	18.78	17.05	15.7	14.6	13.66
CAF401	08/19/2011	0.189	0.203	0.213	0.299	0.355	18.75	17.04	15.7	14.6	13.7
CAF401	08/20/2011	0.189	0.203	0.213	0.299	0.355	18.92	17.05	15.65	14.6	13.7
CAF401	08/21/2011	0.189	0.203	0.213	0.299	0.355	19.02	17.1	15.69	14.64	13.7
CAF401	08/22/2011	0.19	0.203	0.212	0.299	0.356	19.31	17.18	15.7	14.7	13.7
CAF401	08/23/2011	0.19	0.203	0.212	0.299	0.356	19.74	17.36	15.76	14.7	13.75
CAF401	08/24/2011	0.19	0.203	0.212	0.299	0.356	19.84	17.53	15.86	14.72	13.8
CAF401	08/25/2011	0.191	0.204	0.212	0.299	0.356	20.3	17.7	15.94	14.8	13.8
CAF401	08/26/2011	NA	NA	NA	NA	NA	NA	NA	NA	NA	NA
CAF401	11/04/2011	NA	NA	NA	NA	NA	NA	NA	NA	NA	NA
CAF401	11/05/2011	0.176	0.195	0.207	0.286	0.351	4.9	7.43	8.8	10.2	10.68
CAF401	11/06/2011	0.176	0.195	0.207	0.286	0.351	4.59	7.23	8.67	10.08	10.59
CAF401	11/07/2011	0.176	0.194	0.207	0.285	0.351	4.13	6.88	8.42	9.92	10.47
CAF401	11/08/2011	0.175	0.194	0.207	0.285	0.351	3.92	6.58	8.18	9.75	10.34
CAF401	11/09/2011	0.176	0.194	0.207	0.284	0.35	4.05	6.41	7.97	9.56	10.2
CAF401	11/10/2011	0.176	0.194	0.207	0.284	0.35	4.13	6.3	7.81	9.4	10.05
CAF401	11/11/2011	0.176	0.194	0.206	0.283	0.349	4.18	6.28	7.67	9.25	9.92
CAF401	11/12/2011	0.176	0.194	0.206	0.283	0.348	4.35	6.24	7.58	9.13	9.78
CAF401	11/13/2011	0.177	0.194	0.206	0.283	0.348	4.25	6.2	7.5	9	9.66
CAF401	11/14/2011	0.178	0.194	0.206	0.283	0.347	4.42	6.2	7.41	8.89	9.54
CAF401	11/15/2011	0.179	0.194	0.206	0.282	0.346	4.16	6.17	7.37	8.8	9.44
CAF401	11/16/2011	0.179	0.194	0.206	0.282	0.346	3.48	5.91	7.26	8.71	9.34
CAF401	11/17/2011	0.18	0.194	0.206	0.282	0.345	3.03	5.58	7.09	8.61	9.24
CAF401	11/18/2011	0.181	0.194	0.206	0.281	0.345	2.9	5.33	6.9	8.47	9.15
CAF401	11/19/2011	0.182	0.193	0.206	0.281	0.345	2.9	5.18	6.74	8.35	9.04
CAF401	11/20/2011	0.183	0.193	0.205	0.281	0.344	2.98	5.1	6.62	8.23	8.93
CAF401	11/21/2011	0.183	0.194	0.205	0.28	0.344	3.12	5.1	6.52	8.11	8.83
CAF401	11/22/2011	0.187	0.194	0.206	0.28	0.344	3.2	5.1	6.45	8.01	8.72
CAF401	11/23/2011	0.213	0.195	0.206	0.28	0.343	4	5.17	6.4	7.91	8.63
CAF401	11/24/2011	0.232	0.194	0.206	0.28	0.343	4.62	5.51	6.43	7.85	8.53
CAF401	11/25/2011	0.235	0.195	0.206	0.28	0.342	4.53	5.69	6.52	7.8	8.47
CAF401	11/26/2011	0.238	0.195	0.206	0.28	0.342	3.92	5.63	6.6	7.8	8.4
CAF401	11/27/2011	0.238	0.195	0.206	0.28	0.342	3.48	5.37	6.49	7.8	8.38
CAF401	11/28/2011	0.239	0.195	0.206	0.28	0.342	3.74	5.24	6.4	7.72	8.3
CAF401	11/29/2011	0.239	0.194	0.206	0.28	0.342	3.59	5.22	6.32	7.68	8.26
CAF401	11/30/2011	0.239	0.194	0.206	0.279	0.341	3.64	5.15	6.28	7.6	8.2
CAF401	12/01/2011	0.239	0.195	0.206	0.28	0.341	3.4	5.09	6.17	7.55	8.14
CAF401	12/02/2011	0.239	0.195	0.206	0.279	0.341	2.96	4.91	6.14	7.5	8.1
CAF401	12/03/2011	0.238	0.194	0.206	0.279	0.341	2.66	4.7	6.01	7.41	8.01
CAF401	12/04/2011	0.238	0.194	0.206	0.279	0.341	2.42	4.48	5.86	7.33	7.96
CAF401	12/05/2011	0.238	0.194	0.206	0.278	0.34	2.22	4.3	5.7	7.23	7.89
CAF401	12/06/2011	0.237	0.194	0.206	0.278	0.34	2.04	4.14	5.6	7.12	7.8
CAF401	12/07/2011	0.237	0.194	0.206	0.278	0.34	1.87	3.98	5.46	7.03	7.72
CAF401	12/08/2011	0.236	0.194	0.206	0.277	0.339	1.75	3.86	5.34	6.92	7.63
CAF401	12/09/2011	0.235	0.194	0.205	0.277	0.339	1.58	3.75	5.19	6.83	7.55
CAF401	12/10/2011	0.235	0.194	0.205	0.277	0.339	1.47	3.62	5.11	6.72	7.47
CAF401	12/11/2011	0.234	0.194	0.205	0.277	0.339	1.4	3.52	5	6.61	7.39
CAF401	12/12/2011	0.233	0.194	0.205	0.277	0.339	1.33	3.46	4.9	6.52	7.3
CAF401	12/13/2011	0.233	0.194	0.205	0.276	0.338	1.3	3.38	4.78	6.43	7.2
CAF401	12/14/2011	0.233	0.194	0.205	0.276	0.339	1.23	3.27	4.72	6.34	7.12
CAF401	12/15/2011	0.232	0.194	0.205	0.276	0.338	1.2	3.28	4.65	6.26	7.04
CAF401	12/16/2011	0.232	0.194	0.205	0.276	0.338	1.2	3.2	4.56	6.19	6.97
CAF401	12/17/2011	0.231	0.195	0.205	0.276	0.338	1.25	3.2	4.5	6.1	6.9
CAF401	12/18/2011	0.231	0.194	0.205	0.275	0.338	1.3	3.2	4.48	6.03	6.8
CAF401	12/19/2011	0.231	0.194	0.205	0.275	0.338	1.3	3.12	4.4	5.99	6.74
CAF401	12/20/2011	0.231	0.194	0.205	0.275	0.337	1.3	3.1	4.4	5.9	6.69
CAF401	12/21/2011	0.23	0.194	0.205	0.275	0.337	1.3	3.1	4.3	5.86	6.57
CAF401	12/22/2011	0.23	0.194	0.205	0.275	0.337	1.25	3.1	4.3	5.8	6.55
CAF401	12/23/2011	0.23	0.194	0.205	0.274	0.337	1.09	3.07	4.23	5.75	6.5
CAF401	12/24/2011	0.229	0.195	0.205	0.274	0.337	0.99	2.98	4.2	5.7	6.43
CAF401	12/25/2011	0.229	0.195	0.205	0.274	0.337	1	2.9	4.1	5.64	6.4
CAF401	12/26/2011	0.229	0.195	0.205	0.274	0.337	1	2.9	4.08	5.6	6.3
CAF401	12/27/2011	0.229	0.195	0.205	0.274	0.336	1	2.9	4	5.51	6.28
CAF401	12/28/2011	0.234	0.195	0.205	0.274	0.336	0.99	2.84	4	5.5	6.2
CAF401	12/29/2011	0.264	0.195	0.205	0.273	0.336	0.94	2.75	3.92	5.4	6.13
CAF401	12/30/2011	0.303	0.196	0.205	0.273	0.336	0.89	2.66	3.87	5.4	6.1
CAF401	12/31/2011	0.28	0.222	0.205	0.273	0.336	1	2.68	3.8	5.3	6.05
CAF401	01/01/2012	0.267	0.241	0.205	0.272	0.336	1.13	2.7	3.72	5.23	6
CAF401	01/02/2012	0.261	0.244	0.205	0.273	0.336	1.23	2.79	3.7	5.2	5.93
CAF401	01/03/2012	0.259	0.245	0.206	0.272	0.335	1.35	2.8	3.7	5.19	5.9
CAF401	01/04/2012	0.258	0.245	0.206	0.272	0.335	1.45	2.82	3.67	5.1	5.83
CAF401	01/05/2012	0.27	0.245	0.207	0.272	0.335	1.84	2.9	3.7	5.1	5.8
CAF401	01/06/2012	0.269	0.245	0.208	0.272	0.335	2.01	3.03	3.75	5.1	5.78
CAF401	01/07/2012	0.263	0.245	0.208	0.272	0.335	1.82	3.09	3.8	5.1	5.7
CAF401	01/08/2012	0.26	0.245	0.209	0.272	0.335	1.72	3	3.8	5.1	5.7
CAF401	01/09/2012	0.259	0.245	0.21	0.272	0.335	1.71	3	3.8	5.1	5.7
CAF401	01/10/2012	0.259	0.244	0.21	0.272	0.335	1.87	3.01	3.8	5.03	5.64
CAF401	01/11/2012	0.26	0.244	0.211	0.272	0.335	1.86	3.1	3.8	5	5.57
CAF401	01/12/2012	0.256	0.244	0.212	0.272	0.334	1.73	3.05	3.8	5	5.6
CAF401	01/13/2012	0.253	0.244	0.212	0.272	0.335	1.59	3	3.79	4.97	5.6
CAF401	01/14/2012	0.251	0.245	0.213	0.272	0.335	1.5	2.92	3.7	5	5.57
CAF401	01/15/2012	0.249	0.244	0.213	0.272	0.334	1.5	2.9	3.7	4.98	5.5
CAF401	01/16/2012	0.248	0.244	0.214	0.272	0.334	1.47	2.9	3.65	4.9	5.5
CAF401	01/17/2012	0.248	0.244	0.214	0.272	0.334	1.4	2.8	3.6	4.9	5.5
CAF401	01/18/2012	0.247	0.244	0.214	0.272	0.334	1.4	2.8	3.6	4.9	5.42
CAF401	01/19/2012	0.247	0.244	0.214	0.272	0.334	1.4	2.8	3.6	4.8	5.4
CAF401	01/20/2012	0.247	0.244	NA	0.272	NA	1.4	2.8	NA	4.8	NA
CAF401	01/21/2012	0.26	0.244	NA	0.272	NA	1.37	2.77	NA	4.77	NA
CAF401	01/22/2012	0.279	0.246	NA	0.272	NA	1.37	2.7	NA	4.74	NA
CAF401	01/23/2012	0.277	0.25	NA	0.272	NA	1.4	2.7	NA	4.7	NA
CAF401	01/24/2012	0.276	0.251	NA	0.272	NA	1.4	2.7	NA	4.7	NA
CAF401	01/25/2012	0.285	0.252	NA	0.271	NA	1.4	2.7	NA	4.69	NA
CAF401	01/26/2012	0.298	0.256	NA	0.271	NA	1.36	2.7	NA	4.57	NA
CAF401	01/27/2012	0.291	0.282	NA	0.271	NA	1.37	2.6	NA	4.6	NA
CAF401	01/28/2012	0.283	0.291	NA	0.271	NA	1.4	2.6	NA	4.6	NA
CAF401	01/29/2012	0.278	0.294	NA	0.271	NA	1.4	2.6	NA	4.56	NA
CAF401	01/30/2012	0.302	0.305	NA	0.27	NA	1.33	2.6	NA	4.5	NA
CAF401	01/31/2012	0.295	0.325	NA	0.27	NA	1.3	2.6	NA	4.5	NA
CAF401	02/01/2012	0.294	0.323	NA	0.27	NA	1.35	2.6	NA	4.47	NA
CAF401	02/02/2012	0.297	0.327	NA	0.269	NA	1.33	2.6	NA	4.4	NA
CAF401	02/03/2012	0.286	0.325	NA	0.269	NA	1.4	2.6	NA	4.4	NA
CAF401	02/04/2012	0.279	0.323	NA	0.269	NA	1.4	2.6	NA	4.38	NA
CAF401	02/05/2012	0.275	0.321	NA	0.269	NA	1.4	2.6	NA	4.3	NA
CAF401	02/06/2012	0.271	0.318	NA	0.269	NA	1.4	2.6	NA	4.3	NA
CAF401	02/07/2012	0.269	0.316	NA	0.269	NA	1.4	2.6	NA	4.3	NA
CAF401	02/08/2012	0.266	0.315	NA	0.269	NA	1.4	2.6	NA	4.28	NA
CAF401	02/09/2012	0.265	0.314	NA	0.269	NA	1.4	2.6	NA	4.2	NA
CAF401	02/10/2012	0.301	0.317	NA	0.269	NA	1.3	2.53	NA	4.2	NA
CAF401	02/11/2012	0.307	0.335	NA	0.269	NA	1.26	2.48	NA	4.17	NA
CAF401	02/12/2012	0.311	0.343	NA	0.268	NA	1.2	2.4	NA	4.14	NA
CAF401	02/13/2012	0.299	0.344	NA	0.268	NA	1.26	2.37	NA	4.1	NA
CAF401	02/14/2012	0.299	0.342	NA	0.269	NA	1.3	2.4	NA	4.03	NA
CAF401	02/15/2012	0.295	0.342	NA	0.271	NA	1.3	2.4	NA	4	NA
CAF401	02/16/2012	0.288	0.34	NA	0.276	NA	1.32	2.4	NA	4	NA
CAF401	02/17/2012	0.286	0.34	NA	0.285	NA	1.3	2.4	NA	3.99	NA
CAF401	02/18/2012	0.3	0.343	NA	0.3	NA	1.47	2.4	NA	3.9	NA
CAF401	02/19/2012	0.291	0.341	NA	0.32	NA	1.56	2.45	NA	3.9	NA
CAF401	02/20/2012	0.282	0.333	NA	0.33	NA	1.51	2.39	NA	3.93	NA
CAF401	02/21/2012	0.333	0.373	NA	NA	NA	1.44	2.36	NA	NA	NA
CAF401	02/22/2012	0.325	0.373	NA	NA	NA	2.39	2.46	NA	NA	NA
CAF401	02/23/2012	0.305	0.35	NA	NA	NA	2.53	2.76	NA	NA	NA
CAF401	02/24/2012	0.325	0.387	NA	NA	NA	1.97	2.74	NA	NA	NA
CAF401	02/25/2012	0.299	0.353	NA	NA	NA	2.05	2.8	NA	NA	NA
CAF401	02/26/2012	NA	NA	NA	NA	NA	NA	NA	NA	NA	NA
CAF401	11/05/2012	NA	NA	NA	NA	NA	NA	NA	NA	NA	NA
CAF401	11/06/2012	0.168	0.178	0.18	0.316	0.39	9.83	10.23	10.1	11	10.7
CAF401	11/07/2012	0.168	0.178	0.18	0.315	0.389	9.88	10.3	10.13	11.08	10.7
CAF401	11/08/2012	0.168	0.178	0.181	0.315	0.389	8.87	10.23	10.2	11.1	10.6
CAF401	11/09/2012	0.167	0.177	0.181	0.315	0.389	7.68	9.77	10.06	11.1	10.6
CAF401	11/10/2012	0.167	0.177	0.18	0.315	0.389	6.73	9.25	9.85	11	10.6
CAF401	11/11/2012	0.167	0.177	0.18	0.315	0.389	5.75	8.69	9.56	10.92	10.6
CAF401	11/12/2012	0.167	0.176	0.18	0.315	0.388	5	8.13	9.24	10.77	10.51
CAF401	11/13/2012	0.168	0.176	0.18	0.314	0.388	4.6	7.68	8.91	10.6	10.43
CAF401	11/14/2012	0.17	0.175	0.18	0.313	0.387	4.47	7.31	8.58	10.42	10.32
CAF401	11/15/2012	0.175	0.175	0.18	0.313	0.387	4.81	7.2	8.37	10.24	10.19
CAF401	11/16/2012	0.192	0.176	0.18	0.312	0.387	4.95	7.2	8.23	10.07	10.07
CAF401	11/17/2012	0.216	0.176	0.18	0.311	0.386	5.15	7.2	8.13	9.95	9.95
CAF401	11/18/2012	0.229	0.176	0.18	0.311	0.386	5.45	7.27	8.1	9.83	9.84
CAF401	11/19/2012	0.245	0.175	0.18	0.31	0.385	5.33	7.3	8.01	9.74	9.74
CAF401	11/20/2012	0.28	0.175	0.18	0.309	0.385	5.68	7.27	8	9.67	9.65
CAF401	11/21/2012	0.282	0.175	0.18	0.308	0.385	6.17	7.4	7.92	9.6	9.58
CAF401	11/22/2012	0.272	0.175	0.18	0.308	0.385	5.8	7.49	8	9.55	9.5
CAF401	11/23/2012	0.266	0.176	0.18	0.308	0.385	5.14	7.29	7.91	9.5	9.42
CAF401	11/24/2012	0.275	0.178	0.18	0.307	0.384	5.14	7.05	7.78	9.45	9.38
CAF401	11/25/2012	0.273	0.182	0.181	0.307	0.384	5.29	7	7.67	9.37	9.3
CAF401	11/26/2012	0.267	0.191	0.181	0.306	0.384	4.81	6.93	7.59	9.3	9.23
CAF401	11/27/2012	0.261	0.204	0.181	0.306	0.384	4.2	6.65	7.46	9.21	9.17
CAF401	11/28/2012	0.259	0.217	0.181	0.306	0.383	3.93	6.34	7.28	9.12	9.1
CAF401	11/29/2012	0.258	0.226	0.181	0.305	0.383	4.16	6.2	7.12	9.01	9
CAF401	11/30/2012	0.263	0.232	0.181	0.305	0.383	4.76	6.27	7	8.9	8.91
CAF401	12/01/2012	0.268	0.236	0.181	0.305	0.383	5.3	6.51	6.97	8.8	8.82
CAF401	12/02/2012	0.288	0.264	0.181	0.304	0.382	5.5	6.71	7.03	8.79	8.75
CAF401	12/03/2012	0.277	0.302	0.181	0.303	0.382	5.39	6.8	7.1	8.7	8.7
CAF401	12/04/2012	0.279	0.302	0.181	0.303	0.382	5.35	6.8	7.1	8.7	8.63
CAF401	12/05/2012	0.283	0.306	0.181	0.303	0.382	5.55	6.85	7.1	8.7	8.6
CAF401	12/06/2012	0.276	0.308	0.182	0.303	0.382	5.24	6.9	7.1	8.7	8.55
CAF401	12/07/2012	0.278	0.306	0.182	0.303	0.382	4.68	6.74	7.04	8.62	8.5
CAF401	12/08/2012	0.281	0.313	0.182	0.302	0.381	4.21	6.49	6.91	8.6	8.5
CAF401	12/09/2012	0.271	0.312	0.184	0.302	0.381	3.75	6.21	6.75	8.51	8.4
CAF401	12/10/2012	0.266	0.308	0.198	0.302	0.381	3.41	5.93	6.56	8.42	8.37
CAF401	12/11/2012	0.263	0.305	0.217	0.302	0.381	3.2	5.7	6.38	8.31	8.3
CAF401	12/12/2012	0.272	0.302	0.227	0.301	0.38	3.06	5.5	6.22	8.18	8.2
CAF401	12/13/2012	0.28	0.306	0.232	0.301	0.38	3	5.34	6.06	8.06	8.11
CAF401	12/14/2012	0.275	0.309	0.238	0.3	0.38	2.96	5.22	5.94	7.94	8.02
CAF401	12/15/2012	0.27	0.308	0.242	0.3	0.379	2.85	5.13	5.8	7.83	7.92
CAF401	12/16/2012	0.268	0.307	0.246	0.3	0.379	2.8	5.02	5.72	7.72	7.83
CAF401	12/17/2012	0.268	0.306	0.248	0.3	0.378	2.8	5	5.64	7.62	7.74
CAF401	12/18/2012	0.272	0.306	0.25	0.3	0.378	2.79	4.9	5.57	7.54	7.65
CAF401	12/19/2012	0.27	0.307	0.253	0.299	0.378	2.69	4.84	5.5	7.46	7.57
CAF401	12/20/2012	0.267	0.307	0.257	0.299	0.378	2.6	4.75	5.41	7.38	7.5
CAF401	12/21/2012	0.265	0.307	0.26	0.299	0.377	2.51	4.67	5.33	7.3	7.41
CAF401	12/22/2012	0.264	0.307	0.263	0.299	0.377	2.5	4.6	5.25	7.21	7.33
CAF401	12/23/2012	0.266	0.307	0.265	0.299	0.377	2.5	4.6	5.2	7.15	7.26
CAF401	12/24/2012	0.269	0.306	0.266	0.299	0.376	2.5	4.53	5.07	7.09	7.2
CAF401	12/25/2012	0.271	0.307	0.268	0.299	0.376	2.53	4.5	5.1	7	7.1
CAF401	12/26/2012	0.272	0.308	0.27	0.299	0.376	2.6	4.5	5.02	6.96	7.04
CAF401	12/27/2012	0.272	0.308	0.271	0.299	0.376	2.6	4.5	5	6.9	7
CAF401	12/28/2012	0.273	0.309	0.273	0.299	0.376	2.67	4.5	5	6.86	6.9
CAF401	12/29/2012	0.272	0.309	0.275	0.299	0.375	2.7	4.5	4.94	6.8	6.88
CAF401	12/30/2012	0.272	0.31	0.277	0.299	0.375	2.7	4.5	4.9	6.8	6.8
CAF401	12/31/2012	0.271	0.311	0.279	0.299	0.375	2.7	4.5	4.9	6.7	6.77
CAF401	01/01/2013	0.27	0.311	0.281	0.299	0.375	2.7	4.5	4.9	6.7	6.7
CAF401	01/02/2013	0.269	0.311	0.282	0.299	0.375	2.7	4.42	4.77	6.67	6.69
CAF401	01/03/2013	0.268	0.312	0.284	0.3	0.374	2.62	4.4	4.8	6.6	6.6
CAF401	01/04/2013	0.266	0.312	0.285	0.3	0.374	2.48	4.38	4.8	6.6	6.6
CAF401	01/05/2013	0.265	0.312	0.286	0.3	0.374	2.4	4.3	4.7	6.53	6.51
CAF401	01/06/2013	0.264	0.313	0.286	0.3	0.374	2.31	4.22	4.64	6.5	6.5
CAF401	01/07/2013	0.263	0.313	0.287	0.3	0.374	2.3	4.2	4.6	6.45	6.43
CAF401	01/08/2013	0.263	0.312	0.287	0.301	0.374	2.3	4.1	4.6	6.4	6.4
CAF401	01/09/2013	0.287	0.314	0.292	0.301	0.374	2.2	4.09	4.51	6.38	6.34
CAF401	01/10/2013	0.289	0.327	0.306	0.301	0.374	2.2	4	4.47	6.3	6.3
CAF401	01/11/2013	0.281	0.328	0.311	0.304	0.373	2.12	4	4.4	6.23	6.24
CAF401	01/12/2013	0.276	0.328	0.312	0.311	0.373	2.1	3.91	4.39	6.2	6.2
CAF401	01/13/2013	0.273	0.328	0.312	0.317	0.373	2.02	3.9	4.3	6.14	6.13
CAF401	01/14/2013	0.271	0.327	0.312	0.321	0.373	2	3.85	4.3	6.1	6.1
CAF401	01/15/2013	0.269	0.327	0.312	0.325	0.374	2	3.8	4.25	6.09	6.04
CAF401	01/16/2013	0.267	0.326	0.312	0.328	0.374	2	3.8	4.2	6	6
CAF401	01/17/2013	0.266	0.326	0.312	0.33	0.374	1.91	3.8	4.2	6	5.96
CAF401	01/18/2013	0.265	0.325	0.312	0.332	0.375	1.9	3.7	4.15	5.95	5.9
CAF401	01/19/2013	0.263	0.325	0.312	0.334	0.376	1.9	3.67	4.07	5.9	5.89
CAF401	01/20/2013	0.262	0.324	0.312	0.335	0.376	1.9	3.7	4.1	5.9	5.8
CAF401	01/21/2013	0.26	0.324	0.312	0.337	0.377	1.82	3.65	4.07	5.83	5.8
CAF401	01/22/2013	0.259	0.324	0.312	0.338	0.377	1.8	3.6	4	5.8	5.75
CAF401	01/23/2013	0.257	0.324	0.311	0.339	0.378	1.75	3.6	4	5.8	5.7
CAF401	01/24/2013	0.256	0.324	0.311	0.34	0.378	1.7	3.55	3.99	5.73	5.7
CAF401	01/25/2013	0.255	0.324	0.311	0.34	0.379	1.7	3.5	3.9	5.7	5.61
CAF401	01/26/2013	0.275	0.326	0.315	0.343	0.38	1.65	3.49	3.9	5.69	5.6
CAF401	01/27/2013	0.286	0.332	0.321	0.368	0.392	1.6	3.4	3.8	5.6	5.53
CAF401	01/28/2013	0.283	0.331	0.321	0.377	0.396	1.6	3.4	3.8	5.55	5.5
CAF401	01/29/2013	0.28	0.331	0.321	0.377	0.396	1.63	3.4	3.68	5.5	5.43
CAF401	01/30/2013	0.292	0.334	0.343	0.379	0.397	1.63	3.38	3.7	5.48	5.4
CAF401	01/31/2013	0.293	0.339	0.398	0.382	0.398	1.67	3.3	3.63	5.4	5.3
CAF401	02/01/2013	0.288	0.341	0.399	0.382	0.399	2.1	3.43	3.64	5.4	5.3
CAF401	02/02/2013	0.284	0.34	0.399	0.382	0.399	2.26	3.56	3.7	5.4	5.22
CAF401	02/03/2013	0.281	0.34	0.396	0.383	0.399	2.17	3.6	3.77	5.4	5.2
CAF401	02/04/2013	0.279	0.339	0.375	0.383	0.399	2.22	3.6	3.8	5.4	5.2
CAF401	02/05/2013	0.278	0.338	0.365	0.383	0.4	2.5	3.67	3.8	5.4	5.2
CAF401	02/06/2013	0.276	0.336	0.356	0.383	0.399	2.65	3.78	3.82	5.4	5.2
CAF401	02/07/2013	0.275	0.334	0.351	0.382	0.398	2.56	3.8	3.9	5.43	5.2
CAF401	02/08/2013	0.274	0.333	0.339	0.381	0.397	2.57	3.84	3.9	5.5	5.2
CAF401	02/09/2013	0.275	0.332	0.334	0.375	0.397	2.46	3.88	3.94	5.5	5.2
CAF401	02/10/2013	0.275	0.331	0.333	0.371	0.397	2.31	3.8	3.97	5.5	5.2
CAF401	02/11/2013	0.274	0.33	0.332	0.371	0.397	2.14	3.75	3.88	5.5	5.2
CAF401	02/12/2013	0.274	0.33	0.331	0.371	0.397	2.01	3.68	3.9	5.5	5.2
CAF401	02/13/2013	0.277	0.329	0.33	0.371	0.397	2.35	3.66	3.9	5.48	5.2
CAF401	02/14/2013	0.277	0.33	0.33	0.371	0.397	2.63	3.78	3.87	5.4	5.2
CAF401	02/15/2013	0.275	0.33	0.33	0.371	0.397	2.54	3.8	3.9	5.4	5.19
CAF401	02/16/2013	0.274	0.33	0.33	0.371	0.397	2.6	3.84	3.92	5.4	5.1
CAF401	02/17/2013	0.274	0.33	0.329	0.371	0.397	2.76	3.9	3.97	5.4	5.1
CAF401	02/18/2013	0.272	0.329	0.329	0.371	0.397	2.65	3.9	4	5.4	5.1
CAF401	02/19/2013	0.271	0.329	0.329	0.371	0.397	2.42	3.9	4	5.5	5.1
CAF401	02/20/2013	0.271	0.329	0.328	0.372	0.398	2.41	3.8	4	5.5	5.1
CAF401	02/21/2013	0.271	0.329	0.328	0.371	0.398	2.4	3.8	4	5.41	5.1
CAF401	02/22/2013	0.27	0.328	0.327	0.371	0.398	2.15	3.77	4	5.4	5.1
CAF401	02/23/2013	0.276	0.33	0.33	0.372	0.398	2.02	3.68	3.9	5.4	5.1
CAF401	02/24/2013	0.284	0.332	0.333	0.376	0.398	1.94	3.6	3.88	5.4	5.1
CAF401	02/25/2013	0.286	0.332	0.335	0.38	0.399	1.84	3.51	3.77	5.35	5.1
CAF401	02/26/2013	0.288	0.335	0.338	0.382	0.4	1.8	3.47	3.75	5.3	5.02
CAF401	02/27/2013	0.282	0.336	0.339	0.383	0.401	1.76	3.4	3.7	5.29	5
CAF401	02/28/2013	0.285	0.334	0.338	0.383	0.402	1.92	3.4	3.7	5.2	5
CAF401	03/01/2013	0.295	0.337	0.343	0.384	0.402	2.39	3.48	3.65	5.2	4.95
CAF401	03/02/2013	0.289	0.338	0.351	0.385	0.402	3.12	3.7	3.7	5.2	4.9
CAF401	03/03/2013	0.285	0.339	0.356	0.386	0.402	3.52	4	3.81	5.2	4.9
CAF401	03/04/2013	0.281	0.339	0.353	0.386	0.402	3.09	4.1	3.95	5.26	4.9
CAF401	03/05/2013	0.278	0.338	0.352	0.386	0.403	2.58	4.03	4	5.31	4.9
CAF401	03/06/2013	0.276	0.338	0.35	0.386	0.403	2.51	3.9	4	5.4	4.9
CAF401	03/07/2013	0.277	0.337	0.346	0.386	0.403	2.91	3.92	4	5.4	5
CAF401	03/08/2013	0.277	0.335	0.343	0.385	0.402	3.06	4.05	4	5.4	5
CAF401	03/09/2013	0.276	0.335	0.34	0.381	0.401	2.8	4.05	4	5.4	5
CAF401	03/10/2013	0.275	0.333	0.336	0.374	0.4	2.71	4	4	5.4	5
CAF401	03/11/2013	0.274	0.333	0.335	0.373	0.4	2.84	4	4	5.4	5
CAF401	03/12/2013	0.274	0.332	0.334	0.373	0.4	3.21	4.06	3.97	5.4	5
CAF401	03/13/2013	0.274	0.332	0.334	0.372	0.4	3.93	4.25	4.09	5.4	5
CAF401	03/14/2013	0.275	0.332	0.333	0.373	0.4	4.74	4.62	4.18	5.4	5
CAF401	03/15/2013	0.275	0.332	0.333	0.373	0.4	5.22	5	4.4	5.5	5
CAF401	03/16/2013	0.274	0.332	0.333	0.373	0.401	5.38	5.31	4.61	5.61	5.05
CAF401	03/17/2013	0.272	0.332	0.332	0.373	0.401	4.99	5.42	4.78	5.72	5.1
CAF401	03/18/2013	0.27	0.332	0.332	0.373	0.401	4.23	5.32	4.87	5.82	5.17
CAF401	03/19/2013	0.269	0.331	0.332	0.374	0.401	3.75	5.06	4.87	5.9	5.22
CAF401	03/20/2013	0.269	0.33	0.331	0.374	0.401	3.77	4.91	4.8	5.9	5.3
CAF401	03/21/2013	0.272	0.33	0.331	0.374	0.401	4.01	4.94	4.8	5.9	5.3
CAF401	03/22/2013	0.273	0.331	0.332	0.374	0.401	3.62	4.88	4.8	5.9	5.3
CAF401	03/23/2013	0.273	0.33	0.332	0.374	0.401	3.27	4.73	4.72	5.9	5.35
CAF401	03/24/2013	0.272	0.33	0.332	0.374	0.402	3.1	4.57	4.67	5.9	5.4
CAF401	03/25/2013	0.271	0.33	0.332	0.374	0.402	2.98	4.45	4.57	5.9	5.4
CAF401	03/26/2013	0.271	0.331	0.332	0.374	0.402	3.26	4.4	4.5	5.85	5.36
CAF401	03/27/2013	0.273	0.331	0.332	0.374	0.402	4.15	4.57	4.5	5.8	5.3
CAF401	03/28/2013	0.277	0.332	0.332	0.373	0.402	5.03	4.95	4.62	5.8	5.3
CAF401	03/29/2013	0.277	0.332	0.332	0.372	0.402	5.79	5.38	4.79	5.85	5.3
CAF401	03/30/2013	0.277	0.332	0.332	0.373	0.402	6.12	5.74	5	5.93	5.33
CAF401	03/31/2013	0.276	0.332	0.332	0.373	0.402	6.42	6.03	5.21	6.01	5.4
CAF401	04/01/2013	0.276	0.333	0.332	0.373	0.402	6.8	6.28	5.4	6.15	5.44
CAF401	04/02/2013	0.275	0.332	0.332	0.373	0.403	7.07	6.53	5.55	6.27	5.5
CAF401	04/03/2013	0.274	0.333	0.332	0.374	0.403	7.24	6.74	5.73	6.4	5.59
CAF401	04/04/2013	0.274	0.333	0.332	0.374	0.403	7.52	6.93	5.94	6.53	5.66
CAF401	04/05/2013	0.279	0.334	0.334	0.375	0.403	7.52	7.09	6.1	6.65	5.74
CAF401	04/06/2013	0.284	0.336	0.336	0.377	0.403	7.65	7.25	6.25	6.77	5.82
CAF401	04/07/2013	0.291	0.337	0.337	0.376	0.404	7.47	7.37	6.34	6.88	5.91
CAF401	04/08/2013	0.296	0.341	0.341	0.376	0.404	6.92	7.31	6.5	7	6
CAF401	04/09/2013	0.291	0.342	0.341	0.378	0.406	6.48	7.19	6.5	7.1	6.09
CAF401	04/10/2013	0.289	0.339	0.341	0.379	0.407	6.68	7.07	6.47	7.13	6.16
CAF401	04/11/2013	0.286	0.338	0.341	0.381	0.408	6.49	7.06	6.47	7.2	6.2
CAF401	04/12/2013	0.284	0.337	0.341	0.384	0.408	6.15	6.96	6.5	7.2	6.27
CAF401	04/13/2013	0.29	0.338	0.345	0.386	0.408	6.3	6.9	6.43	7.2	6.3
CAF401	04/14/2013	0.29	0.339	0.348	0.388	0.409	5.8	6.8	6.4	7.2	6.3
CAF401	04/15/2013	0.287	0.341	0.349	0.389	0.409	5.58	6.67	6.39	7.2	6.37
CAF401	04/16/2013	0.284	0.341	0.349	0.389	0.409	5.29	6.5	6.3	7.2	6.4
CAF401	04/17/2013	0.281	0.338	0.348	0.389	0.409	5.09	6.35	6.22	7.2	6.4
CAF401	04/18/2013	0.28	0.337	0.347	0.389	0.409	5.23	6.25	6.1	7.2	6.4
CAF401	04/19/2013	0.28	0.337	0.347	0.389	0.409	5.55	6.21	6.1	7.2	6.4
CAF401	04/20/2013	0.29	0.338	0.349	0.39	0.409	6.01	6.38	6.1	7.13	6.37
CAF401	04/21/2013	0.289	0.339	0.35	0.39	0.41	6.27	6.56	6.14	7.12	6.4
CAF401	04/22/2013	0.288	0.339	0.349	0.39	0.41	6.16	6.65	6.17	7.2	6.4
CAF401	04/23/2013	0.286	0.339	0.349	0.389	0.41	6.19	6.69	6.24	7.2	6.4
CAF401	04/24/2013	0.285	0.338	0.349	0.389	0.41	6.29	6.7	6.27	7.2	6.4
CAF401	04/25/2013	0.284	0.34	0.349	0.39	0.41	6.89	6.85	6.34	7.28	6.4
CAF401	04/26/2013	0.284	0.338	0.348	0.39	0.41	7.66	7.1	6.44	7.3	6.4
CAF401	04/27/2013	0.283	0.34	0.348	0.389	0.41	8.45	7.52	6.61	7.36	6.5
CAF401	04/28/2013	0.281	0.338	0.347	0.386	0.41	8.47	7.8	6.82	7.45	6.5
CAF401	04/29/2013	0.279	0.341	0.346	0.386	0.41	8.57	8.01	7.01	7.55	6.6
CAF401	04/30/2013	0.276	0.339	0.344	0.382	0.41	7.52	7.95	7.15	7.65	6.67
CAF401	05/01/2013	0.273	0.337	0.343	0.38	0.408	6.79	7.68	7.16	7.74	6.75
CAF401	05/02/2013	0.273	0.337	0.342	0.379	0.407	7.34	7.57	7.1	7.8	6.8
CAF401	05/03/2013	0.274	0.336	0.341	0.379	0.408	8.24	7.72	7.1	7.8	6.82
CAF401	05/04/2013	0.275	0.338	0.341	0.379	0.408	8.94	8.1	7.2	7.81	6.9
CAF401	05/05/2013	0.275	0.339	0.34	0.379	0.409	9.42	8.42	7.35	7.9	6.9
CAF401	05/06/2013	0.276	0.339	0.34	0.379	0.409	10.14	8.77	7.56	8.01	6.96
CAF401	05/07/2013	0.276	0.34	0.34	0.379	0.408	10.88	9.18	7.83	8.14	7.02
CAF401	05/08/2013	0.277	0.34	0.34	0.379	0.407	11.56	9.62	8.11	8.29	7.12
CAF401	05/09/2013	0.277	0.339	0.34	0.379	0.408	12.26	10.06	8.42	8.47	7.23
CAF401	05/10/2013	0.278	0.34	0.34	0.38	0.408	12.76	10.52	8.75	8.68	7.35
CAF401	05/11/2013	0.278	0.34	0.34	0.38	0.408	13.39	10.93	9.07	8.9	7.49
CAF401	05/12/2013	0.278	0.34	0.341	0.38	0.409	13.9	11.35	9.41	9.13	7.65
CAF401	05/13/2013	0.278	0.341	0.341	0.381	0.409	14.14	11.73	9.74	9.37	7.8
CAF401	05/14/2013	0.275	0.341	0.341	0.381	0.409	13.43	11.92	10.03	9.61	7.98
CAF401	05/15/2013	0.273	0.341	0.341	0.381	0.41	12.77	11.8	10.19	9.84	8.15
CAF401	05/16/2013	0.272	0.34	0.34	0.381	0.41	12.69	11.69	10.29	10	8.32
CAF401	05/17/2013	0.271	0.34	0.34	0.382	0.41	12.61	11.66	10.27	10.13	8.46
CAF401	05/18/2013	0.271	0.34	0.34	0.381	0.411	12.49	11.64	10.36	10.23	8.58
CAF401	05/19/2013	0.269	0.34	0.34	0.38	0.411	11.99	11.55	10.4	10.31	8.66
CAF401	05/20/2013	0.269	0.345	0.339	0.379	0.411	12.19	11.5	10.4	10.4	8.79
CAF401	05/21/2013	0.27	0.345	0.339	0.379	0.411	12.87	11.62	10.4	10.42	8.87
CAF401	05/22/2013	0.268	0.345	0.339	0.379	0.412	12.05	11.73	10.49	10.5	8.93
CAF401	05/23/2013	0.266	0.344	0.338	0.378	0.412	10.87	11.39	10.46	10.58	9
CAF401	05/24/2013	0.266	0.343	0.338	0.378	0.412	10.78	11.07	10.37	10.6	9.09
CAF401	05/25/2013	0.265	0.343	0.337	0.378	0.412	10.45	10.85	10.25	10.6	9.1
CAF401	05/26/2013	0.266	0.343	0.337	0.378	0.412	10.79	10.76	10.15	10.54	9.13
CAF401	05/27/2013	0.266	0.343	0.337	0.377	0.412	11.27	10.81	10.1	10.5	9.2
CAF401	05/28/2013	0.266	0.343	0.336	0.377	0.412	11.65	11	10.14	10.5	9.2
CAF401	05/29/2013	0.265	0.343	0.336	0.377	0.413	11.57	11.1	10.17	10.51	9.2
CAF401	05/30/2013	0.264	0.343	0.336	0.377	0.413	11.39	11.1	10.3	10.6	9.21
CAF401	05/31/2013	0.263	0.343	0.336	0.377	0.413	11.53	11.1	10.3	10.6	9.3
CAF401	06/01/2013	0.264	0.343	0.336	0.377	0.413	12.17	11.23	10.32	10.61	9.3
CAF401	06/02/2013	0.264	0.342	0.336	0.377	0.413	12.62	11.45	10.39	10.7	9.32
CAF401	06/03/2013	0.263	0.336	0.336	0.377	0.413	12.57	11.59	10.55	10.74	9.4
CAF401	06/04/2013	0.263	0.336	0.336	0.377	0.413	13.16	11.75	10.65	10.81	9.4
CAF401	06/05/2013	0.265	0.344	0.336	0.377	0.413	14.23	12.17	10.74	10.9	9.5
CAF401	06/06/2013	0.266	0.345	0.336	0.377	0.413	15.23	12.66	11.05	11.02	9.55
CAF401	06/07/2013	0.267	0.346	0.336	0.377	0.414	16.02	13.22	11.36	11.15	9.63
CAF401	06/08/2013	0.265	0.346	0.336	0.377	0.414	15.85	13.62	11.69	11.35	9.73
CAF401	06/09/2013	0.265	0.346	0.337	0.378	0.414	16.03	13.8	11.96	11.55	9.86
CAF401	06/10/2013	0.263	0.347	0.337	0.378	0.414	15.88	13.97	12.17	11.74	10
CAF401	06/11/2013	0.262	0.347	0.337	0.378	0.415	15.96	14.07	12.34	11.9	10.14
CAF401	06/12/2013	0.26	0.347	0.337	0.378	0.415	15.59	14.09	12.47	12.05	10.26
CAF401	06/13/2013	0.259	0.347	0.336	0.378	0.415	15.71	14.09	12.55	12.18	10.38
CAF401	06/14/2013	0.258	0.346	0.336	0.378	0.416	15.55	14.1	12.63	12.3	10.49
CAF401	06/15/2013	0.257	0.346	0.336	0.378	0.416	15.69	14.15	12.7	12.4	10.6
CAF401	06/16/2013	0.257	0.346	0.336	0.378	0.416	16.27	14.3	12.74	12.49	10.7
CAF401	06/17/2013	0.257	0.347	0.336	0.378	0.416	17.07	14.58	12.92	12.58	10.8
CAF401	06/18/2013	0.257	0.347	0.336	0.379	0.416	17.52	14.98	13.12	12.7	10.89
CAF401	06/19/2013	0.253	0.347	0.336	0.379	0.417	16.57	15.09	13.35	12.85	11
CAF401	06/20/2013	0.251	0.346	0.336	0.379	0.417	14.73	14.74	13.4	12.98	11.12
CAF401	06/21/2013	0.25	0.345	0.335	0.378	0.417	13.74	14.13	13.28	13.08	11.22
CAF401	06/22/2013	0.253	0.344	0.335	0.378	0.417	14.18	13.8	13.06	13.06	11.3
CAF401	06/23/2013	0.255	0.344	0.334	0.378	0.417	14.67	13.86	12.95	13	11.38
CAF401	06/24/2013	0.257	0.344	0.334	0.378	0.417	15.1	13.96	12.93	13	11.4
CAF401	06/25/2013	0.262	0.344	0.334	0.378	0.417	14.84	14.06	13	13	11.4
CAF401	06/26/2013	0.272	0.344	0.333	0.377	0.416	15.1	14.07	13	13	11.42
CAF401	06/27/2013	0.276	0.344	0.333	0.377	0.414	15.41	14.17	13.05	13.1	11.5
CAF401	06/28/2013	0.277	0.345	0.333	0.377	0.414	16.54	14.43	13.12	13.1	11.53
CAF401	06/29/2013	0.276	0.346	0.334	0.377	0.414	17.77	14.97	13.37	13.18	11.6
CAF401	06/30/2013	0.274	0.347	0.334	0.377	0.415	18.35	15.49	13.67	13.32	11.65
CAF401	07/01/2013	0.27	0.347	0.334	0.378	0.415	19.1	15.95	13.94	13.48	11.75
CAF401	07/02/2013	0.266	0.348	0.334	0.378	0.415	19.98	16.45	14.27	13.68	11.86
CAF401	07/03/2013	0.26	0.349	0.335	0.378	0.415	20.54	16.96	14.66	13.9	12
CAF401	07/04/2013	0.254	0.349	0.334	0.378	0.416	20.25	17.29	15	14.09	12.15
CAF401	07/05/2013	0.248	0.348	0.334	0.378	0.416	19.68	17.3	15.21	14.36	12.3
CAF401	07/06/2013	0.245	0.348	0.334	0.378	0.416	19.15	17.25	15.35	14.55	12.46
CAF401	07/07/2013	0.24	0.346	0.332	0.378	0.417	19.03	17.11	15.4	14.68	12.63
CAF401	07/08/2013	0.235	0.345	0.331	0.378	0.417	19.07	17.1	15.4	14.8	12.75
CAF401	07/09/2013	0.229	0.344	0.33	0.378	0.417	18.92	17.1	15.49	14.88	12.86
CAF401	07/10/2013	0.222	0.342	0.328	0.378	0.417	19.01	17.09	15.5	14.94	12.96
CAF401	07/11/2013	0.216	0.34	0.326	0.378	0.417	19.12	17.14	15.52	15	13.05
CAF401	07/12/2013	0.212	0.338	0.323	0.378	0.417	18.61	17.12	15.6	15.09	13.12
CAF401	07/13/2013	0.21	0.335	0.321	0.377	0.417	18.18	16.95	15.56	15.11	13.2
CAF401	07/14/2013	0.207	0.332	0.318	0.377	0.417	17.92	16.77	15.5	15.2	13.28
CAF401	07/15/2013	0.205	0.329	0.314	0.377	0.417	17.9	16.67	15.47	15.2	13.3
CAF401	07/16/2013	0.203	0.326	0.31	0.376	0.417	17.93	16.6	15.4	15.2	13.38
CAF401	07/17/2013	0.202	0.322	0.305	0.376	0.417	18.23	16.6	15.36	15.2	13.4
CAF401	07/18/2013	0.201	0.313	0.3	0.376	0.417	18.28	16.72	15.32	15.2	13.4
CAF401	07/19/2013	0.2	0.302	0.295	0.375	0.417	18.15	16.68	15.4	15.2	13.44
CAF401	07/20/2013	0.198	0.297	0.289	0.371	0.416	18.23	16.67	15.43	15.23	13.5
CAF401	07/21/2013	0.196	0.292	0.283	0.363	0.416	18.14	16.68	15.5	15.3	13.5
CAF401	07/22/2013	0.195	0.286	0.276	0.35	0.416	18.07	16.65	15.5	15.3	13.53
CAF401	07/23/2013	0.193	0.28	0.27	0.337	0.416	18.1	16.63	15.5	15.3	13.6
CAF401	07/24/2013	0.192	0.272	0.262	0.326	0.416	18.24	16.66	15.46	15.3	13.6
CAF401	07/25/2013	0.19	0.265	0.255	0.314	0.416	18.27	16.7	15.5	15.38	13.6
CAF401	07/26/2013	0.189	0.257	0.249	0.304	0.416	18.13	16.71	15.5	15.4	13.63
CAF401	07/27/2013	0.187	0.25	0.246	0.294	0.416	18	16.66	15.5	15.4	13.7
CAF401	07/28/2013	0.186	0.247	0.242	0.286	0.415	17.78	16.59	15.46	15.4	13.7
CAF401	07/29/2013	0.185	0.244	0.238	0.281	0.415	17.49	16.48	15.45	15.43	13.7
CAF401	07/30/2013	0.183	0.24	0.235	0.279	0.413	17.41	16.38	15.4	15.4	13.7
CAF401	07/31/2013	0.182	0.237	0.231	0.279	0.412	17.5	16.38	15.4	15.4	13.8
CAF401	08/01/2013	0.182	0.233	0.228	0.279	0.411	17.63	16.44	15.4	15.4	13.8
CAF401	08/02/2013	0.182	0.229	0.227	0.281	0.41	16.99	16.37	15.4	15.4	13.8
CAF401	08/03/2013	0.182	0.226	0.227	0.282	0.409	16.34	16.13	15.33	15.4	13.8
CAF401	08/04/2013	0.181	0.223	0.224	0.281	0.408	16.27	15.88	15.22	15.4	13.8
CAF401	08/05/2013	0.18	0.22	0.219	0.279	0.405	16.67	15.87	15.1	15.4	13.8
CAF401	08/06/2013	0.179	0.217	0.214	0.278	0.399	17.17	16.01	15.1	15.3	13.8
CAF401	08/07/2013	0.177	0.214	0.209	0.277	0.391	17.6	16.21	15.17	15.3	13.8
CAF401	08/08/2013	0.176	0.21	0.205	0.275	0.382	17.78	16.37	15.21	15.33	13.8
CAF401	08/09/2013	0.176	0.207	0.201	0.274	0.372	18.05	16.48	15.3	15.4	13.8
CAF401	08/10/2013	0.175	0.204	0.197	0.273	0.361	18.63	16.71	15.36	15.4	13.8
CAF401	08/11/2013	0.175	0.202	0.195	0.272	0.353	19.12	17.01	15.5	15.46	13.8
CAF401	08/12/2013	0.175	0.199	0.193	0.27	0.346	19.24	17.25	15.67	15.48	13.88
CAF401	08/13/2013	0.174	0.197	0.192	0.269	0.338	19.34	17.38	15.82	15.6	13.9
CAF401	08/14/2013	0.174	0.195	0.19	0.268	0.33	19.42	17.49	15.92	15.69	13.97
CAF401	08/15/2013	0.174	0.194	0.188	0.266	0.323	19.59	17.58	16	15.76	14
CAF401	08/16/2013	0.174	0.192	0.187	0.265	0.318	19.7	17.72	16.06	15.81	14.08
CAF401	08/17/2013	0.174	0.191	0.186	0.264	0.315	19.9	17.85	16.13	15.9	14.11
CAF401	08/18/2013	0.174	0.19	0.185	0.263	0.312	19.82	17.96	16.3	15.98	14.2
CAF401	08/19/2013	0.174	0.189	0.185	0.262	0.31	19.6	17.95	16.38	16.04	14.23
CAF401	08/20/2013	0.174	0.189	0.184	0.261	0.308	19.38	17.88	16.4	16.1	14.3
CAF401	08/21/2013	0.173	0.188	0.183	0.26	0.306	18.98	17.77	16.4	16.17	14.33
CAF401	08/22/2013	0.173	0.188	0.183	0.26	0.306	18.81	17.62	16.32	16.2	14.4
CAF401	08/23/2013	0.173	0.187	0.182	0.26	0.306	18.67	17.46	16.3	16.2	14.4
CAF401	08/24/2013	0.173	0.187	0.182	0.26	0.306	18.59	17.47	16.26	16.2	14.41
CAF401	08/25/2013	0.173	0.187	0.182	0.259	0.305	18.7	17.43	16.2	16.2	14.5
CAF401	08/26/2013	0.173	0.187	0.182	0.259	0.305	18.67	17.46	16.2	16.2	14.5
CAF401	08/27/2013	0.172	0.187	0.182	0.259	0.305	18.18	17.35	16.16	16.2	14.5
CAF401	08/28/2013	0.172	0.187	0.182	0.259	0.304	18.3	17.23	16.18	16.2	14.5
CAF401	08/29/2013	0.173	0.187	0.182	0.259	0.304	18.38	17.25	16.06	16.2	14.5
CAF401	08/30/2013	0.172	0.187	0.182	0.259	0.304	18.26	17.21	16.06	16.2	14.58
CAF401	08/31/2013	0.172	0.186	0.182	0.258	0.304	18.16	17.19	16.1	16.2	14.6
CAF401	09/01/2013	0.172	0.186	0.182	0.258	0.303	18.26	17.17	16.1	16.2	14.6
CAF401	09/02/2013	0.172	0.186	0.182	0.258	0.304	18.46	17.2	16.1	16.2	14.6
CAF401	09/03/2013	0.172	0.186	0.182	0.259	0.305	18.09	17.19	16.1	16.21	14.6
CAF401	09/04/2013	0.172	0.186	0.182	0.258	0.304	18.02	17.1	16.1	16.29	14.6
CAF401	09/05/2013	0.172	0.186	0.182	0.258	0.305	18.34	17.16	16.1	16.3	14.6
CAF401	09/06/2013	0.171	0.186	0.182	0.259	0.306	17.78	17.15	16.1	16.3	14.61
CAF401	09/07/2013	0.171	0.186	0.182	0.259	0.306	17.09	16.9	16.06	16.26	14.7
CAF401	09/08/2013	0.17	0.186	0.181	0.259	0.306	16.92	16.62	15.93	16.3	14.7
CAF401	09/09/2013	0.17	0.185	0.181	0.258	0.305	16.78	16.47	15.84	16.29	14.7
CAF401	09/10/2013	0.17	0.185	0.181	0.257	0.304	16.97	16.41	15.72	16.2	14.7
CAF401	09/11/2013	0.171	0.185	0.181	0.256	0.302	17.26	16.45	15.7	16.2	14.63
CAF401	09/12/2013	0.171	0.185	0.181	0.255	0.301	17.53	16.56	15.7	16.2	14.6
CAF401	09/13/2013	0.171	0.185	0.181	0.255	0.301	17.64	16.63	15.7	16.2	14.6
CAF401	09/14/2013	0.171	0.185	0.181	0.254	0.3	17.77	16.69	15.76	16.2	14.6
CAF401	09/15/2013	0.171	0.185	0.181	0.254	NA	18.08	16.79	15.8	16.2	NA
CAF401	09/16/2013	0.171	0.185	0.181	0.254	NA	18.24	16.97	15.86	16.2	NA
CAF401	09/17/2013	0.17	0.185	0.181	0.255	NA	17.08	16.89	15.9	16.27	NA
CAF401	09/18/2013	0.172	0.186	0.181	0.257	NA	15.82	16.4	15.83	16.3	NA
CAF401	09/19/2013	0.174	0.191	0.187	0.261	NA	14.63	15.82	15.6	16.29	NA
CAF401	09/20/2013	0.172	0.188	0.184	0.261	NA	14.04	15.23	15.29	16.18	NA
CAF401	09/21/2013	0.174	0.19	0.184	0.262	NA	14.24	14.88	14.92	16.06	NA
CAF401	09/22/2013	0.169	0.185	0.182	0.261	NA	13.94	14.75	14.8	15.93	NA
CAF401	09/23/2013	0.175	0.191	0.188	0.269	NA	13.54	14.51	14.6	15.82	NA
CAF401	09/24/2013	0.17	0.187	0.184	0.27	NA	13.18	14.27	14.45	15.72	NA
CAF401	09/25/2013	0.172	0.19	0.184	0.267	0.309	12.73	13.97	14.2	15.43	14.24
CAF401	09/26/2013	0.168	0.187	0.182	0.257	0.31	12.1	13.6	14.02	15.17	14.19
CAF401	09/27/2013	0.168	0.187	0.181	0.257	0.31	11.54	13.27	13.79	15.04	14.1
CAF401	09/28/2013	0.168	0.186	0.181	0.257	0.311	11.24	12.89	13.55	14.88	14
CAF401	09/29/2013	0.168	0.186	0.181	0.256	0.311	11.35	12.7	13.34	14.74	13.91
CAF401	09/30/2013	0.168	0.186	0.181	0.256	0.311	10.86	12.53	13.16	14.55	13.81
CAF401	10/01/2013	0.168	0.186	0.181	0.256	0.311	10.33	12.23	12.97	14.45	13.7
CAF401	10/02/2013	0.168	0.186	0.181	0.256	0.311	9.64	11.87	12.72	14.32	13.59
CAF401	10/03/2013	0.168	0.185	0.181	0.255	0.312	9.18	11.48	12.47	14.16	13.49
CAF401	10/04/2013	0.167	0.185	0.181	0.255	0.312	8.72	11.13	12.25	14	13.37
CAF401	10/05/2013	0.167	0.185	0.181	0.255	0.312	8.4	10.8	12	13.82	13.25
CAF401	10/06/2013	0.168	0.184	0.181	0.254	0.312	8.6	10.58	11.73	13.65	13.13
CAF401	10/07/2013	0.168	0.184	0.181	0.254	0.312	8.98	10.59	11.61	13.47	13
CAF401	10/08/2013	0.168	0.184	0.181	0.253	0.312	9.05	10.6	11.51	13.34	12.87
CAF401	10/09/2013	0.168	0.184	0.181	0.253	0.312	8.43	10.52	11.44	13.23	12.76
CAF401	10/10/2013	0.168	0.184	0.181	0.253	0.312	8.1	10.23	11.21	13.13	12.66
CAF401	10/11/2013	0.168	0.184	0.181	0.252	0.312	8.42	10.1	11.13	13	12.56
CAF401	10/12/2013	0.168	0.184	0.181	0.252	0.312	8.83	10.15	11	12.87	12.45
CAF401	10/13/2013	0.169	0.184	0.181	0.252	0.312	8.81	10.2	11	12.79	12.35
CAF401	10/14/2013	0.168	0.184	0.181	0.252	0.312	8.3	10.15	10.95	12.7	12.25
CAF401	10/15/2013	0.168	0.184	0.181	0.252	0.312	7.65	9.85	10.83	12.63	12.17
CAF401	10/16/2013	0.168	0.184	0.181	0.252	0.312	7.59	9.57	10.65	12.53	12.09
CAF401	10/17/2013	0.168	0.184	0.181	0.252	0.312	7.65	9.49	10.47	12.42	12
CAF401	10/18/2013	0.168	0.184	0.181	0.251	0.312	7.4	9.37	10.39	12.31	11.9
CAF401	10/19/2013	0.168	0.184	0.181	0.251	0.312	7.29	9.21	10.27	12.2	11.81
CAF401	10/20/2013	0.168	0.184	0.181	0.251	0.312	7.32	9.17	10.15	12.1	11.72
CAF401	10/21/2013	0.169	0.184	0.181	0.251	0.312	7.47	9.1	10.04	12	11.63
CAF401	10/22/2013	0.169	0.184	0.181	0.251	0.312	7.82	9.16	10	11.91	11.54
CAF401	10/23/2013	0.169	0.184	0.181	0.251	0.312	8.1	9.27	9.97	11.85	11.47
CAF401	10/24/2013	0.17	0.184	0.181	0.251	0.312	8.25	9.37	10	11.8	11.4
CAF401	10/25/2013	0.17	0.184	0.181	0.251	0.312	8.16	9.4	10	11.8	11.31
CAF401	10/26/2013	0.17	0.184	0.181	0.251	0.312	8	9.38	10	11.71	11.3
CAF401	10/27/2013	0.17	0.184	0.181	0.251	0.312	7.72	9.28	9.98	11.7	11.2
CAF401	10/28/2013	0.17	0.184	0.181	0.251	0.312	7.62	9.17	9.9	11.66	11.2
CAF401	10/29/2013	0.169	0.184	0.181	0.251	0.311	6.91	8.96	9.82	11.6	11.12
CAF401	10/30/2013	0.169	0.184	0.181	0.251	0.311	5.92	8.58	9.66	11.53	11.1
CAF401	10/31/2013	0.169	0.183	0.181	0.251	0.311	5.68	8.18	9.42	11.44	11.01
CAF401	11/01/2013	0.169	0.183	0.181	0.25	0.311	5.93	8	9.23	11.31	10.94
CAF401	11/02/2013	0.169	0.183	0.181	0.25	0.311	6.25	8	9.11	11.18	10.86
CAF401	11/03/2013	0.169	0.183	0.181	0.25	0.311	6.21	8.09	9.03	11.09	10.77
CAF401	11/04/2013	0.169	0.183	0.181	0.25	0.311	5.73	7.95	9	11	10.7
CAF401	11/05/2013	0.169	0.183	0.181	0.25	0.31	5.18	7.7	8.83	10.92	10.6
CAF401	11/06/2013	0.169	0.183	0.181	0.25	0.31	4.77	7.4	8.71	10.83	10.52
CAF401	11/07/2013	0.17	0.183	0.181	0.25	0.31	5.11	7.21	8.54	10.72	10.45
CAF401	11/08/2013	0.18	0.183	0.18	0.25	0.31	5.6	7.32	8.44	10.61	10.36
CAF401	11/09/2013	0.182	0.183	0.18	0.249	0.309	5.4	7.39	8.4	10.51	10.28
CAF401	11/10/2013	0.183	0.183	0.18	0.249	0.309	5.51	7.3	8.4	10.47	10.2
CAF401	11/11/2013	0.184	0.183	0.18	0.249	0.309	5.93	7.43	8.4	10.4	10.11
CAF401	11/12/2013	0.184	0.183	0.181	0.249	0.309	6.12	7.53	8.4	10.37	10.07
CAF401	11/13/2013	0.184	0.183	0.181	0.249	0.309	6.28	7.61	8.4	10.3	10
CAF401	11/14/2013	0.184	0.184	0.181	0.249	0.309	5.98	7.67	8.4	10.3	9.96
CAF401	11/15/2013	0.184	0.183	0.181	0.249	0.309	5.65	7.53	8.4	10.3	9.9
CAF401	11/16/2013	0.184	0.183	0.181	0.249	0.309	4.9	7.3	8.32	10.26	9.9
CAF401	11/17/2013	0.187	0.183	0.181	0.249	0.309	4.35	6.94	8.16	10.2	9.82
CAF401	11/18/2013	0.189	0.183	0.181	0.249	0.309	4.59	6.75	8	10.11	9.77
CAF401	11/19/2013	0.192	0.183	0.181	0.249	0.309	4.81	6.7	7.9	10	9.7
CAF401	11/20/2013	0.195	0.183	0.181	0.249	0.309	4.95	6.79	7.8	9.93	9.65
CAF401	11/21/2013	0.199	0.183	0.181	0.249	0.309	3.83	6.59	7.75	9.9	9.6
CAF401	11/22/2013	0.204	0.183	0.181	0.249	0.309	2.97	6.1	7.6	9.8	9.5
CAF401	11/23/2013	0.207	0.183	0.18	0.248	0.309	2.4	5.62	7.35	9.69	9.45
CAF401	11/24/2013	0.209	0.182	0.18	0.248	0.309	2.02	5.24	7.09	9.55	9.36
CAF401	11/25/2013	0.21	0.182	0.18	0.248	0.308	1.78	4.93	6.85	9.4	9.26
CAF401	11/26/2013	0.211	0.182	0.18	0.248	0.308	1.65	4.69	6.64	9.24	9.15
CAF401	11/27/2013	0.211	0.182	0.18	0.248	0.308	1.57	4.52	6.45	9.08	9.04
CAF401	11/28/2013	0.212	0.182	0.18	0.248	0.308	1.49	4.37	6.27	8.95	8.92
CAF401	11/29/2013	0.212	0.182	0.18	0.248	0.308	1.37	4.25	6.16	8.82	8.8
CAF401	11/30/2013	0.212	0.182	0.18	0.248	0.307	1.3	4.12	6.03	8.69	8.68
CAF401	12/01/2013	0.212	0.182	0.18	0.247	0.307	1.3	4.03	5.9	8.57	8.58
CAF401	12/02/2013	0.212	0.182	0.18	0.247	0.307	1.32	3.97	5.76	8.47	8.47
CAF401	12/03/2013	0.213	0.182	0.18	0.247	0.307	1.4	3.9	5.7	8.37	8.37
CAF401	12/04/2013	0.214	0.182	0.18	0.247	0.307	1.4	3.86	5.57	8.27	8.27
CAF401	12/05/2013	0.215	0.182	0.18	0.247	0.306	1.44	3.8	5.52	8.19	8.19
CAF401	12/06/2013	0.216	0.182	0.18	0.247	0.306	1.4	3.8	5.5	8.1	8.1
CAF401	12/07/2013	0.216	0.182	0.18	0.247	0.306	1.21	3.73	5.44	8.03	8
CAF401	12/08/2013	0.216	0.182	0.18	0.247	0.306	0.9	3.62	5.37	7.97	7.93
CAF401	12/09/2013	0.215	0.182	0.18	0.247	0.306	0.55	3.45	5.26	7.89	7.85
CAF401	12/10/2013	0.214	0.182	0.179	0.247	0.306	0.33	3.26	5.14	7.8	7.78
CAF401	12/11/2013	0.211	0.182	0.179	0.247	0.305	0.2	3.14	5.02	7.7	7.66
CAF401	12/12/2013	0.208	0.182	0.179	0.246	0.305	0.2	3.05	4.91	7.61	7.6
CAF401	12/13/2013	0.206	0.182	0.179	0.246	0.305	0.27	3	4.82	7.52	7.51
CAF401	12/14/2013	0.207	0.182	0.179	0.246	0.305	0.3	2.99	4.72	7.43	7.43
CAF401	12/15/2013	0.207	0.182	0.179	0.246	0.305	0.33	2.9	4.7	7.36	7.35
CAF401	12/16/2013	0.208	0.182	0.179	0.246	0.305	0.4	2.9	4.57	7.29	7.28
CAF401	12/17/2013	0.209	0.182	0.179	0.246	0.304	0.42	2.9	4.6	7.2	7.2
CAF401	12/18/2013	0.21	0.182	0.179	0.246	0.304	0.5	2.9	4.52	7.15	7.11
CAF401	12/19/2013	0.21	0.182	0.179	0.246	0.304	0.53	2.9	4.5	7.1	7.05
CAF401	12/20/2013	0.211	0.182	0.179	0.246	0.304	0.6	2.9	4.5	7.03	7
CAF401	12/21/2013	0.211	0.182	0.179	0.246	0.304	0.6	2.88	4.4	7	6.9
CAF401	12/22/2013	0.211	0.182	0.179	0.246	0.304	0.6	2.8	4.4	6.94	6.88
CAF401	12/23/2013	0.211	0.182	0.179	0.246	0.304	0.6	2.8	4.4	6.9	6.8
CAF401	12/24/2013	0.211	0.182	0.179	0.246	0.304	0.6	2.8	4.3	6.86	6.75
CAF401	12/25/2013	0.211	0.182	0.179	0.246	0.304	0.6	2.8	4.3	6.8	6.7
CAF401	12/26/2013	0.211	0.182	0.179	0.246	0.304	0.6	2.8	4.3	6.8	6.64
CAF401	12/27/2013	0.211	0.182	0.179	0.246	0.304	0.6	2.8	4.24	6.7	6.6
CAF401	12/28/2013	0.211	0.182	0.179	0.246	0.304	0.65	2.8	4.2	6.7	6.54
CAF401	12/29/2013	0.211	0.182	0.18	0.246	0.303	0.68	2.72	4.17	6.67	6.5
CAF401	12/30/2013	0.211	0.183	0.18	0.246	0.303	0.6	2.7	4.2	6.6	6.45
CAF401	12/31/2013	0.211	0.183	0.18	0.246	0.303	0.6	2.7	4.14	6.6	6.4
CAF401	01/01/2014	0.211	0.183	0.18	0.246	0.303	0.68	2.7	4.07	6.57	6.38
CAF401	01/02/2014	0.211	0.183	0.18	0.246	0.303	0.7	2.7	4.1	6.5	6.3
CAF401	01/03/2014	0.211	0.183	0.18	0.246	0.303	0.7	2.7	4.1	6.47	6.3
CAF401	01/04/2014	0.211	0.183	0.18	0.246	0.303	0.7	2.6	3.98	6.44	6.22
CAF401	01/05/2014	0.211	0.183	0.18	0.246	0.303	0.62	2.6	4	6.4	6.2
CAF401	01/06/2014	0.211	0.183	0.18	0.246	0.303	0.44	2.6	4	6.4	6.15
CAF401	01/07/2014	0.21	0.183	0.18	0.246	0.303	0.3	2.5	3.93	6.3	6.1
CAF401	01/08/2014	0.209	0.183	0.18	0.246	0.303	0.3	2.5	3.9	6.3	6.1
CAF401	01/09/2014	0.209	0.183	0.18	0.246	0.303	0.3	2.43	3.86	6.27	6.02
CAF401	01/10/2014	0.209	0.183	0.18	0.246	0.303	0.4	2.4	3.8	6.2	6
CAF401	01/11/2014	0.208	0.293	0.294	0.295	0.302	0.36	2	3.42	6.06	5.96
CAF401	01/12/2014	0.211	0.354	0.37	0.348	0.306	0.38	2.04	3.25	5.88	5.85
CAF401	01/13/2014	0.227	0.362	0.376	0.352	0.311	0.47	2.1	3.3	5.8	5.77
CAF401	01/14/2014	0.237	0.358	0.372	0.355	0.315	0.5	2.2	3.3	5.72	5.7
CAF401	01/15/2014	0.239	0.352	0.343	0.357	0.318	0.55	2.25	3.34	5.7	5.6
CAF401	01/16/2014	0.239	0.347	0.329	0.357	0.32	0.6	2.3	3.37	5.71	5.6
CAF401	01/17/2014	0.239	0.343	0.323	0.357	0.321	0.63	2.3	3.34	5.78	5.55
CAF401	01/18/2014	0.239	0.34	0.32	0.355	0.322	0.7	2.35	3.4	5.8	5.5
CAF401	01/19/2014	0.239	0.337	0.317	0.353	0.322	0.7	2.4	3.4	5.78	5.5
CAF401	01/20/2014	0.239	0.335	0.314	0.352	0.323	0.75	2.4	3.4	5.7	5.5
CAF401	01/21/2014	0.239	0.334	0.312	0.351	0.323	0.8	2.4	3.47	5.7	5.5
CAF401	01/22/2014	0.239	0.332	0.31	0.35	0.324	0.8	2.4	3.5	5.7	5.41
CAF401	01/23/2014	0.239	0.331	0.309	0.349	0.324	0.87	2.4	3.5	5.7	5.4
CAF401	01/24/2014	0.239	0.33	0.307	0.348	0.324	0.9	2.4	3.5	5.7	5.4
CAF401	01/25/2014	0.239	0.329	0.306	0.347	0.325	0.9	2.48	3.5	5.7	5.4
CAF401	01/26/2014	0.239	0.328	0.305	0.347	0.325	0.9	2.5	3.5	5.7	5.4
CAF401	01/27/2014	0.238	0.327	0.304	0.346	0.325	0.9	2.5	3.47	5.69	5.32
CAF401	01/28/2014	0.238	0.327	0.303	0.345	0.326	0.9	2.49	3.47	5.6	5.3
CAF401	01/29/2014	0.237	0.326	0.302	0.345	0.326	0.9	2.42	3.5	5.6	5.3
CAF401	01/30/2014	0.237	0.325	0.301	0.344	0.326	0.9	2.4	3.5	5.6	5.3
CAF401	01/31/2014	0.237	0.325	0.301	0.343	0.326	0.9	2.4	3.43	5.6	5.3
CAF401	02/01/2014	0.237	0.324	0.3	0.343	0.326	0.9	2.4	3.4	5.6	5.23
CAF401	02/02/2014	0.237	0.324	0.3	0.342	0.327	0.9	2.4	3.4	5.6	5.2
CAF401	02/03/2014	0.237	0.324	0.3	0.342	0.327	0.9	2.4	3.4	5.54	5.2
CAF401	02/04/2014	0.237	0.323	0.299	0.341	0.327	0.9	2.4	3.4	5.5	5.2
CAF401	02/05/2014	0.237	0.323	0.298	0.341	0.327	0.9	2.4	3.4	5.5	5.2
CAF401	02/06/2014	0.238	0.322	0.298	0.341	0.327	0.9	2.4	3.37	5.5	5.15
CAF401	02/07/2014	0.238	0.322	0.298	0.34	0.328	0.9	2.4	3.4	5.5	5.1
CAF401	02/08/2014	0.237	0.321	0.297	0.34	0.328	0.9	2.4	3.37	5.5	5.1
CAF401	02/09/2014	0.237	0.321	0.297	0.339	0.328	0.9	2.4	3.4	5.5	5.1
CAF401	02/10/2014	0.236	0.321	0.296	0.339	0.328	0.9	2.4	3.37	5.44	5.1
CAF401	02/11/2014	0.236	0.32	0.296	0.339	0.328	0.9	2.4	3.39	5.4	5.1
CAF401	02/12/2014	0.243	0.34	0.34	0.35	0.351	0.69	1.96	3.21	5.34	4.98
CAF401	02/13/2014	0.266	0.36	0.383	0.364	0.377	0.49	1.68	2.9	5.14	4.9
CAF401	02/14/2014	0.315	0.362	0.383	0.365	0.379	0.42	1.7	2.9	5.1	4.86
CAF401	02/15/2014	0.327	0.363	0.384	0.365	0.38	0.49	1.75	2.87	5.1	4.8
CAF401	02/16/2014	0.321	0.365	0.384	0.366	0.382	0.5	1.75	2.84	5.1	4.8
CAF401	02/17/2014	0.313	0.365	0.384	0.366	0.382	0.61	1.89	2.9	5.1	4.8
CAF401	02/18/2014	0.312	0.367	0.385	0.367	0.382	0.67	1.9	2.9	5.1	4.75
CAF401	02/19/2014	0.304	0.368	0.386	0.367	0.382	0.7	1.94	2.9	5.1	4.7
CAF401	02/20/2014	0.287	0.367	0.386	0.367	0.382	0.71	2	2.9	5.1	4.7
CAF401	02/21/2014	0.287	0.366	0.386	0.367	0.382	0.8	2.01	2.9	5.1	4.7
CAF401	02/22/2014	0.282	0.363	0.386	0.367	0.382	0.8	2.07	2.97	5.1	4.7
CAF401	02/23/2014	0.278	0.36	0.384	0.367	0.381	0.85	2.1	3	5.1	4.7
CAF401	02/24/2014	0.275	0.358	0.374	0.367	0.381	0.9	2.12	3	5.1	4.7
CAF401	02/25/2014	0.275	0.356	0.363	0.367	0.38	0.93	2.2	3	5.11	4.7
CAF401	02/26/2014	0.274	0.354	0.359	0.367	0.38	1	2.2	3	5.2	4.7
CAF401	02/27/2014	0.273	0.352	0.356	0.367	0.38	1.01	2.2	3.1	5.2	4.7
CAF401	02/28/2014	0.273	0.351	0.353	0.367	0.381	1.1	2.2	3.07	5.2	4.7
CAF401	03/01/2014	0.274	0.35	0.351	0.366	0.381	1.1	2.2	3.07	5.2	4.7
CAF401	03/02/2014	0.272	0.35	0.349	0.365	0.381	1.1	2.3	3.1	5.2	4.7
CAF401	03/03/2014	0.283	0.349	0.348	0.363	0.381	1.1	2.3	3.1	5.2	4.7
CAF401	03/04/2014	0.3	0.358	0.363	0.364	0.383	1.1	2.28	3.1	5.17	4.67
CAF401	03/05/2014	0.298	0.371	0.385	0.368	0.387	1.46	2.23	3.1	5.1	4.6
CAF401	03/06/2014	0.3	0.372	0.387	0.369	0.388	2.88	2.5	3.12	5.1	4.6
CAF401	03/07/2014	0.29	0.373	0.388	0.369	0.389	3.63	2.95	3.31	5.1	4.59
CAF401	03/08/2014	0.279	0.368	0.388	0.369	0.389	3.8	3.3	3.56	5.17	4.6
CAF401	03/09/2014	0.297	0.369	0.388	0.37	0.39	4.42	3.52	3.78	5.32	4.6
CAF401	03/10/2014	0.293	0.373	0.389	0.37	0.39	5.23	4.01	4.01	5.44	4.66
CAF401	03/11/2014	0.284	0.369	0.391	0.371	0.391	4.67	4.3	4.3	5.61	4.73
CAF401	03/12/2014	0.278	0.366	0.389	0.371	0.391	4.4	4.3	4.43	5.77	4.75
CAF401	03/13/2014	0.273	0.363	0.387	0.371	0.39	4.27	4.3	4.54	5.91	4.86
CAF401	03/14/2014	0.272	0.36	0.375	0.371	0.39	4.34	4.3	4.6	6.02	4.97
CAF401	03/15/2014	0.276	0.358	0.367	0.372	0.389	4.08	4.3	4.66	6.1	5.07
CAF401	03/16/2014	0.272	0.356	0.365	0.371	0.388	4.18	4.3	4.7	6.18	5.12
CAF401	03/17/2014	0.279	0.355	0.363	0.371	0.388	4.53	4.37	4.72	6.21	5.2
CAF401	03/18/2014	0.276	0.354	0.361	0.371	0.389	4.03	4.41	4.8	6.3	5.2
CAF401	03/19/2014	0.27	0.353	0.36	0.371	0.389	3.82	4.29	4.8	6.3	5.23
CAF401	03/20/2014	0.266	0.352	0.357	0.371	0.389	3.75	4.2	4.8	6.35	5.3
CAF401	03/21/2014	0.263	0.35	0.356	0.369	0.389	3.39	4.12	4.79	6.35	5.27
CAF401	03/22/2014	0.259	0.349	0.354	0.368	0.39	3.26	3.99	4.67	6.3	5.2
CAF401	03/23/2014	0.258	0.348	0.352	0.368	0.39	3.45	3.9	4.65	6.3	5.2
CAF401	03/24/2014	0.256	0.347	0.351	0.368	0.391	3.72	3.99	4.63	6.3	5.2
CAF401	03/25/2014	0.254	0.347	0.35	0.368	0.391	3.93	4.07	4.7	6.3	5.2
CAF401	03/26/2014	0.252	0.346	0.35	0.367	0.39	4.2	4.18	4.7	6.3	5.2
CAF401	03/27/2014	0.251	0.346	0.35	0.367	0.39	4.69	4.39	4.7	6.3	5.2
CAF401	03/28/2014	0.252	0.346	0.35	0.368	0.39	4.79	4.57	4.7	6.35	5.27
CAF401	03/29/2014	0.255	0.345	0.35	0.368	0.39	5.1	4.72	4.7	6.4	5.4
CAF401	03/30/2014	0.261	0.345	0.35	0.368	0.39	5.34	4.89	4.7	6.48	5.44
CAF401	03/31/2014	0.26	0.345	0.35	0.368	0.39	5.02	5	4.7	6.55	5.5
CAF401	04/01/2014	0.259	0.345	0.35	0.368	0.39	5.1	5	4.7	6.6	5.57
CAF401	04/02/2014	0.257	0.345	0.35	0.368	0.39	5.23	5.09	4.7	6.69	5.6
CAF401	04/03/2014	0.255	0.345	0.35	0.368	0.391	5.08	5.12	4.7	6.7	5.7
CAF401	04/04/2014	0.254	0.345	0.35	0.369	0.391	5.62	5.21	4.7	6.78	5.71
CAF401	04/05/2014	0.253	0.345	0.35	0.369	0.391	5.59	5.38	4.7	6.77	5.8
CAF401	04/06/2014	0.252	0.345	0.35	0.369	0.391	5.93	5.45	4.7	6.88	5.82
CAF401	04/07/2014	0.252	0.345	0.35	0.369	0.392	6.19	5.67	4.7	6.91	5.9
CAF401	04/08/2014	0.252	0.345	0.35	0.369	0.392	7.15	5.94	4.7	7	5.94
CAF401	04/09/2014	0.251	0.346	0.35	0.369	0.392	7.86	6.39	4.7	7.05	6
CAF401	04/10/2014	0.25	0.346	0.35	0.37	0.392	7.75	6.65	4.7	7.19	6.09
CAF401	04/11/2014	NA	NA	NA	NA	NA	NA	NA	NA	NA	NA
