CAF401	12/21/2010	0.256	0.314	0.246	0.306	0.387	1.6	3.3	4.26	5.79	6.8
CAF401	12/22/2010	0.253	0.312	0.246	0.306	0.386	1.6	3.22	4.35	5.7	6.7
CAF401	12/23/2010	0.251	0.311	0.246	0.306	0.386	1.6	3.2	4.3	5.62	6.64
CAF401	12/24/2010	0.25	0.31	0.246	0.306	0.386	1.5	3.15	4.2	5.55	6.59
CAF401	12/25/2010	0.249	0.308	0.246	0.305	0.386	1.5	3.1	4.18	5.5	6.5
CAF401	12/26/2010	0.249	0.307	0.246	0.305	0.385	1.5	3.1	4.1	5.41	6.43
CAF401	12/27/2010	0.249	0.306	0.246	0.305	0.385	1.5	3.1	4.1	5.38	6.39
CAF401	12/28/2010	0.255	0.305	0.246	0.305	0.385	1.5	3.04	3.97	5.3	6.3
CAF401	12/29/2010	0.272	0.308	0.246	0.305	0.385	1.5	3	4	5.25	6.26
CAF401	12/30/2010	0.268	0.308	0.246	0.305	0.385	1.5	3	3.9	5.2	6.2
CAF401	12/31/2010	0.265	0.307	0.246	0.305	0.384	1.58	3	3.9	5.15	6.13
CAF401	01/01/2011	0.261	0.307	0.246	0.305	0.384	1.6	3	3.9	5.1	6.1
CAF401	01/02/2011	0.259	0.306	0.246	0.305	0.384	1.6	2.98	3.82	5.07	6.02
CAF401	01/03/2011	0.256	0.307	0.246	0.305	0.384	1.54	2.9	3.77	5	6
CAF401	01/04/2011	0.253	0.306	0.246	0.305	0.384	1.5	2.9	3.8	5	5.92
CAF401	01/05/2011	0.251	0.306	0.246	0.305	0.383	1.5	2.9	3.8	4.93	5.9
CAF401	01/06/2011	0.25	0.306	0.246	0.305	0.383	1.5	2.9	3.7	4.87	5.84
CAF401	01/07/2011	0.249	0.306	0.246	0.305	0.383	1.5	2.9	3.7	4.9	5.8
CAF401	01/08/2011	0.25	0.305	0.246	0.305	0.383	1.5	2.83	3.7	4.8	5.78
CAF401	01/09/2011	0.25	0.305	0.246	0.305	0.383	1.5	2.8	3.69	4.8	5.7
CAF401	01/10/2011	0.25	0.305	0.246	0.305	0.383	1.5	2.8	3.57	4.78	5.7
CAF401	01/11/2011	0.25	0.305	0.246	0.305	0.382	1.49	2.8	3.6	4.7	5.62
CAF401	01/12/2011	0.249	0.305	0.247	0.305	0.382	1.4	2.8	3.6	4.7	5.6
CAF401	01/13/2011	0.249	0.305	0.247	0.305	0.382	1.4	2.8	3.56	4.68	5.58
CAF401	01/14/2011	0.257	0.305	0.247	0.305	0.382	1.4	2.7	3.47	4.6	5.5
CAF401	01/15/2011	0.278	0.307	0.247	0.304	0.382	1.4	2.7	3.5	4.6	5.5
CAF401	01/16/2011	0.301	0.33	0.267	0.303	0.396	1.51	2.62	3.42	4.54	5.47
CAF401	01/17/2011	0.294	0.339	0.307	0.304	0.402	3.26	2.84	3.35	4.5	5.4
CAF401	01/18/2011	0.288	0.339	0.31	0.314	0.403	3.46	3.32	3.5	4.5	5.4
CAF401	01/19/2011	0.285	0.337	0.311	0.322	0.403	2.95	3.5	3.76	4.53	5.39
CAF401	01/20/2011	0.28	0.336	0.312	0.325	0.403	2.45	3.38	3.8	4.6	5.4
CAF401	01/21/2011	0.286	0.336	0.311	0.327	0.403	2.15	3.26	3.81	4.6	5.4
CAF401	01/22/2011	0.299	0.343	0.319	0.329	0.403	1.99	3.12	3.79	4.6	5.4
CAF401	01/23/2011	0.289	0.343	0.323	0.345	0.404	2.07	3.1	3.7	4.6	5.39
CAF401	01/24/2011	0.286	0.342	0.323	0.352	0.404	2.25	3.1	3.7	4.6	5.3
CAF401	01/25/2011	0.295	0.341	0.323	0.354	0.404	2.53	3.12	3.7	4.55	5.3
CAF401	01/26/2011	0.29	0.342	0.324	0.356	0.404	2.87	3.26	3.7	4.5	5.3
CAF401	01/27/2011	0.286	0.342	0.324	0.359	0.403	2.92	3.35	3.78	4.5	5.3
CAF401	01/28/2011	0.283	0.341	0.323	0.361	0.403	3.08	3.44	3.8	4.59	5.26
CAF401	01/29/2011	0.281	0.34	0.323	0.361	0.403	3.3	3.51	3.9	4.6	5.2
CAF401	01/30/2011	0.299	0.34	0.323	0.361	0.403	3.25	3.6	3.95	4.6	5.2
CAF401	01/31/2011	0.291	0.343	0.327	0.364	0.403	2.75	3.57	4	4.6	5.27
CAF401	02/01/2011	0.284	0.342	0.327	0.369	0.402	2.11	3.4	3.95	4.7	5.3
CAF401	02/02/2011	0.278	0.341	0.326	0.371	0.403	1.58	3.17	3.86	4.6	5.3
CAF401	02/03/2011	0.272	0.34	0.326	0.371	0.402	1.26	2.95	3.74	4.6	5.23
CAF401	02/04/2011	0.267	0.34	0.324	0.37	0.402	1.12	2.77	3.57	4.52	5.2
CAF401	02/05/2011	0.264	0.339	0.323	0.369	0.401	1.1	2.67	3.48	4.45	5.2
CAF401	02/06/2011	0.263	0.337	0.322	0.368	0.401	1.01	2.6	3.38	4.39	5.11
CAF401	02/07/2011	0.263	0.336	0.321	0.367	0.401	1	2.53	3.3	4.3	5.1
CAF401	02/08/2011	0.264	0.335	0.32	0.366	0.401	1	2.5	3.22	4.22	5
CAF401	02/09/2011	0.264	0.335	0.32	0.364	0.401	1	2.42	3.2	4.2	4.99
CAF401	02/10/2011	0.264	0.334	0.32	0.363	0.401	1.02	2.4	3.1	4.1	4.9
CAF401	02/11/2011	0.264	0.334	0.319	0.363	0.401	1.1	2.4	3.1	4.1	4.9
CAF401	02/12/2011	0.264	0.334	0.319	0.362	0.401	1.1	2.4	3.07	4.01	4.8
CAF401	02/13/2011	0.265	0.333	0.319	0.362	0.401	1.11	2.4	3	4	4.8
CAF401	02/14/2011	0.27	0.333	0.318	0.361	0.401	1.57	2.4	2.97	3.98	4.73
CAF401	02/15/2011	0.275	0.333	0.318	0.361	0.401	2.29	2.6	3.02	3.87	4.7
CAF401	02/16/2011	0.297	0.333	0.318	0.36	0.401	2	2.7	3.1	3.9	4.7
CAF401	02/17/2011	0.293	0.338	0.321	0.361	0.401	1.82	2.7	3.13	3.9	4.7
CAF401	02/18/2011	0.288	0.339	0.324	0.363	0.401	1.71	2.7	3.08	3.95	4.62
CAF401	02/19/2011	0.284	0.339	0.324	0.366	0.402	1.7	2.65	3.1	3.9	4.6
CAF401	02/20/2011	0.282	0.339	0.324	0.368	0.402	1.61	2.6	3.07	3.9	4.6
CAF401	02/21/2011	0.28	0.339	0.324	0.368	0.402	1.6	2.6	3.1	3.9	4.6
CAF401	02/22/2011	0.277	0.338	0.324	0.369	0.402	1.6	2.6	3.1	3.9	4.6
CAF401	02/23/2011	0.276	0.338	0.324	0.369	0.402	1.6	2.6	3.1	3.9	4.6
CAF401	02/24/2011	0.275	0.337	0.323	0.368	0.402	1.6	2.6	3.1	3.9	4.55
CAF401	02/25/2011	0.275	0.337	0.323	0.368	0.402	1.6	2.6	3.06	3.9	4.5
CAF401	02/26/2011	0.274	0.337	0.323	0.368	0.402	1.6	2.6	3.01	3.8	4.5
CAF401	02/27/2011	0.273	0.336	0.322	0.368	0.402	1.53	2.59	3	3.8	4.5
CAF401	02/28/2011	0.271	0.337	0.322	0.367	0.402	1.5	2.51	3	3.8	4.5
CAF401	03/01/2011	0.271	0.337	0.321	0.367	0.402	1.5	2.5	3	3.8	4.5
CAF401	03/02/2011	0.271	0.336	0.321	0.367	0.402	1.5	2.5	3	3.8	4.42
CAF401	03/03/2011	0.322	0.341	0.323	0.367	0.403	1.42	2.48	3	3.8	4.4
CAF401	03/04/2011	0.312	0.345	0.326	0.368	0.403	1.4	2.4	2.92	3.78	4.4
CAF401	03/05/2011	0.307	0.345	0.327	0.371	0.403	1.4	2.4	2.9	3.7	4.4
CAF401	03/06/2011	0.312	0.347	0.33	0.374	0.404	1.4	2.4	2.9	3.7	4.4
CAF401	03/07/2011	0.305	0.347	0.332	0.376	0.405	1.4	2.4	2.9	3.7	4.34
CAF401	03/08/2011	0.301	0.347	0.333	0.377	0.405	1.4	2.4	2.86	3.7	4.3
CAF401	03/09/2011	0.308	0.349	0.347	0.378	0.405	1.36	2.38	2.77	3.62	4.3
CAF401	03/10/2011	0.333	0.366	0.391	0.38	0.406	1.02	2.11	2.75	3.6	4.28
CAF401	03/11/2011	0.313	0.374	0.392	0.381	0.407	1.04	2.11	2.7	3.6	4.41
CAF401	03/12/2011	0.317	0.373	0.393	0.381	0.407	1.18	2.23	2.79	3.69	4.5
CAF401	03/13/2011	0.343	0.374	0.394	0.382	0.407	1.02	2.17	2.85	3.74	4.58
CAF401	03/14/2011	0.407	0.375	0.396	0.383	0.407	1.5	2.15	2.9	3.8	4.66
CAF401	03/15/2011	0.371	0.376	0.396	0.383	0.407	2.08	2.39	2.94	3.85	4.7
CAF401	03/16/2011	0.353	0.376	0.396	0.383	0.408	2.72	2.7	3.05	3.92	4.8
CAF401	03/17/2011	0.328	0.378	0.397	0.383	0.408	2.9	2.95	3.24	4.02	4.88
CAF401	03/18/2011	0.322	0.378	0.398	0.384	0.408	2.98	3.13	3.41	4.14	4.96
CAF401	03/19/2011	0.32	0.379	0.398	0.384	0.408	3.35	3.3	3.56	4.25	5.02
CAF401	03/20/2011	0.317	0.379	0.399	0.384	0.409	3.07	3.4	3.72	4.36	5.1
CAF401	03/21/2011	0.322	0.379	0.4	0.384	0.409	3.25	3.45	3.74	4.46	5.19
CAF401	03/22/2011	0.322	0.38	0.4	0.385	0.409	3.54	3.57	3.91	4.54	5.21
CAF401	03/23/2011	0.315	0.38	0.4	0.385	0.409	3.67	3.69	4.02	4.62	5.3
CAF401	03/24/2011	0.313	0.38	0.401	0.385	0.409	4.1	3.85	4.12	4.7	5.35
CAF401	03/25/2011	0.311	0.381	0.401	0.385	0.41	4.76	4.13	4.25	4.8	5.4
CAF401	03/26/2011	0.309	0.381	0.402	0.385	0.41	4.65	4.36	4.43	4.88	5.45
CAF401	03/27/2011	0.311	0.382	0.402	0.385	0.41	4.87	4.47	4.55	4.98	5.5
CAF401	03/28/2011	0.309	0.383	0.403	0.386	0.41	5.13	4.65	4.67	5.05	5.52
CAF401	03/29/2011	0.307	0.383	0.404	0.386	0.41	4.88	4.73	4.76	5.12	5.6
CAF401	03/30/2011	0.325	0.383	0.404	0.387	0.41	5.13	4.78	4.88	5.2	5.6
CAF401	03/31/2011	0.315	0.384	0.404	0.386	0.41	6.07	5.02	4.95	5.26	5.67
CAF401	04/01/2011	0.31	0.383	0.404	0.386	0.411	6.5	5.39	5.08	5.33	5.7
CAF401	04/02/2011	0.321	0.384	0.405	0.387	0.41	7.24	5.75	5.3	5.43	5.73
CAF401	04/03/2011	0.314	0.385	0.405	0.387	0.411	6.23	5.95	5.52	5.55	5.8
CAF401	04/04/2011	0.312	0.385	0.405	0.387	0.411	5.55	5.73	5.6	5.67	5.88
CAF401	04/05/2011	0.327	0.385	0.406	0.388	0.411	5.5	5.55	5.6	5.73	5.92
CAF401	04/06/2011	0.318	0.385	0.406	0.388	0.411	5.24	5.48	5.6	5.8	6
CAF401	04/07/2011	0.315	0.385	0.406	0.388	0.411	4.76	5.33	5.56	5.8	6.01
CAF401	04/08/2011	0.313	0.386	0.406	0.388	0.411	4.72	5.17	5.5	5.8	6.1
CAF401	04/09/2011	0.311	0.386	0.406	0.388	0.412	5.15	5.18	5.5	5.8	6.1
CAF401	04/10/2011	0.309	0.386	0.406	0.388	0.412	5.45	5.29	5.5	5.85	6.1
CAF401	04/11/2011	0.307	0.387	0.406	0.388	0.412	5.71	5.44	5.5	5.9	6.1
CAF401	04/12/2011	0.306	0.387	0.406	0.388	0.412	5.61	5.54	5.6	5.9	6.14
CAF401	04/13/2011	0.305	0.387	0.407	0.388	0.412	5.81	5.58	5.63	5.9	6.2
CAF401	04/14/2011	0.303	0.387	0.406	0.388	0.412	5.27	5.57	5.67	5.98	6.2
CAF401	04/15/2011	0.303	0.387	0.406	0.388	0.412	5.54	5.5	5.7	6	6.2
CAF401	04/16/2011	0.308	0.387	0.406	0.388	0.412	6.31	5.66	5.7	6	6.2
CAF401	04/17/2011	0.307	0.387	0.406	0.388	0.412	6.68	5.95	5.74	6	6.2
CAF401	04/18/2011	0.304	0.387	0.406	0.388	0.412	6.1	6.07	5.9	6.07	6.2
CAF401	04/19/2011	0.3	0.386	0.407	0.388	0.412	5.41	5.89	5.87	6.1	6.25
CAF401	04/20/2011	0.298	0.385	0.407	0.388	0.412	5.25	5.68	5.87	6.1	6.3
CAF401	04/21/2011	0.297	0.384	0.407	0.388	0.412	5.49	5.6	5.8	6.1	6.3
CAF401	04/22/2011	0.295	0.383	0.407	0.388	0.412	5.41	5.62	5.8	6.1	6.3
CAF401	04/23/2011	0.293	0.379	0.407	0.388	0.412	5.54	5.6	5.8	6.1	6.3
CAF401	04/24/2011	0.292	0.377	0.406	0.388	0.412	6.27	5.74	5.77	6.1	6.3
CAF401	04/25/2011	0.291	0.376	0.406	0.388	0.412	6.72	6.02	5.85	6.1	6.26
CAF401	04/26/2011	0.292	0.374	0.406	0.388	0.412	6.28	6.14	5.98	6.1	6.29
CAF401	04/27/2011	0.291	0.371	0.405	0.388	0.412	6.39	6.1	6	6.2	6.3
CAF401	04/28/2011	0.291	0.369	0.401	0.389	0.412	6.82	6.25	6.07	6.2	6.3
CAF401	04/29/2011	0.289	0.367	0.384	0.389	0.412	6.3	6.33	6.15	6.29	6.3
CAF401	04/30/2011	0.287	0.363	0.37	0.389	0.412	5.84	6.1	6.17	6.3	6.3
CAF401	05/01/2011	0.286	0.36	0.364	0.388	0.412	6.36	6.05	6.07	6.3	6.34
CAF401	05/02/2011	0.286	0.358	0.361	0.388	0.411	7.24	6.34	6.13	6.3	6.4
CAF401	05/03/2011	0.285	0.356	0.358	0.388	0.411	6.84	6.53	6.22	6.36	6.45
CAF401	05/04/2011	0.285	0.354	0.356	0.387	0.411	6.86	6.5	6.3	6.4	6.5
CAF401	05/05/2011	0.285	0.352	0.355	0.385	0.411	7.75	6.7	6.33	6.43	6.5
CAF401	05/06/2011	0.284	0.351	0.354	0.386	0.411	7.92	6.96	6.5	6.5	6.53
CAF401	05/07/2011	0.282	0.351	0.353	0.385	0.411	8.04	7.13	6.64	6.57	6.57
CAF401	05/08/2011	0.281	0.35	0.352	0.384	0.411	8.46	7.33	6.75	6.65	6.62
CAF401	05/09/2011	0.278	0.35	0.351	0.381	0.411	8.34	7.48	6.91	6.74	6.67
CAF401	05/10/2011	0.278	0.35	0.35	0.382	0.411	8.36	7.5	7	6.8	6.7
CAF401	05/11/2011	NA	NA	NA	NA	NA	NA	NA	NA	NA	NA
CAF401	05/13/2011	0.275	0.348	0.348	0.379	0.412	10.12	8.53	7.66	7.2	7
CAF401	05/14/2011	0.276	0.348	0.347	0.379	0.412	11.28	8.8	7.78	7.31	7.02
CAF401	05/15/2011	0.275	0.348	0.347	0.379	0.412	12.03	9.39	8.05	7.45	7.12
CAF401	05/16/2011	0.299	0.348	0.347	0.379	0.412	10.66	9.57	8.35	7.65	7.23
CAF401	05/17/2011	0.313	0.348	0.347	0.379	0.413	9.57	9.24	8.46	7.83	7.35
CAF401	05/18/2011	0.306	0.349	0.347	0.379	0.413	10.02	9.1	8.33	7.91	7.47
CAF401	05/19/2011	0.302	0.349	0.347	0.379	0.413	10.52	9.18	8.42	8	7.56
CAF401	05/20/2011	0.299	0.349	0.347	0.38	0.413	11.1	9.42	8.53	8.05	7.62
CAF401	05/21/2011	0.297	0.35	0.347	0.379	0.414	12.06	9.79	8.68	8.13	7.7
CAF401	05/22/2011	0.293	0.35	0.347	0.379	0.414	12.21	10.19	8.89	8.25	7.78
CAF401	05/23/2011	0.287	0.35	0.347	0.38	0.414	11.88	10.34	9.14	8.4	7.87
CAF401	05/24/2011	0.283	0.35	0.346	0.38	0.414	11.58	10.36	9.28	8.55	7.97
CAF401	05/25/2011	0.277	0.349	0.345	0.38	0.414	11.09	10.25	9.34	8.66	8.08
CAF401	05/26/2011	0.283	0.349	0.345	0.381	0.415	10.87	10.17	9.33	8.75	8.17
CAF401	05/27/2011	0.29	0.348	0.344	0.381	0.415	10.35	9.98	9.29	8.8	8.25
CAF401	05/28/2011	0.287	0.347	0.343	0.381	0.415	10.34	9.86	9.3	8.8	8.3
CAF401	05/29/2011	0.285	0.347	0.342	0.381	0.416	10.8	9.87	9.3	8.87	8.39
CAF401	05/30/2011	0.281	0.346	0.341	0.381	0.416	10.9	9.98	9.3	8.9	8.4
CAF401	05/31/2011	0.278	0.346	0.34	0.381	0.416	11.17	10.07	9.33	8.9	8.46
CAF401	06/01/2011	0.278	0.346	0.34	0.38	0.416	11.2	10.18	9.4	8.94	8.5
CAF401	06/02/2011	0.277	0.346	0.339	0.38	0.416	10.66	10.17	9.5	9	8.53
CAF401	06/03/2011	0.273	0.345	0.339	0.38	0.416	10.01	9.92	9.47	9.04	8.6
CAF401	06/04/2011	0.273	0.343	0.337	0.379	0.416	11.17	9.93	9.37	9.1	8.67
CAF401	06/05/2011	0.272	0.342	0.336	0.379	0.416	12.4	10.33	9.46	9.1	8.7
CAF401	06/06/2011	0.269	0.342	0.336	0.379	0.416	13.15	10.85	9.68	9.13	8.7
CAF401	06/07/2011	0.266	0.341	0.34	0.378	0.416	13.06	11.17	9.93	9.25	8.79
CAF401	06/08/2011	0.261	0.34	0.34	0.378	0.416	12.93	11.35	10.14	9.39	8.85
CAF401	06/09/2011	0.256	0.339	0.34	0.378	0.416	12.19	11.27	10.27	9.53	8.93
CAF401	06/10/2011	0.252	0.337	0.339	0.378	0.417	12.49	11.2	10.3	9.62	9.02
CAF401	06/11/2011	0.25	0.335	0.337	0.377	0.417	13.15	11.35	10.31	9.7	9.1
CAF401	06/12/2011	0.248	0.333	0.336	0.377	0.416	13.93	11.69	10.45	9.77	9.18
CAF401	06/13/2011	0.247	0.332	0.335	0.377	0.414	14.3	12.08	10.69	9.87	9.25
CAF401	06/14/2011	0.245	0.331	0.334	0.376	0.414	13.72	12.17	10.88	10.02	9.33
CAF401	06/15/2011	0.244	0.328	0.333	0.376	0.415	13.79	12.19	11	10.14	9.43
CAF401	06/16/2011	0.242	0.327	0.332	0.376	0.415	13.12	12.17	11.1	10.24	9.53
CAF401	06/17/2011	0.24	0.325	0.331	0.375	0.415	12.42	11.87	11.08	10.31	9.63
CAF401	06/18/2011	0.24	0.322	0.33	0.375	0.415	13.13	11.86	11	10.4	9.71
CAF401	06/19/2011	0.239	0.322	0.329	0.374	0.415	12.84	11.89	11	10.4	9.8
CAF401	06/20/2011	0.237	0.319	0.327	0.374	0.415	13.27	11.89	11.02	10.4	9.81
CAF401	06/21/2011	0.236	0.316	0.325	0.373	0.415	14.1	12.13	11.11	10.47	9.9
CAF401	06/22/2011	0.234	0.312	0.323	0.371	0.414	14.97	12.51	11.25	10.52	9.9
CAF401	06/23/2011	0.232	0.309	0.321	0.37	0.414	15.74	12.97	11.48	10.62	9.99
CAF401	06/24/2011	0.229	0.306	0.319	0.369	0.414	15.11	13.22	11.72	10.75	10.05
CAF401	06/25/2011	0.226	0.303	0.317	0.368	0.414	14.75	13.17	11.86	10.88	10.14
CAF401	06/26/2011	0.224	0.299	0.313	0.366	0.414	14.62	13.08	11.9	11	10.25
CAF401	06/27/2011	0.221	0.294	0.309	0.364	0.413	14.99	13.16	11.94	11.09	10.35
CAF401	06/28/2011	0.219	0.289	0.305	0.362	0.413	15.61	13.34	12.04	11.15	10.42
CAF401	06/29/2011	0.217	0.287	0.302	0.359	0.412	16.05	13.64	12.18	11.23	10.5
CAF401	06/30/2011	0.215	0.284	0.299	0.356	0.412	15.88	13.8	12.35	11.34	10.6
CAF401	07/01/2011	0.212	0.28	0.296	0.354	0.412	15.5	13.85	12.47	11.45	10.68
CAF401	07/02/2011	0.21	0.275	0.293	0.352	0.411	15.58	13.8	12.51	11.55	10.78
CAF401	07/03/2011	0.209	0.268	0.289	0.35	0.41	16.27	13.94	12.6	11.61	10.87
CAF401	07/04/2011	0.207	0.264	0.285	0.347	0.41	16.56	14.2	12.72	11.71	10.94
CAF401	07/05/2011	0.205	0.257	0.28	0.345	0.409	16.72	14.37	12.86	11.81	11
CAF401	07/06/2011	0.203	0.251	0.275	0.342	0.408	17.02	14.55	13	11.91	11.1
CAF401	07/07/2011	0.202	0.248	0.269	0.339	0.406	17.44	14.75	13.14	12.02	11.17
CAF401	07/08/2011	0.2	0.246	0.265	0.336	0.405	17.5	14.99	13.3	12.13	11.26
CAF401	07/09/2011	0.199	0.244	0.261	0.334	0.404	16.86	15	13.45	12.25	11.33
CAF401	07/10/2011	0.198	0.242	0.256	0.331	0.402	16.64	14.87	13.5	12.36	11.4
CAF401	07/11/2011	0.197	0.239	0.251	0.329	0.401	16.76	14.85	13.5	12.4	11.5
CAF401	07/12/2011	0.197	0.238	0.249	0.327	0.399	17.35	14.96	13.53	12.5	11.56
CAF401	07/13/2011	0.196	0.237	0.249	0.326	0.398	17.25	15.17	13.65	12.55	11.61
CAF401	07/14/2011	0.195	0.237	0.248	0.325	0.397	16.05	15.01	13.7	12.63	11.7
CAF401	07/15/2011	0.194	0.235	0.247	0.324	0.396	15.49	14.65	13.65	12.7	11.77
CAF401	07/16/2011	0.194	0.233	0.246	0.323	0.395	15.97	14.54	13.53	12.7	11.8
CAF401	07/17/2011	0.194	0.231	0.244	0.321	0.393	16.2	14.59	13.5	12.7	11.87
CAF401	07/18/2011	0.194	0.228	0.242	0.319	0.391	16.99	14.8	13.55	12.7	11.9
CAF401	07/19/2011	0.194	0.227	0.241	0.317	0.39	17.28	15.06	13.66	12.71	11.9
CAF401	07/20/2011	0.193	0.226	0.24	0.315	0.388	16.71	15.13	13.8	12.8	11.97
CAF401	07/21/2011	0.193	0.224	0.238	0.314	0.387	16.58	15.05	13.8	12.87	12
CAF401	07/22/2011	0.192	0.222	0.237	0.312	0.385	16.7	15.03	13.8	12.9	12.08
CAF401	07/23/2011	0.192	0.22	0.235	0.311	0.383	16.55	15.05	13.86	12.9	12.1
CAF401	07/24/2011	0.192	0.217	0.232	0.308	0.38	16.79	15.04	13.9	13	12.12
CAF401	07/25/2011	0.192	0.214	0.229	0.305	0.378	17.73	15.25	13.91	13	12.2
CAF401	07/26/2011	0.192	0.213	0.227	0.303	0.375	18.02	15.59	14.05	13.05	12.2
CAF401	07/27/2011	0.191	0.212	0.226	0.301	0.373	17.72	15.74	14.19	13.13	12.28
CAF401	07/28/2011	0.19	0.211	0.224	0.3	0.37	17.54	15.7	14.3	13.21	12.31
CAF401	07/29/2011	0.19	0.21	0.222	0.298	0.368	17.7	15.72	14.3	13.3	12.4
CAF401	07/30/2011	0.19	0.209	0.221	0.297	0.366	18.02	15.83	14.39	13.33	12.46
CAF401	07/31/2011	0.191	0.208	0.22	0.297	0.364	18.93	16.14	14.51	13.4	12.5
CAF401	08/01/2011	0.191	0.207	0.219	0.297	0.363	19.41	16.54	14.7	13.5	12.58
CAF401	08/02/2011	0.191	0.207	0.219	0.297	0.361	19.72	16.85	14.9	13.62	12.63
CAF401	08/03/2011	0.191	0.206	0.218	0.297	0.36	20.02	17.07	15.09	13.73	12.71
CAF401	08/04/2011	0.191	0.206	0.217	0.297	0.359	20.05	17.26	15.25	13.85	12.8
CAF401	08/05/2011	0.191	0.205	0.217	0.297	0.359	20.42	17.41	15.39	13.97	12.89
CAF401	08/06/2011	0.191	0.205	0.216	0.298	0.358	20.42	17.61	15.55	14.08	12.98
CAF401	08/07/2011	0.191	0.204	0.216	0.298	0.357	20.2	17.65	15.65	14.19	13.06
CAF401	08/08/2011	0.191	0.204	0.215	0.298	0.357	20.09	17.63	15.7	14.3	13.15
CAF401	08/09/2011	0.19	0.204	0.215	0.298	0.356	20	17.63	15.76	14.38	13.22
CAF401	08/10/2011	0.19	0.203	0.214	0.298	0.356	19.75	17.59	15.8	14.42	13.3
CAF401	08/11/2011	0.19	0.203	0.214	0.298	0.355	19.38	17.45	15.8	14.5	13.37
CAF401	08/12/2011	0.19	0.203	0.214	0.299	0.355	19.15	17.33	15.78	14.5	13.4
CAF401	08/13/2011	0.19	0.203	0.214	0.298	0.355	19.4	17.28	15.7	14.5	13.49
CAF401	08/14/2011	0.19	0.203	0.213	0.299	0.355	19.63	17.4	15.75	14.58	13.5
CAF401	08/15/2011	0.19	0.203	0.213	0.299	0.355	19.55	17.45	15.8	14.6	13.53
CAF401	08/16/2011	0.189	0.203	0.213	0.299	0.355	18.8	17.3	15.8	14.6	13.6
CAF401	08/17/2011	0.189	0.203	0.213	0.299	0.355	18.69	17.11	15.72	14.63	13.6
CAF401	08/18/2011	0.189	0.203	0.213	0.299	0.355	18.78	17.05	15.7	14.6	13.66
CAF401	08/19/2011	0.189	0.203	0.213	0.299	0.355	18.75	17.04	15.7	14.6	13.7
CAF401	08/20/2011	0.189	0.203	0.213	0.299	0.355	18.92	17.05	15.65	14.6	13.7
CAF401	08/21/2011	0.189	0.203	0.213	0.299	0.355	19.02	17.1	15.69	14.64	13.7
CAF401	08/22/2011	0.19	0.203	0.212	0.299	0.356	19.31	17.18	15.7	14.7	13.7
CAF401	08/23/2011	0.19	0.203	0.212	0.299	0.356	19.74	17.36	15.76	14.7	13.75
CAF401	08/24/2011	0.19	0.203	0.212	0.299	0.356	19.84	17.53	15.86	14.72	13.8
CAF401	08/25/2011	0.191	0.204	0.212	0.299	0.356	20.3	17.7	15.94	14.8	13.8
CAF401	08/26/2011	NA	NA	NA	NA	NA	NA	NA	NA	NA	NA
CAF401	11/06/2012	0.168	0.178	0.18	0.316	0.39	9.83	10.23	10.1	11	10.7
CAF401	11/07/2012	0.168	0.178	0.18	0.315	0.389	9.88	10.3	10.13	11.08	10.7
CAF401	11/08/2012	0.168	0.178	0.181	0.315	0.389	8.87	10.23	10.2	11.1	10.6
CAF401	11/09/2012	0.167	0.177	0.181	0.315	0.389	7.68	9.77	10.06	11.1	10.6
CAF401	11/10/2012	0.167	0.177	0.18	0.315	0.389	6.73	9.25	9.85	11	10.6
CAF401	11/11/2012	0.167	0.177	0.18	0.315	0.389	5.75	8.69	9.56	10.92	10.6
CAF401	11/12/2012	0.167	0.176	0.18	0.315	0.388	5	8.13	9.24	10.77	10.51
CAF401	11/13/2012	0.168	0.176	0.18	0.314	0.388	4.6	7.68	8.91	10.6	10.43
CAF401	11/14/2012	0.17	0.175	0.18	0.313	0.387	4.47	7.31	8.58	10.42	10.32
CAF401	11/15/2012	0.175	0.175	0.18	0.313	0.387	4.81	7.2	8.37	10.24	10.19
CAF401	11/16/2012	0.192	0.176	0.18	0.312	0.387	4.95	7.2	8.23	10.07	10.07
CAF401	11/17/2012	0.216	0.176	0.18	0.311	0.386	5.15	7.2	8.13	9.95	9.95
CAF401	11/18/2012	0.229	0.176	0.18	0.311	0.386	5.45	7.27	8.1	9.83	9.84
CAF401	11/19/2012	0.245	0.175	0.18	0.31	0.385	5.33	7.3	8.01	9.74	9.74
CAF401	11/20/2012	0.28	0.175	0.18	0.309	0.385	5.68	7.27	8	9.67	9.65
CAF401	11/21/2012	0.282	0.175	0.18	0.308	0.385	6.17	7.4	7.92	9.6	9.58
CAF401	11/22/2012	0.272	0.175	0.18	0.308	0.385	5.8	7.49	8	9.55	9.5
CAF401	11/23/2012	0.266	0.176	0.18	0.308	0.385	5.14	7.29	7.91	9.5	9.42
CAF401	11/24/2012	0.275	0.178	0.18	0.307	0.384	5.14	7.05	7.78	9.45	9.38
CAF401	11/25/2012	0.273	0.182	0.181	0.307	0.384	5.29	7	7.67	9.37	9.3
CAF401	11/26/2012	0.267	0.191	0.181	0.306	0.384	4.81	6.93	7.59	9.3	9.23
CAF401	11/27/2012	0.261	0.204	0.181	0.306	0.384	4.2	6.65	7.46	9.21	9.17
CAF401	11/28/2012	0.259	0.217	0.181	0.306	0.383	3.93	6.34	7.28	9.12	9.1
CAF401	11/29/2012	0.258	0.226	0.181	0.305	0.383	4.16	6.2	7.12	9.01	9
CAF401	11/30/2012	0.263	0.232	0.181	0.305	0.383	4.76	6.27	7	8.9	8.91
CAF401	12/01/2012	0.268	0.236	0.181	0.305	0.383	5.3	6.51	6.97	8.8	8.82
CAF401	12/02/2012	0.288	0.264	0.181	0.304	0.382	5.5	6.71	7.03	8.79	8.75
CAF401	12/03/2012	0.277	0.302	0.181	0.303	0.382	5.39	6.8	7.1	8.7	8.7
CAF401	12/04/2012	0.279	0.302	0.181	0.303	0.382	5.35	6.8	7.1	8.7	8.63
CAF401	12/05/2012	0.283	0.306	0.181	0.303	0.382	5.55	6.85	7.1	8.7	8.6
CAF401	12/06/2012	0.276	0.308	0.182	0.303	0.382	5.24	6.9	7.1	8.7	8.55
CAF401	12/07/2012	0.278	0.306	0.182	0.303	0.382	4.68	6.74	7.04	8.62	8.5
CAF401	12/08/2012	0.281	0.313	0.182	0.302	0.381	4.21	6.49	6.91	8.6	8.5
CAF401	12/09/2012	0.271	0.312	0.184	0.302	0.381	3.75	6.21	6.75	8.51	8.4
CAF401	12/10/2012	0.266	0.308	0.198	0.302	0.381	3.41	5.93	6.56	8.42	8.37
CAF401	12/11/2012	0.263	0.305	0.217	0.302	0.381	3.2	5.7	6.38	8.31	8.3
CAF401	12/12/2012	0.272	0.302	0.227	0.301	0.38	3.06	5.5	6.22	8.18	8.2
CAF401	12/13/2012	0.28	0.306	0.232	0.301	0.38	3	5.34	6.06	8.06	8.11
CAF401	12/14/2012	0.275	0.309	0.238	0.3	0.38	2.96	5.22	5.94	7.94	8.02
CAF401	12/15/2012	0.27	0.308	0.242	0.3	0.379	2.85	5.13	5.8	7.83	7.92
CAF401	12/16/2012	0.268	0.307	0.246	0.3	0.379	2.8	5.02	5.72	7.72	7.83
CAF401	12/17/2012	0.268	0.306	0.248	0.3	0.378	2.8	5	5.64	7.62	7.74
CAF401	12/18/2012	0.272	0.306	0.25	0.3	0.378	2.79	4.9	5.57	7.54	7.65
CAF401	12/19/2012	0.27	0.307	0.253	0.299	0.378	2.69	4.84	5.5	7.46	7.57
CAF401	12/20/2012	0.267	0.307	0.257	0.299	0.378	2.6	4.75	5.41	7.38	7.5
CAF401	12/21/2012	0.265	0.307	0.26	0.299	0.377	2.51	4.67	5.33	7.3	7.41
CAF401	12/22/2012	0.264	0.307	0.263	0.299	0.377	2.5	4.6	5.25	7.21	7.33
CAF401	12/23/2012	0.266	0.307	0.265	0.299	0.377	2.5	4.6	5.2	7.15	7.26
CAF401	12/24/2012	0.269	0.306	0.266	0.299	0.376	2.5	4.53	5.07	7.09	7.2
CAF401	12/25/2012	0.271	0.307	0.268	0.299	0.376	2.53	4.5	5.1	7	7.1
CAF401	12/26/2012	0.272	0.308	0.27	0.299	0.376	2.6	4.5	5.02	6.96	7.04
CAF401	12/27/2012	0.272	0.308	0.271	0.299	0.376	2.6	4.5	5	6.9	7
CAF401	12/28/2012	0.273	0.309	0.273	0.299	0.376	2.67	4.5	5	6.86	6.9
CAF401	12/29/2012	0.272	0.309	0.275	0.299	0.375	2.7	4.5	4.94	6.8	6.88
CAF401	12/30/2012	0.272	0.31	0.277	0.299	0.375	2.7	4.5	4.9	6.8	6.8
CAF401	12/31/2012	0.271	0.311	0.279	0.299	0.375	2.7	4.5	4.9	6.7	6.77
CAF401	01/01/2013	0.27	0.311	0.281	0.299	0.375	2.7	4.5	4.9	6.7	6.7
CAF401	01/02/2013	0.269	0.311	0.282	0.299	0.375	2.7	4.42	4.77	6.67	6.69
CAF401	01/03/2013	0.268	0.312	0.284	0.3	0.374	2.62	4.4	4.8	6.6	6.6
CAF401	01/04/2013	0.266	0.312	0.285	0.3	0.374	2.48	4.38	4.8	6.6	6.6
CAF401	01/05/2013	0.265	0.312	0.286	0.3	0.374	2.4	4.3	4.7	6.53	6.51
CAF401	01/06/2013	0.264	0.313	0.286	0.3	0.374	2.31	4.22	4.64	6.5	6.5
CAF401	01/07/2013	0.263	0.313	0.287	0.3	0.374	2.3	4.2	4.6	6.45	6.43
CAF401	01/08/2013	0.263	0.312	0.287	0.301	0.374	2.3	4.1	4.6	6.4	6.4
CAF401	01/09/2013	0.287	0.314	0.292	0.301	0.374	2.2	4.09	4.51	6.38	6.34
CAF401	01/10/2013	0.289	0.327	0.306	0.301	0.374	2.2	4	4.47	6.3	6.3
CAF401	01/11/2013	0.281	0.328	0.311	0.304	0.373	2.12	4	4.4	6.23	6.24
CAF401	01/12/2013	0.276	0.328	0.312	0.311	0.373	2.1	3.91	4.39	6.2	6.2
CAF401	01/13/2013	0.273	0.328	0.312	0.317	0.373	2.02	3.9	4.3	6.14	6.13
CAF401	01/14/2013	0.271	0.327	0.312	0.321	0.373	2	3.85	4.3	6.1	6.1
CAF401	01/15/2013	0.269	0.327	0.312	0.325	0.374	2	3.8	4.25	6.09	6.04
CAF401	01/16/2013	0.267	0.326	0.312	0.328	0.374	2	3.8	4.2	6	6
CAF401	01/17/2013	0.266	0.326	0.312	0.33	0.374	1.91	3.8	4.2	6	5.96
CAF401	01/18/2013	0.265	0.325	0.312	0.332	0.375	1.9	3.7	4.15	5.95	5.9
CAF401	01/19/2013	0.263	0.325	0.312	0.334	0.376	1.9	3.67	4.07	5.9	5.89
CAF401	01/20/2013	0.262	0.324	0.312	0.335	0.376	1.9	3.7	4.1	5.9	5.8
CAF401	01/21/2013	0.26	0.324	0.312	0.337	0.377	1.82	3.65	4.07	5.83	5.8
CAF401	01/22/2013	0.259	0.324	0.312	0.338	0.377	1.8	3.6	4	5.8	5.75
CAF401	01/23/2013	0.257	0.324	0.311	0.339	0.378	1.75	3.6	4	5.8	5.7
CAF401	01/24/2013	0.256	0.324	0.311	0.34	0.378	1.7	3.55	3.99	5.73	5.7
CAF401	01/25/2013	0.255	0.324	0.311	0.34	0.379	1.7	3.5	3.9	5.7	5.61
CAF401	01/26/2013	0.275	0.326	0.315	0.343	0.38	1.65	3.49	3.9	5.69	5.6
CAF401	01/27/2013	0.286	0.332	0.321	0.368	0.392	1.6	3.4	3.8	5.6	5.53
CAF401	01/28/2013	0.283	0.331	0.321	0.377	0.396	1.6	3.4	3.8	5.55	5.5
CAF401	01/29/2013	0.28	0.331	0.321	0.377	0.396	1.63	3.4	3.68	5.5	5.43
CAF401	01/30/2013	0.292	0.334	0.343	0.379	0.397	1.63	3.38	3.7	5.48	5.4
CAF401	01/31/2013	0.293	0.339	0.398	0.382	0.398	1.67	3.3	3.63	5.4	5.3
CAF401	02/01/2013	0.288	0.341	0.399	0.382	0.399	2.1	3.43	3.64	5.4	5.3
CAF401	02/02/2013	0.284	0.34	0.399	0.382	0.399	2.26	3.56	3.7	5.4	5.22
CAF401	02/03/2013	0.281	0.34	0.396	0.383	0.399	2.17	3.6	3.77	5.4	5.2
CAF401	02/04/2013	0.279	0.339	0.375	0.383	0.399	2.22	3.6	3.8	5.4	5.2
CAF401	02/05/2013	0.278	0.338	0.365	0.383	0.4	2.5	3.67	3.8	5.4	5.2
CAF401	02/06/2013	0.276	0.336	0.356	0.383	0.399	2.65	3.78	3.82	5.4	5.2
CAF401	02/07/2013	0.275	0.334	0.351	0.382	0.398	2.56	3.8	3.9	5.43	5.2
CAF401	02/08/2013	0.274	0.333	0.339	0.381	0.397	2.57	3.84	3.9	5.5	5.2
CAF401	02/09/2013	0.275	0.332	0.334	0.375	0.397	2.46	3.88	3.94	5.5	5.2
CAF401	02/10/2013	0.275	0.331	0.333	0.371	0.397	2.31	3.8	3.97	5.5	5.2
CAF401	02/11/2013	0.274	0.33	0.332	0.371	0.397	2.14	3.75	3.88	5.5	5.2
CAF401	02/12/2013	0.274	0.33	0.331	0.371	0.397	2.01	3.68	3.9	5.5	5.2
CAF401	02/13/2013	0.277	0.329	0.33	0.371	0.397	2.35	3.66	3.9	5.48	5.2
CAF401	02/14/2013	0.277	0.33	0.33	0.371	0.397	2.63	3.78	3.87	5.4	5.2
CAF401	02/15/2013	0.275	0.33	0.33	0.371	0.397	2.54	3.8	3.9	5.4	5.19
CAF401	02/16/2013	0.274	0.33	0.33	0.371	0.397	2.6	3.84	3.92	5.4	5.1
CAF401	02/17/2013	0.274	0.33	0.329	0.371	0.397	2.76	3.9	3.97	5.4	5.1
CAF401	02/18/2013	0.272	0.329	0.329	0.371	0.397	2.65	3.9	4	5.4	5.1
CAF401	02/19/2013	0.271	0.329	0.329	0.371	0.397	2.42	3.9	4	5.5	5.1
CAF401	02/20/2013	0.271	0.329	0.328	0.372	0.398	2.41	3.8	4	5.5	5.1
CAF401	02/21/2013	0.271	0.329	0.328	0.371	0.398	2.4	3.8	4	5.41	5.1
CAF401	02/22/2013	0.27	0.328	0.327	0.371	0.398	2.15	3.77	4	5.4	5.1
CAF401	02/23/2013	0.276	0.33	0.33	0.372	0.398	2.02	3.68	3.9	5.4	5.1
CAF401	02/24/2013	0.284	0.332	0.333	0.376	0.398	1.94	3.6	3.88	5.4	5.1
CAF401	02/25/2013	0.286	0.332	0.335	0.38	0.399	1.84	3.51	3.77	5.35	5.1
CAF401	02/26/2013	0.288	0.335	0.338	0.382	0.4	1.8	3.47	3.75	5.3	5.02
CAF401	02/27/2013	0.282	0.336	0.339	0.383	0.401	1.76	3.4	3.7	5.29	5
CAF401	02/28/2013	0.285	0.334	0.338	0.383	0.402	1.92	3.4	3.7	5.2	5
CAF401	03/01/2013	0.295	0.337	0.343	0.384	0.402	2.39	3.48	3.65	5.2	4.95
CAF401	03/02/2013	0.289	0.338	0.351	0.385	0.402	3.12	3.7	3.7	5.2	4.9
CAF401	03/03/2013	0.285	0.339	0.356	0.386	0.402	3.52	4	3.81	5.2	4.9
CAF401	03/04/2013	0.281	0.339	0.353	0.386	0.402	3.09	4.1	3.95	5.26	4.9
CAF401	03/05/2013	0.278	0.338	0.352	0.386	0.403	2.58	4.03	4	5.31	4.9
CAF401	03/06/2013	0.276	0.338	0.35	0.386	0.403	2.51	3.9	4	5.4	4.9
CAF401	03/07/2013	0.277	0.337	0.346	0.386	0.403	2.91	3.92	4	5.4	5
CAF401	03/08/2013	0.277	0.335	0.343	0.385	0.402	3.06	4.05	4	5.4	5
CAF401	03/09/2013	0.276	0.335	0.34	0.381	0.401	2.8	4.05	4	5.4	5
CAF401	03/10/2013	0.275	0.333	0.336	0.374	0.4	2.71	4	4	5.4	5
CAF401	03/11/2013	0.274	0.333	0.335	0.373	0.4	2.84	4	4	5.4	5
CAF401	03/12/2013	0.274	0.332	0.334	0.373	0.4	3.21	4.06	3.97	5.4	5
CAF401	03/13/2013	0.274	0.332	0.334	0.372	0.4	3.93	4.25	4.09	5.4	5
CAF401	03/14/2013	0.275	0.332	0.333	0.373	0.4	4.74	4.62	4.18	5.4	5
CAF401	03/15/2013	0.275	0.332	0.333	0.373	0.4	5.22	5	4.4	5.5	5
CAF401	03/16/2013	0.274	0.332	0.333	0.373	0.401	5.38	5.31	4.61	5.61	5.05
CAF401	03/17/2013	0.272	0.332	0.332	0.373	0.401	4.99	5.42	4.78	5.72	5.1
CAF401	03/18/2013	0.27	0.332	0.332	0.373	0.401	4.23	5.32	4.87	5.82	5.17
CAF401	03/19/2013	0.269	0.331	0.332	0.374	0.401	3.75	5.06	4.87	5.9	5.22
CAF401	03/20/2013	0.269	0.33	0.331	0.374	0.401	3.77	4.91	4.8	5.9	5.3
CAF401	03/21/2013	0.272	0.33	0.331	0.374	0.401	4.01	4.94	4.8	5.9	5.3
CAF401	03/22/2013	0.273	0.331	0.332	0.374	0.401	3.62	4.88	4.8	5.9	5.3
CAF401	03/23/2013	0.273	0.33	0.332	0.374	0.401	3.27	4.73	4.72	5.9	5.35
CAF401	03/24/2013	0.272	0.33	0.332	0.374	0.402	3.1	4.57	4.67	5.9	5.4
CAF401	03/25/2013	0.271	0.33	0.332	0.374	0.402	2.98	4.45	4.57	5.9	5.4
CAF401	03/26/2013	0.271	0.331	0.332	0.374	0.402	3.26	4.4	4.5	5.85	5.36
CAF401	03/27/2013	0.273	0.331	0.332	0.374	0.402	4.15	4.57	4.5	5.8	5.3
CAF401	03/28/2013	0.277	0.332	0.332	0.373	0.402	5.03	4.95	4.62	5.8	5.3
CAF401	03/29/2013	0.277	0.332	0.332	0.372	0.402	5.79	5.38	4.79	5.85	5.3
CAF401	03/30/2013	0.277	0.332	0.332	0.373	0.402	6.12	5.74	5	5.93	5.33
CAF401	03/31/2013	0.276	0.332	0.332	0.373	0.402	6.42	6.03	5.21	6.01	5.4
CAF401	04/01/2013	0.276	0.333	0.332	0.373	0.402	6.8	6.28	5.4	6.15	5.44
CAF401	04/02/2013	0.275	0.332	0.332	0.373	0.403	7.07	6.53	5.55	6.27	5.5
CAF401	04/03/2013	0.274	0.333	0.332	0.374	0.403	7.24	6.74	5.73	6.4	5.59
CAF401	04/04/2013	0.274	0.333	0.332	0.374	0.403	7.52	6.93	5.94	6.53	5.66
CAF401	04/05/2013	0.279	0.334	0.334	0.375	0.403	7.52	7.09	6.1	6.65	5.74
CAF401	04/06/2013	0.284	0.336	0.336	0.377	0.403	7.65	7.25	6.25	6.77	5.82
CAF401	04/07/2013	0.291	0.337	0.337	0.376	0.404	7.47	7.37	6.34	6.88	5.91
CAF401	04/08/2013	0.296	0.341	0.341	0.376	0.404	6.92	7.31	6.5	7	6
CAF401	04/09/2013	0.291	0.342	0.341	0.378	0.406	6.48	7.19	6.5	7.1	6.09
CAF401	04/10/2013	0.289	0.339	0.341	0.379	0.407	6.68	7.07	6.47	7.13	6.16
CAF401	04/11/2013	0.286	0.338	0.341	0.381	0.408	6.49	7.06	6.47	7.2	6.2
CAF401	04/12/2013	0.284	0.337	0.341	0.384	0.408	6.15	6.96	6.5	7.2	6.27
CAF401	04/13/2013	0.29	0.338	0.345	0.386	0.408	6.3	6.9	6.43	7.2	6.3
CAF401	04/14/2013	0.29	0.339	0.348	0.388	0.409	5.8	6.8	6.4	7.2	6.3
CAF401	04/15/2013	0.287	0.341	0.349	0.389	0.409	5.58	6.67	6.39	7.2	6.37
CAF401	04/16/2013	0.284	0.341	0.349	0.389	0.409	5.29	6.5	6.3	7.2	6.4
CAF401	04/17/2013	0.281	0.338	0.348	0.389	0.409	5.09	6.35	6.22	7.2	6.4
CAF401	04/18/2013	0.28	0.337	0.347	0.389	0.409	5.23	6.25	6.1	7.2	6.4
CAF401	04/19/2013	0.28	0.337	0.347	0.389	0.409	5.55	6.21	6.1	7.2	6.4
CAF401	04/20/2013	0.29	0.338	0.349	0.39	0.409	6.01	6.38	6.1	7.13	6.37
CAF401	04/21/2013	0.289	0.339	0.35	0.39	0.41	6.27	6.56	6.14	7.12	6.4
CAF401	04/22/2013	0.288	0.339	0.349	0.39	0.41	6.16	6.65	6.17	7.2	6.4
CAF401	04/23/2013	0.286	0.339	0.349	0.389	0.41	6.19	6.69	6.24	7.2	6.4
CAF401	04/24/2013	0.285	0.338	0.349	0.389	0.41	6.29	6.7	6.27	7.2	6.4
CAF401	04/25/2013	0.284	0.34	0.349	0.39	0.41	6.89	6.85	6.34	7.28	6.4
CAF401	04/26/2013	0.284	0.338	0.348	0.39	0.41	7.66	7.1	6.44	7.3	6.4
CAF401	04/27/2013	0.283	0.34	0.348	0.389	0.41	8.45	7.52	6.61	7.36	6.5
CAF401	04/28/2013	0.281	0.338	0.347	0.386	0.41	8.47	7.8	6.82	7.45	6.5
CAF401	04/29/2013	0.279	0.341	0.346	0.386	0.41	8.57	8.01	7.01	7.55	6.6
CAF401	04/30/2013	0.276	0.339	0.344	0.382	0.41	7.52	7.95	7.15	7.65	6.67
CAF401	05/01/2013	0.273	0.337	0.343	0.38	0.408	6.79	7.68	7.16	7.74	6.75
CAF401	05/02/2013	0.273	0.337	0.342	0.379	0.407	7.34	7.57	7.1	7.8	6.8
CAF401	05/03/2013	0.274	0.336	0.341	0.379	0.408	8.24	7.72	7.1	7.8	6.82
CAF401	05/04/2013	0.275	0.338	0.341	0.379	0.408	8.94	8.1	7.2	7.81	6.9
CAF401	05/05/2013	0.275	0.339	0.34	0.379	0.409	9.42	8.42	7.35	7.9	6.9
CAF401	05/06/2013	0.276	0.339	0.34	0.379	0.409	10.14	8.77	7.56	8.01	6.96
CAF401	05/07/2013	0.276	0.34	0.34	0.379	0.408	10.88	9.18	7.83	8.14	7.02
CAF401	05/08/2013	0.277	0.34	0.34	0.379	0.407	11.56	9.62	8.11	8.29	7.12
CAF401	05/09/2013	0.277	0.339	0.34	0.379	0.408	12.26	10.06	8.42	8.47	7.23
CAF401	05/10/2013	0.278	0.34	0.34	0.38	0.408	12.76	10.52	8.75	8.68	7.35
CAF401	05/11/2013	0.278	0.34	0.34	0.38	0.408	13.39	10.93	9.07	8.9	7.49
CAF401	05/12/2013	0.278	0.34	0.341	0.38	0.409	13.9	11.35	9.41	9.13	7.65
CAF401	05/13/2013	0.278	0.341	0.341	0.381	0.409	14.14	11.73	9.74	9.37	7.8
CAF401	05/14/2013	0.275	0.341	0.341	0.381	0.409	13.43	11.92	10.03	9.61	7.98
CAF401	05/15/2013	0.273	0.341	0.341	0.381	0.41	12.77	11.8	10.19	9.84	8.15
CAF401	05/16/2013	0.272	0.34	0.34	0.381	0.41	12.69	11.69	10.29	10	8.32
CAF401	05/17/2013	0.271	0.34	0.34	0.382	0.41	12.61	11.66	10.27	10.13	8.46
CAF401	05/18/2013	0.271	0.34	0.34	0.381	0.411	12.49	11.64	10.36	10.23	8.58
CAF401	05/19/2013	0.269	0.34	0.34	0.38	0.411	11.99	11.55	10.4	10.31	8.66
CAF401	05/20/2013	0.269	0.345	0.339	0.379	0.411	12.19	11.5	10.4	10.4	8.79
CAF401	05/21/2013	0.27	0.345	0.339	0.379	0.411	12.87	11.62	10.4	10.42	8.87
CAF401	05/22/2013	0.268	0.345	0.339	0.379	0.412	12.05	11.73	10.49	10.5	8.93
CAF401	05/23/2013	0.266	0.344	0.338	0.378	0.412	10.87	11.39	10.46	10.58	9
CAF401	05/24/2013	0.266	0.343	0.338	0.378	0.412	10.78	11.07	10.37	10.6	9.09
CAF401	05/25/2013	0.265	0.343	0.337	0.378	0.412	10.45	10.85	10.25	10.6	9.1
CAF401	05/26/2013	0.266	0.343	0.337	0.378	0.412	10.79	10.76	10.15	10.54	9.13
CAF401	05/27/2013	0.266	0.343	0.337	0.377	0.412	11.27	10.81	10.1	10.5	9.2
CAF401	05/28/2013	0.266	0.343	0.336	0.377	0.412	11.65	11	10.14	10.5	9.2
CAF401	05/29/2013	0.265	0.343	0.336	0.377	0.413	11.57	11.1	10.17	10.51	9.2
CAF401	05/30/2013	0.264	0.343	0.336	0.377	0.413	11.39	11.1	10.3	10.6	9.21
CAF401	05/31/2013	0.263	0.343	0.336	0.377	0.413	11.53	11.1	10.3	10.6	9.3
CAF401	06/01/2013	0.264	0.343	0.336	0.377	0.413	12.17	11.23	10.32	10.61	9.3
CAF401	06/02/2013	0.264	0.342	0.336	0.377	0.413	12.62	11.45	10.39	10.7	9.32
CAF401	06/03/2013	0.263	0.336	0.336	0.377	0.413	12.57	11.59	10.55	10.74	9.4
CAF401	06/04/2013	0.263	0.336	0.336	0.377	0.413	13.16	11.75	10.65	10.81	9.4
CAF401	06/05/2013	0.265	0.344	0.336	0.377	0.413	14.23	12.17	10.74	10.9	9.5
CAF401	06/06/2013	0.266	0.345	0.336	0.377	0.413	15.23	12.66	11.05	11.02	9.55
CAF401	06/07/2013	0.267	0.346	0.336	0.377	0.414	16.02	13.22	11.36	11.15	9.63
CAF401	06/08/2013	0.265	0.346	0.336	0.377	0.414	15.85	13.62	11.69	11.35	9.73
CAF401	06/09/2013	0.265	0.346	0.337	0.378	0.414	16.03	13.8	11.96	11.55	9.86
CAF401	06/10/2013	0.263	0.347	0.337	0.378	0.414	15.88	13.97	12.17	11.74	10
CAF401	06/11/2013	0.262	0.347	0.337	0.378	0.415	15.96	14.07	12.34	11.9	10.14
CAF401	06/12/2013	0.26	0.347	0.337	0.378	0.415	15.59	14.09	12.47	12.05	10.26
CAF401	06/13/2013	0.259	0.347	0.336	0.378	0.415	15.71	14.09	12.55	12.18	10.38
CAF401	06/14/2013	0.258	0.346	0.336	0.378	0.416	15.55	14.1	12.63	12.3	10.49
CAF401	06/15/2013	0.257	0.346	0.336	0.378	0.416	15.69	14.15	12.7	12.4	10.6
CAF401	06/16/2013	0.257	0.346	0.336	0.378	0.416	16.27	14.3	12.74	12.49	10.7
CAF401	06/17/2013	0.257	0.347	0.336	0.378	0.416	17.07	14.58	12.92	12.58	10.8
CAF401	06/18/2013	0.257	0.347	0.336	0.379	0.416	17.52	14.98	13.12	12.7	10.89
CAF401	06/19/2013	0.253	0.347	0.336	0.379	0.417	16.57	15.09	13.35	12.85	11
CAF401	06/20/2013	0.251	0.346	0.336	0.379	0.417	14.73	14.74	13.4	12.98	11.12
CAF401	06/21/2013	0.25	0.345	0.335	0.378	0.417	13.74	14.13	13.28	13.08	11.22
CAF401	06/22/2013	0.253	0.344	0.335	0.378	0.417	14.18	13.8	13.06	13.06	11.3
CAF401	06/23/2013	0.255	0.344	0.334	0.378	0.417	14.67	13.86	12.95	13	11.38
CAF401	06/24/2013	0.257	0.344	0.334	0.378	0.417	15.1	13.96	12.93	13	11.4
CAF401	06/25/2013	0.262	0.344	0.334	0.378	0.417	14.84	14.06	13	13	11.4
CAF401	06/26/2013	0.272	0.344	0.333	0.377	0.416	15.1	14.07	13	13	11.42
CAF401	06/27/2013	0.276	0.344	0.333	0.377	0.414	15.41	14.17	13.05	13.1	11.5
CAF401	06/28/2013	0.277	0.345	0.333	0.377	0.414	16.54	14.43	13.12	13.1	11.53
CAF401	06/29/2013	0.276	0.346	0.334	0.377	0.414	17.77	14.97	13.37	13.18	11.6
CAF401	06/30/2013	0.274	0.347	0.334	0.377	0.415	18.35	15.49	13.67	13.32	11.65
CAF401	07/01/2013	0.27	0.347	0.334	0.378	0.415	19.1	15.95	13.94	13.48	11.75
CAF401	07/02/2013	0.266	0.348	0.334	0.378	0.415	19.98	16.45	14.27	13.68	11.86
CAF401	07/03/2013	0.26	0.349	0.335	0.378	0.415	20.54	16.96	14.66	13.9	12
CAF401	07/04/2013	0.254	0.349	0.334	0.378	0.416	20.25	17.29	15	14.09	12.15
CAF401	07/05/2013	0.248	0.348	0.334	0.378	0.416	19.68	17.3	15.21	14.36	12.3
CAF401	07/06/2013	0.245	0.348	0.334	0.378	0.416	19.15	17.25	15.35	14.55	12.46
CAF401	07/07/2013	0.24	0.346	0.332	0.378	0.417	19.03	17.11	15.4	14.68	12.63
CAF401	07/08/2013	0.235	0.345	0.331	0.378	0.417	19.07	17.1	15.4	14.8	12.75
CAF401	07/09/2013	0.229	0.344	0.33	0.378	0.417	18.92	17.1	15.49	14.88	12.86
CAF401	07/10/2013	0.222	0.342	0.328	0.378	0.417	19.01	17.09	15.5	14.94	12.96
CAF401	07/11/2013	0.216	0.34	0.326	0.378	0.417	19.12	17.14	15.52	15	13.05
CAF401	07/12/2013	0.212	0.338	0.323	0.378	0.417	18.61	17.12	15.6	15.09	13.12
CAF401	07/13/2013	0.21	0.335	0.321	0.377	0.417	18.18	16.95	15.56	15.11	13.2
CAF401	07/14/2013	0.207	0.332	0.318	0.377	0.417	17.92	16.77	15.5	15.2	13.28
CAF401	07/15/2013	0.205	0.329	0.314	0.377	0.417	17.9	16.67	15.47	15.2	13.3
CAF401	07/16/2013	0.203	0.326	0.31	0.376	0.417	17.93	16.6	15.4	15.2	13.38
CAF401	07/17/2013	0.202	0.322	0.305	0.376	0.417	18.23	16.6	15.36	15.2	13.4
CAF401	07/18/2013	0.201	0.313	0.3	0.376	0.417	18.28	16.72	15.32	15.2	13.4
CAF401	07/19/2013	0.2	0.302	0.295	0.375	0.417	18.15	16.68	15.4	15.2	13.44
CAF401	07/20/2013	0.198	0.297	0.289	0.371	0.416	18.23	16.67	15.43	15.23	13.5
CAF401	07/21/2013	0.196	0.292	0.283	0.363	0.416	18.14	16.68	15.5	15.3	13.5
CAF401	07/22/2013	0.195	0.286	0.276	0.35	0.416	18.07	16.65	15.5	15.3	13.53
CAF401	07/23/2013	0.193	0.28	0.27	0.337	0.416	18.1	16.63	15.5	15.3	13.6
CAF401	07/24/2013	0.192	0.272	0.262	0.326	0.416	18.24	16.66	15.46	15.3	13.6
CAF401	07/25/2013	0.19	0.265	0.255	0.314	0.416	18.27	16.7	15.5	15.38	13.6
CAF401	07/26/2013	0.189	0.257	0.249	0.304	0.416	18.13	16.71	15.5	15.4	13.63
CAF401	07/27/2013	0.187	0.25	0.246	0.294	0.416	18	16.66	15.5	15.4	13.7
CAF401	07/28/2013	0.186	0.247	0.242	0.286	0.415	17.78	16.59	15.46	15.4	13.7
CAF401	07/29/2013	0.185	0.244	0.238	0.281	0.415	17.49	16.48	15.45	15.43	13.7
CAF401	07/30/2013	0.183	0.24	0.235	0.279	0.413	17.41	16.38	15.4	15.4	13.7
CAF401	07/31/2013	0.182	0.237	0.231	0.279	0.412	17.5	16.38	15.4	15.4	13.8
CAF401	08/01/2013	0.182	0.233	0.228	0.279	0.411	17.63	16.44	15.4	15.4	13.8
CAF401	08/02/2013	0.182	0.229	0.227	0.281	0.41	16.99	16.37	15.4	15.4	13.8
CAF401	08/03/2013	0.182	0.226	0.227	0.282	0.409	16.34	16.13	15.33	15.4	13.8
CAF401	08/04/2013	0.181	0.223	0.224	0.281	0.408	16.27	15.88	15.22	15.4	13.8
CAF401	08/05/2013	0.18	0.22	0.219	0.279	0.405	16.67	15.87	15.1	15.4	13.8
CAF401	08/06/2013	0.179	0.217	0.214	0.278	0.399	17.17	16.01	15.1	15.3	13.8
CAF401	08/07/2013	0.177	0.214	0.209	0.277	0.391	17.6	16.21	15.17	15.3	13.8
CAF401	08/08/2013	0.176	0.21	0.205	0.275	0.382	17.78	16.37	15.21	15.33	13.8
CAF401	08/09/2013	0.176	0.207	0.201	0.274	0.372	18.05	16.48	15.3	15.4	13.8
CAF401	08/10/2013	0.175	0.204	0.197	0.273	0.361	18.63	16.71	15.36	15.4	13.8
CAF401	08/11/2013	0.175	0.202	0.195	0.272	0.353	19.12	17.01	15.5	15.46	13.8
CAF401	08/12/2013	0.175	0.199	0.193	0.27	0.346	19.24	17.25	15.67	15.48	13.88
CAF401	08/13/2013	0.174	0.197	0.192	0.269	0.338	19.34	17.38	15.82	15.6	13.9
CAF401	08/14/2013	0.174	0.195	0.19	0.268	0.33	19.42	17.49	15.92	15.69	13.97
CAF401	08/15/2013	0.174	0.194	0.188	0.266	0.323	19.59	17.58	16	15.76	14
CAF401	08/16/2013	0.174	0.192	0.187	0.265	0.318	19.7	17.72	16.06	15.81	14.08
CAF401	08/17/2013	0.174	0.191	0.186	0.264	0.315	19.9	17.85	16.13	15.9	14.11
CAF401	08/18/2013	0.174	0.19	0.185	0.263	0.312	19.82	17.96	16.3	15.98	14.2
CAF401	08/19/2013	0.174	0.189	0.185	0.262	0.31	19.6	17.95	16.38	16.04	14.23
CAF401	08/20/2013	0.174	0.189	0.184	0.261	0.308	19.38	17.88	16.4	16.1	14.3
CAF401	08/21/2013	0.173	0.188	0.183	0.26	0.306	18.98	17.77	16.4	16.17	14.33
CAF401	08/22/2013	0.173	0.188	0.183	0.26	0.306	18.81	17.62	16.32	16.2	14.4
CAF401	08/23/2013	0.173	0.187	0.182	0.26	0.306	18.67	17.46	16.3	16.2	14.4
CAF401	08/24/2013	0.173	0.187	0.182	0.26	0.306	18.59	17.47	16.26	16.2	14.41
CAF401	08/25/2013	0.173	0.187	0.182	0.259	0.305	18.7	17.43	16.2	16.2	14.5
CAF401	08/26/2013	0.173	0.187	0.182	0.259	0.305	18.67	17.46	16.2	16.2	14.5
CAF401	08/27/2013	0.172	0.187	0.182	0.259	0.305	18.18	17.35	16.16	16.2	14.5
CAF401	08/28/2013	0.172	0.187	0.182	0.259	0.304	18.3	17.23	16.18	16.2	14.5
CAF401	08/29/2013	0.173	0.187	0.182	0.259	0.304	18.38	17.25	16.06	16.2	14.5
CAF401	08/30/2013	0.172	0.187	0.182	0.259	0.304	18.26	17.21	16.06	16.2	14.58
CAF401	08/31/2013	0.172	0.186	0.182	0.258	0.304	18.16	17.19	16.1	16.2	14.6
CAF401	09/01/2013	0.172	0.186	0.182	0.258	0.303	18.26	17.17	16.1	16.2	14.6
CAF401	09/02/2013	0.172	0.186	0.182	0.258	0.304	18.46	17.2	16.1	16.2	14.6
CAF401	09/03/2013	0.172	0.186	0.182	0.259	0.305	18.09	17.19	16.1	16.21	14.6
CAF401	09/04/2013	0.172	0.186	0.182	0.258	0.304	18.02	17.1	16.1	16.29	14.6
CAF401	09/05/2013	0.172	0.186	0.182	0.258	0.305	18.34	17.16	16.1	16.3	14.6
CAF401	09/06/2013	0.171	0.186	0.182	0.259	0.306	17.78	17.15	16.1	16.3	14.61
CAF401	09/07/2013	0.171	0.186	0.182	0.259	0.306	17.09	16.9	16.06	16.26	14.7
CAF401	09/08/2013	0.17	0.186	0.181	0.259	0.306	16.92	16.62	15.93	16.3	14.7
CAF401	09/09/2013	0.17	0.185	0.181	0.258	0.305	16.78	16.47	15.84	16.29	14.7
CAF401	09/10/2013	0.17	0.185	0.181	0.257	0.304	16.97	16.41	15.72	16.2	14.7
CAF401	09/11/2013	0.171	0.185	0.181	0.256	0.302	17.26	16.45	15.7	16.2	14.63
CAF401	09/12/2013	0.171	0.185	0.181	0.255	0.301	17.53	16.56	15.7	16.2	14.6
CAF401	09/13/2013	0.171	0.185	0.181	0.255	0.301	17.64	16.63	15.7	16.2	14.6
CAF401	09/14/2013	0.171	0.185	0.181	0.254	0.3	17.77	16.69	15.76	16.2	14.6
CAF401	09/15/2013	0.171	0.185	0.181	0.254	NA	18.08	16.79	15.8	16.2	NA
CAF401	09/16/2013	0.171	0.185	0.181	0.254	NA	18.24	16.97	15.86	16.2	NA
CAF401	09/17/2013	0.17	0.185	0.181	0.255	NA	17.08	16.89	15.9	16.27	NA
CAF401	09/18/2013	0.172	0.186	0.181	0.257	NA	15.82	16.4	15.83	16.3	NA
CAF401	09/19/2013	0.174	0.191	0.187	0.261	NA	14.63	15.82	15.6	16.29	NA
CAF401	09/20/2013	0.172	0.188	0.184	0.261	NA	14.04	15.23	15.29	16.18	NA
CAF401	09/21/2013	0.174	0.19	0.184	0.262	NA	14.24	14.88	14.92	16.06	NA
CAF401	09/22/2013	0.169	0.185	0.182	0.261	NA	13.94	14.75	14.8	15.93	NA
CAF401	09/23/2013	0.175	0.191	0.188	0.269	NA	13.54	14.51	14.6	15.82	NA
CAF401	09/24/2013	0.17	0.187	0.184	0.27	NA	13.18	14.27	14.45	15.72	NA
CAF401	09/25/2013	0.172	0.19	0.184	0.267	0.309	12.73	13.97	14.2	15.43	14.24
CAF401	09/26/2013	0.168	0.187	0.182	0.257	0.31	12.1	13.6	14.02	15.17	14.19
CAF401	09/27/2013	0.168	0.187	0.181	0.257	0.31	11.54	13.27	13.79	15.04	14.1
CAF401	09/28/2013	0.168	0.186	0.181	0.257	0.311	11.24	12.89	13.55	14.88	14
CAF401	09/29/2013	0.168	0.186	0.181	0.256	0.311	11.35	12.7	13.34	14.74	13.91
CAF401	09/30/2013	0.168	0.186	0.181	0.256	0.311	10.86	12.53	13.16	14.55	13.81
CAF401	10/01/2013	0.168	0.186	0.181	0.256	0.311	10.33	12.23	12.97	14.45	13.7
CAF401	10/02/2013	0.168	0.186	0.181	0.256	0.311	9.64	11.87	12.72	14.32	13.59
CAF401	10/03/2013	0.168	0.185	0.181	0.255	0.312	9.18	11.48	12.47	14.16	13.49
CAF401	10/04/2013	0.167	0.185	0.181	0.255	0.312	8.72	11.13	12.25	14	13.37
CAF401	10/05/2013	0.167	0.185	0.181	0.255	0.312	8.4	10.8	12	13.82	13.25
CAF401	10/06/2013	0.168	0.184	0.181	0.254	0.312	8.6	10.58	11.73	13.65	13.13
CAF401	10/07/2013	0.168	0.184	0.181	0.254	0.312	8.98	10.59	11.61	13.47	13
CAF401	10/08/2013	0.168	0.184	0.181	0.253	0.312	9.05	10.6	11.51	13.34	12.87
CAF401	10/09/2013	0.168	0.184	0.181	0.253	0.312	8.43	10.52	11.44	13.23	12.76
CAF401	10/10/2013	0.168	0.184	0.181	0.253	0.312	8.1	10.23	11.21	13.13	12.66
CAF401	10/11/2013	0.168	0.184	0.181	0.252	0.312	8.42	10.1	11.13	13	12.56
CAF401	10/12/2013	0.168	0.184	0.181	0.252	0.312	8.83	10.15	11	12.87	12.45
CAF401	10/13/2013	0.169	0.184	0.181	0.252	0.312	8.81	10.2	11	12.79	12.35
CAF401	10/14/2013	0.168	0.184	0.181	0.252	0.312	8.3	10.15	10.95	12.7	12.25
CAF401	10/15/2013	0.168	0.184	0.181	0.252	0.312	7.65	9.85	10.83	12.63	12.17
CAF401	10/16/2013	0.168	0.184	0.181	0.252	0.312	7.59	9.57	10.65	12.53	12.09
CAF401	10/17/2013	0.168	0.184	0.181	0.252	0.312	7.65	9.49	10.47	12.42	12
CAF401	10/18/2013	0.168	0.184	0.181	0.251	0.312	7.4	9.37	10.39	12.31	11.9
CAF401	10/19/2013	0.168	0.184	0.181	0.251	0.312	7.29	9.21	10.27	12.2	11.81
CAF401	10/20/2013	0.168	0.184	0.181	0.251	0.312	7.32	9.17	10.15	12.1	11.72
CAF401	10/21/2013	0.169	0.184	0.181	0.251	0.312	7.47	9.1	10.04	12	11.63
CAF401	10/22/2013	0.169	0.184	0.181	0.251	0.312	7.82	9.16	10	11.91	11.54
CAF401	10/23/2013	0.169	0.184	0.181	0.251	0.312	8.1	9.27	9.97	11.85	11.47
CAF401	10/24/2013	0.17	0.184	0.181	0.251	0.312	8.25	9.37	10	11.8	11.4
CAF401	10/25/2013	0.17	0.184	0.181	0.251	0.312	8.16	9.4	10	11.8	11.31
CAF401	10/26/2013	0.17	0.184	0.181	0.251	0.312	8	9.38	10	11.71	11.3
CAF401	10/27/2013	0.17	0.184	0.181	0.251	0.312	7.72	9.28	9.98	11.7	11.2
CAF401	10/28/2013	0.17	0.184	0.181	0.251	0.312	7.62	9.17	9.9	11.66	11.2
CAF401	10/29/2013	0.169	0.184	0.181	0.251	0.311	6.91	8.96	9.82	11.6	11.12
CAF401	10/30/2013	0.169	0.184	0.181	0.251	0.311	5.92	8.58	9.66	11.53	11.1
CAF401	10/31/2013	0.169	0.183	0.181	0.251	0.311	5.68	8.18	9.42	11.44	11.01
CAF401	11/01/2013	0.169	0.183	0.181	0.25	0.311	5.93	8	9.23	11.31	10.94
CAF401	11/02/2013	0.169	0.183	0.181	0.25	0.311	6.25	8	9.11	11.18	10.86
CAF401	11/03/2013	0.169	0.183	0.181	0.25	0.311	6.21	8.09	9.03	11.09	10.77
CAF401	11/04/2013	0.169	0.183	0.181	0.25	0.311	5.73	7.95	9	11	10.7
CAF401	11/05/2013	0.169	0.183	0.181	0.25	0.31	5.18	7.7	8.83	10.92	10.6
CAF401	11/06/2013	0.169	0.183	0.181	0.25	0.31	4.77	7.4	8.71	10.83	10.52
CAF401	11/07/2013	0.17	0.183	0.181	0.25	0.31	5.11	7.21	8.54	10.72	10.45
CAF401	11/08/2013	0.18	0.183	0.18	0.25	0.31	5.6	7.32	8.44	10.61	10.36
CAF401	11/09/2013	0.182	0.183	0.18	0.249	0.309	5.4	7.39	8.4	10.51	10.28
CAF401	11/10/2013	0.183	0.183	0.18	0.249	0.309	5.51	7.3	8.4	10.47	10.2
CAF401	11/11/2013	0.184	0.183	0.18	0.249	0.309	5.93	7.43	8.4	10.4	10.11
CAF401	11/12/2013	0.184	0.183	0.181	0.249	0.309	6.12	7.53	8.4	10.37	10.07
CAF401	11/13/2013	0.184	0.183	0.181	0.249	0.309	6.28	7.61	8.4	10.3	10
CAF401	11/14/2013	0.184	0.184	0.181	0.249	0.309	5.98	7.67	8.4	10.3	9.96
CAF401	11/15/2013	0.184	0.183	0.181	0.249	0.309	5.65	7.53	8.4	10.3	9.9
CAF401	11/16/2013	0.184	0.183	0.181	0.249	0.309	4.9	7.3	8.32	10.26	9.9
CAF401	11/17/2013	0.187	0.183	0.181	0.249	0.309	4.35	6.94	8.16	10.2	9.82
CAF401	11/18/2013	0.189	0.183	0.181	0.249	0.309	4.59	6.75	8	10.11	9.77
CAF401	11/19/2013	0.192	0.183	0.181	0.249	0.309	4.81	6.7	7.9	10	9.7
CAF401	11/20/2013	0.195	0.183	0.181	0.249	0.309	4.95	6.79	7.8	9.93	9.65
CAF401	11/21/2013	0.199	0.183	0.181	0.249	0.309	3.83	6.59	7.75	9.9	9.6
CAF401	11/22/2013	0.204	0.183	0.181	0.249	0.309	2.97	6.1	7.6	9.8	9.5
CAF401	11/23/2013	0.207	0.183	0.18	0.248	0.309	2.4	5.62	7.35	9.69	9.45
CAF401	11/24/2013	0.209	0.182	0.18	0.248	0.309	2.02	5.24	7.09	9.55	9.36
CAF401	11/25/2013	0.21	0.182	0.18	0.248	0.308	1.78	4.93	6.85	9.4	9.26
CAF401	11/26/2013	0.211	0.182	0.18	0.248	0.308	1.65	4.69	6.64	9.24	9.15
CAF401	11/27/2013	0.211	0.182	0.18	0.248	0.308	1.57	4.52	6.45	9.08	9.04
CAF401	11/28/2013	0.212	0.182	0.18	0.248	0.308	1.49	4.37	6.27	8.95	8.92
CAF401	11/29/2013	0.212	0.182	0.18	0.248	0.308	1.37	4.25	6.16	8.82	8.8
CAF401	11/30/2013	0.212	0.182	0.18	0.248	0.307	1.3	4.12	6.03	8.69	8.68
CAF401	12/01/2013	0.212	0.182	0.18	0.247	0.307	1.3	4.03	5.9	8.57	8.58
CAF401	12/02/2013	0.212	0.182	0.18	0.247	0.307	1.32	3.97	5.76	8.47	8.47
CAF401	12/03/2013	0.213	0.182	0.18	0.247	0.307	1.4	3.9	5.7	8.37	8.37
CAF401	12/04/2013	0.214	0.182	0.18	0.247	0.307	1.4	3.86	5.57	8.27	8.27
CAF401	12/05/2013	0.215	0.182	0.18	0.247	0.306	1.44	3.8	5.52	8.19	8.19
CAF401	12/06/2013	0.216	0.182	0.18	0.247	0.306	1.4	3.8	5.5	8.1	8.1
CAF401	12/07/2013	0.216	0.182	0.18	0.247	0.306	1.21	3.73	5.44	8.03	8
CAF401	12/08/2013	0.216	0.182	0.18	0.247	0.306	0.9	3.62	5.37	7.97	7.93
CAF401	12/09/2013	0.215	0.182	0.18	0.247	0.306	0.55	3.45	5.26	7.89	7.85
CAF401	12/10/2013	0.214	0.182	0.179	0.247	0.306	0.33	3.26	5.14	7.8	7.78
CAF401	12/11/2013	0.211	0.182	0.179	0.247	0.305	0.2	3.14	5.02	7.7	7.66
CAF401	12/12/2013	0.208	0.182	0.179	0.246	0.305	0.2	3.05	4.91	7.61	7.6
CAF401	12/13/2013	0.206	0.182	0.179	0.246	0.305	0.27	3	4.82	7.52	7.51
CAF401	12/14/2013	0.207	0.182	0.179	0.246	0.305	0.3	2.99	4.72	7.43	7.43
CAF401	12/15/2013	0.207	0.182	0.179	0.246	0.305	0.33	2.9	4.7	7.36	7.35
CAF401	12/16/2013	0.208	0.182	0.179	0.246	0.305	0.4	2.9	4.57	7.29	7.28
CAF401	12/17/2013	0.209	0.182	0.179	0.246	0.304	0.42	2.9	4.6	7.2	7.2
CAF401	12/18/2013	0.21	0.182	0.179	0.246	0.304	0.5	2.9	4.52	7.15	7.11
CAF401	12/19/2013	0.21	0.182	0.179	0.246	0.304	0.53	2.9	4.5	7.1	7.05
CAF401	12/20/2013	0.211	0.182	0.179	0.246	0.304	0.6	2.9	4.5	7.03	7
CAF401	12/21/2013	0.211	0.182	0.179	0.246	0.304	0.6	2.88	4.4	7	6.9
CAF401	12/22/2013	0.211	0.182	0.179	0.246	0.304	0.6	2.8	4.4	6.94	6.88
CAF401	12/23/2013	0.211	0.182	0.179	0.246	0.304	0.6	2.8	4.4	6.9	6.8
CAF401	12/24/2013	0.211	0.182	0.179	0.246	0.304	0.6	2.8	4.3	6.86	6.75
CAF401	12/25/2013	0.211	0.182	0.179	0.246	0.304	0.6	2.8	4.3	6.8	6.7
CAF401	12/26/2013	0.211	0.182	0.179	0.246	0.304	0.6	2.8	4.3	6.8	6.64
CAF401	12/27/2013	0.211	0.182	0.179	0.246	0.304	0.6	2.8	4.24	6.7	6.6
CAF401	12/28/2013	0.211	0.182	0.179	0.246	0.304	0.65	2.8	4.2	6.7	6.54
CAF401	12/29/2013	0.211	0.182	0.18	0.246	0.303	0.68	2.72	4.17	6.67	6.5
CAF401	12/30/2013	0.211	0.183	0.18	0.246	0.303	0.6	2.7	4.2	6.6	6.45
CAF401	12/31/2013	0.211	0.183	0.18	0.246	0.303	0.6	2.7	4.14	6.6	6.4
CAF401	01/01/2014	0.211	0.183	0.18	0.246	0.303	0.68	2.7	4.07	6.57	6.38
CAF401	01/02/2014	0.211	0.183	0.18	0.246	0.303	0.7	2.7	4.1	6.5	6.3
CAF401	01/03/2014	0.211	0.183	0.18	0.246	0.303	0.7	2.7	4.1	6.47	6.3
CAF401	01/04/2014	0.211	0.183	0.18	0.246	0.303	0.7	2.6	3.98	6.44	6.22
CAF401	01/05/2014	0.211	0.183	0.18	0.246	0.303	0.62	2.6	4	6.4	6.2
CAF401	01/06/2014	0.211	0.183	0.18	0.246	0.303	0.44	2.6	4	6.4	6.15
CAF401	01/07/2014	0.21	0.183	0.18	0.246	0.303	0.3	2.5	3.93	6.3	6.1
CAF401	01/08/2014	0.209	0.183	0.18	0.246	0.303	0.3	2.5	3.9	6.3	6.1
CAF401	01/09/2014	0.209	0.183	0.18	0.246	0.303	0.3	2.43	3.86	6.27	6.02
CAF401	01/10/2014	0.209	0.183	0.18	0.246	0.303	0.4	2.4	3.8	6.2	6
CAF401	01/11/2014	0.208	0.293	0.294	0.295	0.302	0.36	2	3.42	6.06	5.96
CAF401	01/12/2014	0.211	0.354	0.37	0.348	0.306	0.38	2.04	3.25	5.88	5.85
CAF401	01/13/2014	0.227	0.362	0.376	0.352	0.311	0.47	2.1	3.3	5.8	5.77
CAF401	01/14/2014	0.237	0.358	0.372	0.355	0.315	0.5	2.2	3.3	5.72	5.7
CAF401	01/15/2014	0.239	0.352	0.343	0.357	0.318	0.55	2.25	3.34	5.7	5.6
CAF401	01/16/2014	0.239	0.347	0.329	0.357	0.32	0.6	2.3	3.37	5.71	5.6
CAF401	01/17/2014	0.239	0.343	0.323	0.357	0.321	0.63	2.3	3.34	5.78	5.55
CAF401	01/18/2014	0.239	0.34	0.32	0.355	0.322	0.7	2.35	3.4	5.8	5.5
CAF401	01/19/2014	0.239	0.337	0.317	0.353	0.322	0.7	2.4	3.4	5.78	5.5
CAF401	01/20/2014	0.239	0.335	0.314	0.352	0.323	0.75	2.4	3.4	5.7	5.5
CAF401	01/21/2014	0.239	0.334	0.312	0.351	0.323	0.8	2.4	3.47	5.7	5.5
CAF401	01/22/2014	0.239	0.332	0.31	0.35	0.324	0.8	2.4	3.5	5.7	5.41
CAF401	01/23/2014	0.239	0.331	0.309	0.349	0.324	0.87	2.4	3.5	5.7	5.4
CAF401	01/24/2014	0.239	0.33	0.307	0.348	0.324	0.9	2.4	3.5	5.7	5.4
CAF401	01/25/2014	0.239	0.329	0.306	0.347	0.325	0.9	2.48	3.5	5.7	5.4
CAF401	01/26/2014	0.239	0.328	0.305	0.347	0.325	0.9	2.5	3.5	5.7	5.4
CAF401	01/27/2014	0.238	0.327	0.304	0.346	0.325	0.9	2.5	3.47	5.69	5.32
CAF401	01/28/2014	0.238	0.327	0.303	0.345	0.326	0.9	2.49	3.47	5.6	5.3
CAF401	01/29/2014	0.237	0.326	0.302	0.345	0.326	0.9	2.42	3.5	5.6	5.3
CAF401	01/30/2014	0.237	0.325	0.301	0.344	0.326	0.9	2.4	3.5	5.6	5.3
CAF401	01/31/2014	0.237	0.325	0.301	0.343	0.326	0.9	2.4	3.43	5.6	5.3
CAF401	02/01/2014	0.237	0.324	0.3	0.343	0.326	0.9	2.4	3.4	5.6	5.23
CAF401	02/02/2014	0.237	0.324	0.3	0.342	0.327	0.9	2.4	3.4	5.6	5.2
CAF401	02/03/2014	0.237	0.324	0.3	0.342	0.327	0.9	2.4	3.4	5.54	5.2
CAF401	02/04/2014	0.237	0.323	0.299	0.341	0.327	0.9	2.4	3.4	5.5	5.2
CAF401	02/05/2014	0.237	0.323	0.298	0.341	0.327	0.9	2.4	3.4	5.5	5.2
CAF401	02/06/2014	0.238	0.322	0.298	0.341	0.327	0.9	2.4	3.37	5.5	5.15
CAF401	02/07/2014	0.238	0.322	0.298	0.34	0.328	0.9	2.4	3.4	5.5	5.1
CAF401	02/08/2014	0.237	0.321	0.297	0.34	0.328	0.9	2.4	3.37	5.5	5.1
CAF401	02/09/2014	0.237	0.321	0.297	0.339	0.328	0.9	2.4	3.4	5.5	5.1
CAF401	02/10/2014	0.236	0.321	0.296	0.339	0.328	0.9	2.4	3.37	5.44	5.1
CAF401	02/11/2014	0.236	0.32	0.296	0.339	0.328	0.9	2.4	3.39	5.4	5.1
CAF401	02/12/2014	0.243	0.34	0.34	0.35	0.351	0.69	1.96	3.21	5.34	4.98
CAF401	02/13/2014	0.266	0.36	0.383	0.364	0.377	0.49	1.68	2.9	5.14	4.9
CAF401	02/14/2014	0.315	0.362	0.383	0.365	0.379	0.42	1.7	2.9	5.1	4.86
CAF401	02/15/2014	0.327	0.363	0.384	0.365	0.38	0.49	1.75	2.87	5.1	4.8
CAF401	02/16/2014	0.321	0.365	0.384	0.366	0.382	0.5	1.75	2.84	5.1	4.8
CAF401	02/17/2014	0.313	0.365	0.384	0.366	0.382	0.61	1.89	2.9	5.1	4.8
CAF401	02/18/2014	0.312	0.367	0.385	0.367	0.382	0.67	1.9	2.9	5.1	4.75
CAF401	02/19/2014	0.304	0.368	0.386	0.367	0.382	0.7	1.94	2.9	5.1	4.7
CAF401	02/20/2014	0.287	0.367	0.386	0.367	0.382	0.71	2	2.9	5.1	4.7
CAF401	02/21/2014	0.287	0.366	0.386	0.367	0.382	0.8	2.01	2.9	5.1	4.7
CAF401	02/22/2014	0.282	0.363	0.386	0.367	0.382	0.8	2.07	2.97	5.1	4.7
CAF401	02/23/2014	0.278	0.36	0.384	0.367	0.381	0.85	2.1	3	5.1	4.7
CAF401	02/24/2014	0.275	0.358	0.374	0.367	0.381	0.9	2.12	3	5.1	4.7
CAF401	02/25/2014	0.275	0.356	0.363	0.367	0.38	0.93	2.2	3	5.11	4.7
CAF401	02/26/2014	0.274	0.354	0.359	0.367	0.38	1	2.2	3	5.2	4.7
CAF401	02/27/2014	0.273	0.352	0.356	0.367	0.38	1.01	2.2	3.1	5.2	4.7
CAF401	02/28/2014	0.273	0.351	0.353	0.367	0.381	1.1	2.2	3.07	5.2	4.7
CAF401	03/01/2014	0.274	0.35	0.351	0.366	0.381	1.1	2.2	3.07	5.2	4.7
CAF401	03/02/2014	0.272	0.35	0.349	0.365	0.381	1.1	2.3	3.1	5.2	4.7
CAF401	03/03/2014	0.283	0.349	0.348	0.363	0.381	1.1	2.3	3.1	5.2	4.7
CAF401	03/04/2014	0.3	0.358	0.363	0.364	0.383	1.1	2.28	3.1	5.17	4.67
CAF401	03/05/2014	0.298	0.371	0.385	0.368	0.387	1.46	2.23	3.1	5.1	4.6
CAF401	03/06/2014	0.3	0.372	0.387	0.369	0.388	2.88	2.5	3.12	5.1	4.6
CAF401	03/07/2014	0.29	0.373	0.388	0.369	0.389	3.63	2.95	3.31	5.1	4.59
CAF401	03/08/2014	0.279	0.368	0.388	0.369	0.389	3.8	3.3	3.56	5.17	4.6
CAF401	03/09/2014	0.297	0.369	0.388	0.37	0.39	4.42	3.52	3.78	5.32	4.6
CAF401	03/10/2014	0.293	0.373	0.389	0.37	0.39	5.23	4.01	4.01	5.44	4.66
CAF401	03/11/2014	0.284	0.369	0.391	0.371	0.391	4.67	4.3	4.3	5.61	4.73
CAF401	03/12/2014	0.278	0.366	0.389	0.371	0.391	4.4	4.3	4.43	5.77	4.75
CAF401	03/13/2014	0.273	0.363	0.387	0.371	0.39	4.27	4.3	4.54	5.91	4.86
CAF401	03/14/2014	0.272	0.36	0.375	0.371	0.39	4.34	4.3	4.6	6.02	4.97
CAF401	03/15/2014	0.276	0.358	0.367	0.372	0.389	4.08	4.3	4.66	6.1	5.07
CAF401	03/16/2014	0.272	0.356	0.365	0.371	0.388	4.18	4.3	4.7	6.18	5.12
CAF401	03/17/2014	0.279	0.355	0.363	0.371	0.388	4.53	4.37	4.72	6.21	5.2
CAF401	03/18/2014	0.276	0.354	0.361	0.371	0.389	4.03	4.41	4.8	6.3	5.2
CAF401	03/19/2014	0.27	0.353	0.36	0.371	0.389	3.82	4.29	4.8	6.3	5.23
CAF401	03/20/2014	0.266	0.352	0.357	0.371	0.389	3.75	4.2	4.8	6.35	5.3
CAF401	03/21/2014	0.263	0.35	0.356	0.369	0.389	3.39	4.12	4.79	6.35	5.27
CAF401	03/22/2014	0.259	0.349	0.354	0.368	0.39	3.26	3.99	4.67	6.3	5.2
CAF401	03/23/2014	0.258	0.348	0.352	0.368	0.39	3.45	3.9	4.65	6.3	5.2
CAF401	03/24/2014	0.256	0.347	0.351	0.368	0.391	3.72	3.99	4.63	6.3	5.2
CAF401	03/25/2014	0.254	0.347	0.35	0.368	0.391	3.93	4.07	4.7	6.3	5.2
CAF401	03/26/2014	0.252	0.346	0.35	0.367	0.39	4.2	4.18	4.7	6.3	5.2
CAF401	03/27/2014	0.251	0.346	0.35	0.367	0.39	4.69	4.39	4.7	6.3	5.2
CAF401	03/28/2014	0.252	0.346	0.35	0.368	0.39	4.79	4.57	4.7	6.35	5.27
CAF401	03/29/2014	0.255	0.345	0.35	0.368	0.39	5.1	4.72	4.7	6.4	5.4
CAF401	03/30/2014	0.261	0.345	0.35	0.368	0.39	5.34	4.89	4.7	6.48	5.44
CAF401	03/31/2014	0.26	0.345	0.35	0.368	0.39	5.02	5	4.7	6.55	5.5
CAF401	04/01/2014	0.259	0.345	0.35	0.368	0.39	5.1	5	4.7	6.6	5.57
CAF401	04/02/2014	0.257	0.345	0.35	0.368	0.39	5.23	5.09	4.7	6.69	5.6
CAF401	04/03/2014	0.255	0.345	0.35	0.368	0.391	5.08	5.12	4.7	6.7	5.7
CAF401	04/04/2014	0.254	0.345	0.35	0.369	0.391	5.62	5.21	4.7	6.78	5.71
CAF401	04/05/2014	0.253	0.345	0.35	0.369	0.391	5.59	5.38	4.7	6.77	5.8
CAF401	04/06/2014	0.252	0.345	0.35	0.369	0.391	5.93	5.45	4.7	6.88	5.82
CAF401	04/07/2014	0.252	0.345	0.35	0.369	0.392	6.19	5.67	4.7	6.91	5.9
CAF401	04/08/2014	0.252	0.345	0.35	0.369	0.392	7.15	5.94	4.7	7	5.94
CAF401	04/09/2014	0.251	0.346	0.35	0.369	0.392	7.86	6.39	4.7	7.05	6
CAF401	04/10/2014	0.25	0.346	0.35	0.37	0.392	7.75	6.65	4.7	7.19	6.09
CAF401	04/11/2014	NA	NA	NA	NA	NA	NA	NA	NA	NA	NA
CAF401	04/14/2014	0.247	0.345	0.341	0.37	0.394	7.1	6.7	6.5	7.7	6.45
CAF401	04/15/2014	0.247	0.345	0.34	0.37	0.394	7.48	6.77	6.57	7.7	6.5
CAF401	04/16/2014	0.247	0.345	0.34	0.37	0.394	7.19	6.88	6.65	7.73	6.59
CAF401	04/17/2014	0.246	0.345	0.339	0.369	0.394	7.16	6.8	6.7	7.8	6.61
CAF401	04/18/2014	0.246	0.344	0.339	0.369	0.394	7.23	6.9	6.74	7.81	6.7
CAF401	04/19/2014	0.246	0.344	0.339	0.369	0.392	6.9	6.89	6.8	7.9	6.72
CAF401	04/20/2014	0.246	0.344	0.338	0.37	0.392	7.09	6.87	6.8	7.9	6.8
CAF401	04/21/2014	0.246	0.343	0.338	0.37	0.392	7.73	7.01	6.84	7.93	6.82
CAF401	04/22/2014	0.246	0.344	0.337	0.369	0.392	8.04	7.23	6.95	8	6.9
CAF401	04/23/2014	0.245	0.343	0.337	0.369	0.392	7.35	7.29	7.1	8.05	6.92
CAF401	04/24/2014	0.245	0.343	0.337	0.368	0.392	7.05	7.16	7.1	8.1	7
CAF401	04/25/2014	0.246	0.342	0.336	0.368	0.393	7.25	7.1	7.1	8.14	7.04
CAF401	04/26/2014	0.248	0.342	0.336	0.368	0.393	7.2	7.11	7.1	8.2	7.1
CAF401	04/27/2014	0.248	0.342	0.336	0.368	0.393	7.13	7.15	7.12	8.2	7.1
CAF401	04/28/2014	0.248	0.342	0.335	0.368	0.393	6.83	7.08	7.11	8.2	7.18
CAF401	04/29/2014	0.248	0.341	0.335	0.367	0.393	6.97	7	7.1	8.2	7.2
CAF401	04/30/2014	0.248	0.341	0.335	0.367	0.393	7.7	7.14	7.11	8.2	7.2
CAF401	05/01/2014	0.249	0.341	0.335	0.367	0.393	8.77	7.49	7.23	8.24	7.21
CAF401	05/02/2014	0.249	0.342	0.335	0.367	0.393	9.88	7.98	7.42	8.3	7.3
CAF401	05/03/2014	0.248	0.343	0.335	0.367	0.393	10.59	8.5	7.7	8.42	7.3
CAF401	05/04/2014	0.248	0.343	0.335	0.367	0.393	10.52	8.85	8	8.56	7.4
CAF401	05/05/2014	0.247	0.343	0.335	0.367	0.393	10.42	9.04	8.22	8.73	7.49
CAF401	05/06/2014	0.247	0.343	0.335	0.367	0.394	10.21	9.1	8.37	8.87	7.59
CAF401	05/07/2014	0.246	0.343	0.335	0.367	0.394	9.98	9.1	8.5	9.02	7.7
CAF401	05/08/2014	0.246	0.343	0.335	0.367	0.394	10.13	9.16	8.57	9.13	7.79
CAF401	05/09/2014	0.245	0.343	0.334	0.367	0.394	10.48	9.26	8.64	9.2	7.89
CAF401	05/10/2014	0.244	0.343	0.334	0.367	0.395	10.04	9.35	8.74	9.3	7.98
CAF401	05/11/2014	0.244	0.342	0.334	0.367	0.395	9.78	9.27	8.8	9.39	8.05
CAF401	05/12/2014	0.243	0.342	0.334	0.367	0.395	9.81	9.2	8.8	9.44	8.1
CAF401	05/13/2014	0.243	0.342	0.333	0.367	0.395	10.31	9.28	8.82	9.5	8.2
CAF401	05/14/2014	0.243	0.342	0.333	0.367	0.395	11.03	9.53	8.92	9.54	8.23
CAF401	05/15/2014	0.243	0.341	0.332	0.366	0.395	11.85	9.89	9.06	9.62	8.3
CAF401	05/16/2014	0.242	0.342	0.332	0.366	0.396	12.61	10.32	9.28	9.73	8.37
CAF401	05/17/2014	0.24	0.342	0.332	0.366	0.396	12.7	10.7	9.53	9.87	8.44
CAF401	05/18/2014	0.239	0.341	0.331	0.366	0.396	12.35	10.87	9.78	10.05	8.52
CAF401	05/19/2014	0.237	0.341	0.33	0.366	0.396	12.04	10.86	9.92	10.18	8.63
CAF401	05/20/2014	0.235	0.34	0.329	0.366	0.396	12.1	10.88	10	10.33	8.74
CAF401	05/21/2014	0.234	0.338	0.328	0.366	0.397	12.34	10.97	10.08	10.43	8.84
CAF401	05/22/2014	0.232	0.337	0.326	0.367	0.397	12.65	11.1	10.17	10.54	8.94
CAF401	05/23/2014	0.23	0.336	0.324	0.367	0.397	13.14	11.32	10.32	10.64	9.03
CAF401	05/24/2014	0.228	0.334	0.323	0.367	0.397	13.32	11.55	10.47	10.76	9.13
CAF401	05/25/2014	0.226	0.332	0.321	0.367	0.397	13.32	11.72	10.64	10.88	9.23
CAF401	05/26/2014	0.224	0.33	0.319	0.367	0.397	13.49	11.81	10.76	11.02	9.34
CAF401	05/27/2014	0.221	0.327	0.316	0.366	0.397	13.38	11.94	10.87	11.14	9.44
CAF401	05/28/2014	0.219	0.324	0.314	0.366	0.397	13.19	11.97	10.98	11.24	9.53
CAF401	05/29/2014	0.218	0.323	0.312	0.366	0.397	12.12	11.81	11	11.35	9.63
CAF401	05/30/2014	0.216	0.319	0.31	0.365	0.398	11.95	11.57	11	11.4	9.72
CAF401	05/31/2014	0.213	0.315	0.306	0.365	0.398	12.54	11.55	10.9	11.4	9.8
CAF401	06/01/2014	0.211	0.311	0.302	0.364	0.398	12.92	11.67	10.95	11.5	9.85
CAF401	06/02/2014	0.208	0.306	0.297	0.364	0.397	13.31	11.85	11.03	11.5	9.9
CAF401	06/03/2014	0.205	0.3	0.292	0.363	0.397	13.88	12.08	11.14	11.58	9.95
CAF401	06/04/2014	0.202	0.293	0.286	0.362	0.397	14.13	12.34	11.28	11.65	10
CAF401	06/05/2014	0.199	0.286	0.281	0.361	0.397	14.08	12.48	11.44	11.75	10.1
CAF401	06/06/2014	0.196	0.277	0.275	0.36	0.397	13.71	12.53	11.53	11.85	10.17
CAF401	06/07/2014	0.194	0.267	0.269	0.358	0.397	13.52	12.47	11.6	11.94	10.26
CAF401	06/08/2014	0.192	0.256	0.263	0.355	0.396	13.46	12.41	11.6	12	10.32
CAF401	06/09/2014	0.191	0.248	0.256	0.35	0.396	13.73	12.47	11.6	12.06	10.4
CAF401	06/10/2014	0.189	0.243	0.25	0.343	0.396	13.66	12.54	11.67	12.1	10.44
CAF401	06/11/2014	0.188	0.237	0.248	0.336	0.395	13.45	12.5	11.7	12.15	10.5
CAF401	06/12/2014	0.187	0.232	0.245	0.33	0.395	13.6	12.5	11.7	12.2	10.56
CAF401	06/13/2014	0.187	0.226	0.243	0.325	0.395	13.6	12.58	11.73	12.2	10.6
CAF401	06/14/2014	0.186	0.223	0.241	0.324	0.395	13.26	12.58	11.8	12.3	10.66
CAF401	06/15/2014	0.185	0.222	0.24	0.322	0.395	12.55	12.37	11.78	12.3	10.7
CAF401	06/16/2014	0.185	0.219	0.238	0.318	0.395	12.37	12.16	11.68	12.3	10.7
CAF401	06/17/2014	0.184	0.217	0.236	0.316	0.394	12.03	12.03	11.6	12.3	10.8
CAF401	06/18/2014	0.184	0.217	0.236	0.316	0.394	11.41	11.76	11.51	12.3	10.8
CAF401	06/19/2014	0.184	0.216	0.234	0.312	0.394	11.76	11.6	11.38	12.2	10.8
CAF401	06/20/2014	0.184	0.213	0.232	0.305	0.394	12.57	11.75	11.3	12.2	10.8
CAF401	06/21/2014	0.184	0.212	0.23	0.3	0.394	12.64	11.97	11.4	12.2	10.8
CAF401	06/22/2014	0.184	0.209	0.227	0.294	0.393	12.64	12	11.42	12.2	10.8
CAF401	06/23/2014	0.183	0.207	0.224	0.287	0.393	12.91	12.08	11.5	12.2	10.8
CAF401	06/24/2014	0.183	0.204	0.221	0.281	0.392	13.53	12.28	11.53	12.2	10.8
CAF401	06/25/2014	0.183	0.203	0.218	0.276	0.392	13.57	12.48	11.65	12.27	10.8
CAF401	06/26/2014	0.182	0.201	0.216	0.271	0.391	13.94	12.64	11.75	12.3	10.84
CAF401	06/27/2014	0.182	0.201	0.215	0.271	0.391	13.97	12.79	11.87	12.4	10.9
CAF401	06/28/2014	0.182	0.2	0.213	0.269	0.39	13.84	12.87	11.97	12.45	10.91
CAF401	06/29/2014	0.181	0.199	0.21	0.264	0.39	13.8	12.89	12	12.5	11
CAF401	06/30/2014	0.18	0.197	0.207	0.259	0.389	13.62	12.88	12.08	12.58	11
CAF401	07/01/2014	0.179	0.195	0.203	0.254	0.388	13.79	12.87	12.1	12.6	11.09
CAF401	07/02/2014	0.178	0.192	0.199	0.249	0.387	14.39	12.99	12.1	12.61	11.1
CAF401	07/03/2014	0.178	0.19	0.196	0.248	0.386	15.21	13.31	12.22	12.7	11.11
CAF401	07/04/2014	0.177	0.189	0.193	0.247	0.385	15.39	13.65	12.39	12.75	11.2
CAF401	07/05/2014	0.176	0.187	0.191	0.246	0.384	15.3	13.78	12.53	12.84	11.21
CAF401	07/06/2014	0.175	0.186	0.187	0.244	0.382	15.61	13.89	12.65	12.92	11.3
CAF401	07/07/2014	0.174	0.184	0.185	0.242	0.38	16.06	14.13	12.76	13	11.36
CAF401	07/08/2014	0.174	0.183	0.182	0.241	0.377	16.45	14.36	12.91	13.1	11.4
CAF401	07/09/2014	0.173	0.182	0.18	0.239	0.374	16.89	14.64	13.07	13.19	11.48
CAF401	07/10/2014	0.173	0.181	0.178	0.238	0.37	17.03	14.87	13.25	13.29	11.54
CAF401	07/11/2014	0.172	0.18	0.176	0.237	0.365	17.06	15.03	13.41	13.4	11.6
CAF401	07/12/2014	0.171	0.179	0.175	0.236	0.36	17.22	15.16	13.53	13.5	11.7
CAF401	07/13/2014	0.171	0.178	0.173	0.235	0.355	17.49	15.3	13.65	13.6	11.77
CAF401	07/14/2014	0.171	0.178	0.172	0.234	0.349	18.02	15.53	13.79	13.7	11.83
CAF401	07/15/2014	0.171	0.177	0.172	0.234	0.344	18.27	15.83	13.97	13.81	11.91
CAF401	07/16/2014	0.171	0.177	0.171	0.233	0.338	18.61	16.05	14.15	13.92	12
CAF401	07/17/2014	0.17	0.176	0.17	0.233	0.331	18.89	16.31	14.34	14.05	12.09
CAF401	07/18/2014	0.17	0.176	0.169	0.232	0.326	18.7	16.47	14.51	14.17	12.13
CAF401	07/19/2014	0.169	0.176	0.169	0.232	0.32	18.23	16.39	14.6	14.29	12.17
CAF401	07/20/2014	0.169	0.176	0.169	0.232	0.315	18.51	16.39	14.7	14.4	12.17
CAF401	07/21/2014	0.169	0.176	0.168	0.232	0.309	18.11	16.47	14.77	14.48	12.2
CAF401	07/22/2014	0.168	0.175	0.168	0.232	0.303	17.94	16.36	14.8	14.56	12.29
CAF401	07/23/2014	0.168	0.175	0.168	0.232	0.301	17.86	16.3	14.8	14.6	12.37
CAF401	07/24/2014	0.168	0.175	0.168	0.232	0.299	17.48	16.26	14.8	14.67	12.45
CAF401	07/25/2014	0.167	0.175	0.168	0.233	0.297	16.66	15.98	14.79	14.7	12.58
CAF401	07/26/2014	0.167	0.175	0.167	0.232	0.295	16.38	15.68	14.67	14.7	12.67
CAF401	07/27/2014	0.167	0.175	0.167	0.232	0.292	16.5	15.55	14.58	14.7	12.7
CAF401	07/28/2014	0.168	0.175	0.167	0.232	0.289	17.14	15.63	14.5	14.7	12.8
CAF401	07/29/2014	0.168	0.175	0.166	0.233	0.287	17.87	15.92	14.61	14.7	12.8
CAF401	07/30/2014	0.169	0.175	0.166	0.233	0.285	18.41	16.29	14.75	14.7	12.8
CAF401	07/31/2014	0.169	0.175	0.167	0.233	0.284	18.62	16.55	14.94	14.79	12.83
CAF401	08/01/2014	0.169	0.176	0.167	0.233	0.283	19.09	16.82	15.1	14.89	12.9
CAF401	08/02/2014	0.169	0.176	0.167	0.233	0.283	19.51	17.1	15.28	14.99	12.92
CAF401	08/03/2014	0.17	0.176	0.167	0.233	0.283	19.8	17.4	15.48	15.12	13
CAF401	08/04/2014	0.17	0.176	0.168	0.233	0.283	19.56	17.53	15.65	15.24	13.08
CAF401	08/05/2014	0.169	0.176	0.168	0.234	0.284	19.44	17.55	15.76	15.35	13.18
CAF401	08/06/2014	0.169	0.177	0.168	0.234	0.285	19.33	17.55	15.83	15.45	13.28
CAF401	08/07/2014	0.169	0.177	0.168	0.234	0.286	19.09	17.49	15.9	15.53	13.37
CAF401	08/08/2014	0.169	0.177	0.168	0.234	0.287	18.86	17.43	15.9	15.6	13.45
CAF401	08/09/2014	0.169	0.176	0.168	0.234	0.287	18.4	17.27	15.9	15.66	13.53
CAF401	08/10/2014	0.169	0.176	0.168	0.235	0.288	18.33	17.12	15.81	15.7	13.6
CAF401	08/11/2014	0.169	0.176	0.168	0.235	0.289	18.65	17.13	15.8	15.7	13.63
CAF401	08/12/2014	0.17	0.177	0.168	0.235	0.289	19.3	17.3	15.83	15.7	13.7
CAF401	08/13/2014	0.17	0.177	0.168	0.235	0.29	19.25	17.55	15.95	15.75	13.77
CAF401	08/14/2014	0.19	0.177	0.168	0.235	0.29	18.61	17.46	16	15.8	13.8
CAF401	08/15/2014	0.187	0.177	0.168	0.235	0.29	18.3	17.27	16	15.89	13.87
CAF401	08/16/2014	0.184	0.177	0.168	0.235	0.29	18.05	17.14	15.94	15.9	13.9
CAF401	08/17/2014	0.182	0.176	0.168	0.235	0.291	17.97	17.01	15.9	15.9	14
CAF401	08/18/2014	0.182	0.176	0.168	0.235	0.29	17.98	16.96	15.82	15.9	14
CAF401	08/19/2014	0.181	0.176	0.168	0.235	0.29	18.09	16.98	15.8	15.9	14.02
CAF401	08/20/2014	0.18	0.176	0.168	0.235	0.29	18	17	15.8	15.9	14.1
CAF401	08/21/2014	0.179	0.176	0.168	0.236	0.291	17.57	16.87	15.8	15.9	14.1
CAF401	08/22/2014	0.178	0.176	0.168	0.236	0.291	17.3	16.75	15.8	15.9	14.1
CAF401	08/23/2014	0.177	0.176	0.168	0.236	0.291	16.95	16.55	15.7	15.9	14.19
CAF401	08/24/2014	0.177	0.176	0.168	0.236	0.291	16.74	16.37	15.61	15.9	14.2
CAF401	08/25/2014	0.176	0.176	0.168	0.236	0.29	16.56	16.25	15.51	15.84	14.23
CAF401	08/26/2014	0.176	0.176	0.168	0.236	0.289	16.4	16.08	15.42	15.8	14.3
CAF401	08/27/2014	0.176	0.176	0.168	0.236	0.289	16.5	16	15.35	15.8	14.3
CAF401	08/28/2014	0.176	0.176	0.168	0.236	0.289	16.92	16.07	15.3	15.7	14.3
CAF401	08/29/2014	0.176	0.176	0.168	0.236	0.289	16.96	16.18	15.3	15.7	14.3
CAF401	08/30/2014	0.176	0.176	0.168	0.236	0.289	17.05	16.2	15.35	15.7	14.3
CAF401	08/31/2014	0.175	0.176	0.168	0.236	0.288	16.93	16.22	15.4	15.7	14.3
CAF401	09/01/2014	0.175	0.176	0.168	0.236	0.288	16.47	16.15	15.39	15.7	14.3
CAF401	09/02/2014	0.174	0.176	0.168	0.236	0.287	16.1	15.94	15.3	15.7	14.3
CAF401	09/03/2014	0.174	0.176	0.168	0.236	0.287	16	15.78	15.2	15.7	14.3
CAF401	09/04/2014	0.174	0.176	0.168	0.236	0.286	15.24	15.56	15.12	15.67	14.22
CAF401	09/05/2014	0.173	0.175	0.168	0.236	0.286	15.02	15.27	14.96	15.6	14.2
CAF401	09/06/2014	0.173	0.175	0.168	0.236	0.286	14.99	15.09	14.83	15.53	14.2
CAF401	09/07/2014	0.173	0.175	0.168	0.236	0.286	15.07	15.04	14.73	15.48	14.2
CAF401	09/08/2014	0.173	0.175	0.168	0.236	0.286	15.15	15	14.7	15.4	14.1
CAF401	09/09/2014	0.173	0.175	0.168	0.236	0.285	15.21	15	14.62	15.39	14.1
CAF401	09/10/2014	0.173	0.175	0.168	0.236	0.285	15.09	15	14.6	15.3	14.1
CAF401	09/11/2014	0.173	0.175	0.168	0.236	0.285	14.45	14.85	14.58	15.3	14.03
CAF401	09/12/2014	0.172	0.175	0.167	0.236	0.285	13.8	14.53	14.45	15.27	14
CAF401	09/13/2014	0.172	0.175	0.167	0.236	0.285	13.57	14.24	14.28	15.2	14
CAF401	09/14/2014	0.172	0.175	0.167	0.236	0.284	13.49	14.07	14.13	15.1	13.94
CAF401	09/15/2014	0.172	0.175	0.167	0.236	0.284	13.47	13.96	14.02	15.02	13.9
CAF401	09/16/2014	0.172	0.175	0.167	0.235	0.284	13.86	13.92	13.92	14.94	13.83
CAF401	09/17/2014	0.173	0.175	0.167	0.235	0.284	14.35	14.08	13.9	14.9	13.8
CAF401	09/18/2014	0.173	0.175	0.167	0.235	0.284	14.67	14.26	13.96	14.88	13.75
CAF401	09/19/2014	0.173	0.175	0.167	0.235	0.283	14.93	14.45	14.03	14.85	13.7
CAF401	09/20/2014	0.173	0.175	0.167	0.235	0.283	14.87	14.55	14.1	14.9	13.7
CAF401	09/21/2014	0.173	0.175	0.168	0.236	0.283	14.91	14.58	14.12	14.9	13.7
CAF401	09/22/2014	0.173	0.175	0.168	0.236	0.283	15.07	14.62	14.2	14.9	13.7
CAF401	09/23/2014	0.174	0.175	0.168	0.236	0.283	15.36	14.75	14.2	14.9	13.7
CAF401	09/24/2014	0.174	0.176	0.168	0.236	0.282	15.44	14.87	14.29	14.9	13.7
CAF401	09/25/2014	0.174	0.176	0.168	0.236	0.282	15.18	14.89	14.33	14.96	13.7
CAF401	09/26/2014	0.173	0.176	0.168	0.236	0.282	14.93	14.79	14.33	15	13.7
CAF401	09/27/2014	0.173	0.176	0.168	0.236	0.283	14.58	14.67	14.3	15	13.7
CAF401	09/28/2014	0.173	0.175	0.168	0.236	0.283	14.45	14.53	14.26	15	13.7
CAF401	09/29/2014	0.173	0.175	0.168	0.236	0.283	14.64	14.5	14.2	15	13.7
CAF401	09/30/2014	0.173	0.175	0.168	0.236	0.283	14.36	14.47	14.2	14.94	13.7
CAF401	10/01/2014	0.172	0.175	0.168	0.236	0.283	13.46	14.25	14.14	14.9	13.7
CAF401	10/02/2014	0.172	0.175	0.168	0.236	0.283	12.43	13.78	13.97	14.9	13.7
CAF401	10/03/2014	0.171	0.174	0.167	0.236	0.283	11.55	13.25	13.73	14.82	13.7
CAF401	10/04/2014	0.17	0.174	0.167	0.236	0.283	11.2	12.78	13.44	14.7	13.63
CAF401	10/05/2014	0.17	0.174	0.167	0.236	0.282	11.4	12.57	13.2	14.55	13.58
CAF401	10/06/2014	0.171	0.174	0.167	0.236	0.282	11.7	12.5	13.05	14.43	13.5
CAF401	10/07/2014	0.171	0.174	0.167	0.235	0.282	12.1	12.58	13	14.32	13.41
CAF401	10/08/2014	0.171	0.174	0.167	0.235	0.281	12.3	12.72	13	14.24	13.4
CAF401	10/09/2014	0.171	0.174	0.167	0.235	0.281	12.02	12.75	13	14.2	13.4
CAF401	10/10/2014	0.171	0.174	0.167	0.235	0.281	11.56	12.58	12.92	14.15	13.32
CAF401	10/11/2014	0.171	0.174	0.167	0.235	0.281	11.54	12.4	12.81	14.1	13.3
CAF401	10/12/2014	0.171	0.174	0.167	0.235	0.281	11.48	12.38	12.75	14.04	13.25
CAF401	10/13/2014	0.17	0.174	0.167	0.235	0.28	11.18	12.26	12.68	14	13.2
CAF401	10/14/2014	0.17	0.173	0.167	0.235	0.28	11.25	12.16	12.6	13.9	13.17
CAF401	10/15/2014	0.171	0.173	0.166	0.235	0.28	11.25	12.1	12.5	13.86	13.1
CAF401	10/16/2014	0.172	0.173	0.166	0.235	0.28	10.7	12.03	12.48	13.8	13.07
CAF401	10/17/2014	0.172	0.173	0.166	0.235	0.279	10.17	11.74	12.35	13.75	13
CAF401	10/18/2014	0.172	0.173	0.166	0.235	0.279	10.22	11.51	12.2	13.67	12.99
CAF401	10/19/2014	0.173	0.173	0.166	0.235	0.279	10.55	11.5	12.1	13.59	12.9
CAF401	10/20/2014	0.173	0.173	0.166	0.235	0.279	10.62	11.5	12.03	13.5	12.88
CAF401	10/21/2014	0.173	0.173	0.166	0.235	0.278	10.78	11.57	12	13.46	12.8
CAF401	10/22/2014	0.172	0.173	0.166	0.235	0.278	10.44	11.56	12	13.4	12.8
CAF401	10/23/2014	0.177	0.173	0.166	0.235	0.278	10.41	11.4	11.95	13.39	12.7
CAF401	10/24/2014	0.183	0.173	0.166	0.235	0.278	10.3	11.39	11.9	13.3	12.7
CAF401	10/25/2014	0.18	0.173	0.166	0.235	0.278	10.17	11.29	11.83	13.3	12.66
CAF401	10/26/2014	0.179	0.173	0.166	0.235	0.278	10.18	11.2	11.8	13.2	12.6
CAF401	10/27/2014	0.177	0.173	0.166	0.234	0.278	9.592	11.1	11.7	13.2	12.58
CAF401	10/28/2014	0.176	0.172	0.166	0.234	0.277	9.021	10.8	11.6	13.1	12.5
CAF401	10/29/2014	0.175	0.172	0.166	0.234	0.277	8.804	10.51	11.44	13.04	12.48
CAF401	10/30/2014	0.175	0.172	0.166	0.234	0.277	9.125	10.4	11.29	12.94	12.4
CAF401	10/31/2014	0.175	0.172	0.166	0.234	0.277	9.571	10.49	11.2	12.86	12.32
CAF401	11/01/2014	0.175	0.172	0.166	0.234	0.277	9.858	10.67	11.2	12.8	12.28
CAF401	11/02/2014	0.174	0.172	0.166	0.234	0.277	9.217	10.65	11.24	12.79	12.2
CAF401	11/03/2014	0.174	0.172	0.166	0.234	0.276	8.458	10.35	11.16	12.7	12.19
CAF401	11/04/2014	0.178	0.172	0.166	0.234	0.276	8.421	10.07	11.03	12.67	12.1
CAF401	11/05/2014	0.18	0.172	0.166	0.234	0.276	8.683	10	10.9	12.58	12.08
CAF401	11/06/2014	0.177	0.172	0.166	0.234	0.276	9.158	10.1	10.85	12.5	12
CAF401	11/07/2014	0.176	0.172	0.166	0.234	0.276	9.275	10.27	10.9	12.47	11.92
CAF401	11/08/2014	0.175	0.172	0.166	0.234	0.275	8.392	10.16	10.89	12.4	11.9
CAF401	11/09/2014	0.174	0.172	0.166	0.234	0.275	7.933	9.817	10.76	12.4	11.85
CAF401	11/10/2014	0.174	0.172	0.166	0.234	0.275	7.688	9.613	10.63	12.32	11.8
CAF401	11/11/2014	0.173	0.172	0.166	0.234	0.275	6.508	9.267	10.47	12.25	11.75
CAF401	11/12/2014	0.172	0.171	0.165	0.234	0.275	5.204	8.654	10.22	12.14	11.7
CAF401	11/13/2014	0.171	0.171	0.165	0.233	0.275	4.175	7.925	9.854	11.98	11.6
CAF401	11/14/2014	0.171	0.17	0.165	0.233	0.274	3.517	7.237	9.467	11.78	11.5
CAF401	11/15/2014	0.171	0.17	0.164	0.233	0.274	3.083	6.733	9.096	11.56	11.37
CAF401	11/16/2014	0.17	0.169	0.164	0.233	0.273	2.571	6.3	8.762	11.32	11.23
CAF401	11/17/2014	0.17	0.169	0.164	0.233	0.273	2.05	5.858	8.442	11.1	11.06
CAF401	11/18/2014	0.17	0.169	0.164	0.233	0.272	1.6	5.417	8.125	10.87	10.92
CAF401	11/19/2014	0.17	0.169	0.163	0.232	0.272	1.5	5.079	7.829	10.62	10.74
CAF401	11/20/2014	0.17	0.168	0.163	0.232	0.271	1.558	4.904	7.587	10.42	10.56
CAF401	11/21/2014	0.17	0.168	0.163	0.232	0.271	1.654	4.8	7.396	10.23	10.39
CAF401	11/22/2014	0.17	0.168	0.163	0.232	0.27	1.725	4.725	7.25	10.05	10.23
CAF401	11/23/2014	0.17	0.168	0.163	0.232	0.27	1.825	4.7	7.129	9.896	10.07
CAF401	11/24/2014	0.17	0.168	0.163	0.232	0.269	1.9	4.7	7.025	9.763	9.937
CAF401	11/25/2014	0.17	0.168	0.163	0.232	0.269	1.992	4.625	6.946	9.646	9.796
CAF401	11/26/2014	0.207	0.168	0.163	0.232	0.268	2.542	4.708	6.9	9.538	9.671
CAF401	11/27/2014	0.231	0.169	0.163	0.232	0.268	3.617	5.033	6.908	9.458	9.563
CAF401	11/28/2014	0.235	0.169	0.163	0.232	0.267	4.654	5.546	7.042	9.4	9.479
CAF401	11/29/2014	0.245	0.17	0.164	0.232	0.267	5.258	6.083	7.25	9.4	9.4
CAF401	11/30/2014	0.248	0.17	0.164	0.232	0.267	4.467	6.263	7.454	9.5	9.396
CAF401	12/01/2014	0.245	0.17	0.164	0.232	0.267	3.588	5.963	7.471	9.5	9.317
CAF401	12/02/2014	0.243	0.17	0.164	0.232	0.267	3.092	5.608	7.35	9.5	9.3
CAF401	12/03/2014	0.241	0.17	0.164	0.232	0.267	2.796	5.304	7.187	9.475	9.3
CAF401	12/04/2014	0.239	0.169	0.164	0.232	0.267	2.592	5.075	7.037	9.387	9.217
CAF401	12/05/2014	0.241	0.169	0.164	0.232	0.267	2.438	4.896	6.879	9.3	9.171
CAF401	12/06/2014	0.274	0.169	0.164	0.231	0.266	2.254	4.729	6.754	9.2	9.1
CAF401	12/07/2014	0.276	0.169	0.163	0.231	0.266	2.296	4.575	6.633	9.104	9.013
CAF401	12/08/2014	0.268	0.169	0.163	0.231	0.266	2.579	4.533	6.525	9.013	8.946
CAF401	12/09/2014	0.263	0.169	0.163	0.231	0.266	3.2	4.696	6.5	8.937	8.854
CAF401	12/10/2014	0.262	0.169	0.163	0.231	0.265	3.958	5.021	6.542	8.9	8.792
CAF401	12/11/2014	0.261	0.169	0.164	0.231	0.265	4.633	5.438	6.667	8.9	8.704
CAF401	12/12/2014	0.272	0.169	0.164	0.231	0.265	5.204	5.85	6.85	8.9	8.7
CAF401	12/13/2014	0.291	0.169	0.164	0.231	0.265	5.329	6.158	7.033	8.971	8.7
CAF401	12/14/2014	0.277	0.169	0.164	0.231	0.265	4.879	6.2	7.162	9.021	8.7
CAF401	12/15/2014	0.27	0.169	0.164	0.231	0.265	4.121	5.988	7.183	9.1	8.7
CAF401	12/16/2014	0.265	0.169	0.164	0.231	0.265	3.608	5.637	7.071	9.1	8.7
CAF401	12/17/2014	0.263	0.169	0.164	0.231	0.265	3.479	5.363	6.938	9.058	8.7
CAF401	12/18/2014	0.262	0.169	0.164	0.231	0.265	3.579	5.217	6.817	9	8.687
CAF401	12/19/2014	0.279	0.169	0.164	0.231	0.265	3.863	5.254	6.729	8.917	8.604
CAF401	12/20/2014	0.292	0.17	0.164	0.231	0.265	3.946	5.3	6.7	8.9	8.6
CAF401	12/21/2014	0.305	0.213	0.165	0.23	0.265	4.129	5.308	6.7	8.862	8.6
CAF401	12/22/2014	0.29	0.297	0.165	0.23	0.265	4.492	5.5	6.7	8.8	8.554
CAF401	12/23/2014	0.282	0.302	0.165	0.23	0.265	4.15	5.6	6.7	8.8	8.5
CAF401	12/24/2014	0.296	0.303	0.165	0.23	0.265	3.946	5.517	6.7	8.8	8.5
CAF401	12/25/2014	0.298	0.319	0.165	0.23	0.265	3.792	5.425	6.629	8.763	8.483
CAF401	12/26/2014	0.288	0.318	0.165	0.23	0.265	3.379	5.308	6.546	8.7	8.4
CAF401	12/27/2014	0.28	0.315	0.165	0.23	0.265	3.058	5.129	6.429	8.658	8.4
CAF401	12/28/2014	0.278	0.311	0.165	0.23	0.264	2.838	4.946	6.288	8.588	8.325
CAF401	12/29/2014	0.278	0.308	0.166	0.23	0.264	2.733	4.783	6.158	8.496	8.3
CAF401	12/30/2014	0.274	0.306	0.167	0.23	0.264	2.633	4.675	6.046	8.4	8.212
CAF401	12/31/2014	0.27	0.305	0.17	0.23	0.264	2.463	4.554	5.942	8.308	8.154
CAF401	01/01/2015	0.265	0.303	0.175	0.23	0.264	2.312	4.429	5.838	8.225	8.1
CAF401	01/02/2015	0.26	0.301	0.183	0.23	0.263	2.167	4.292	5.729	8.146	8.004
CAF401	01/03/2015	0.256	0.299	0.19	0.23	0.263	2.071	4.179	5.621	8.054	7.95
CAF401	01/04/2015	0.253	0.297	0.197	0.23	0.263	2	4.087	5.525	7.971	7.896
CAF401	01/05/2015	0.283	0.295	0.202	0.23	0.263	1.904	3.988	5.442	7.888	7.8
CAF401	01/06/2015	0.302	0.307	0.206	0.229	0.263	1.8	3.867	5.35	7.8	7.742
CAF401	01/07/2015	0.298	0.317	0.211	0.229	0.263	1.8	3.8	5.233	7.704	7.679
CAF401	01/08/2015	0.292	0.318	0.219	0.229	0.262	1.8	3.713	5.142	7.608	7.6
CAF401	01/09/2015	0.287	0.316	0.229	0.229	0.262	1.892	3.7	5.1	7.529	7.525
CAF401	01/10/2015	0.284	0.315	0.235	0.229	0.262	1.929	3.7	5.1	7.467	7.463
CAF401	01/11/2015	0.282	0.313	0.239	0.229	0.261	2.092	3.771	5.083	7.4	7.4
CAF401	01/12/2015	0.28	0.312	0.241	0.229	0.261	2.296	3.817	5.096	7.367	7.321
CAF401	01/13/2015	0.278	0.311	0.243	0.229	0.261	2.413	3.9	5.1	7.3	7.288
CAF401	01/14/2015	0.276	0.311	0.244	0.229	0.261	2.425	3.958	5.1	7.3	7.2
CAF401	01/15/2015	0.273	0.31	0.246	0.229	0.261	2.238	3.933	5.1	7.3	7.2
CAF401	01/16/2015	0.272	0.31	0.246	0.229	0.261	2.112	3.9	5.1	7.3	7.146
CAF401	01/17/2015	0.283	0.309	0.247	0.229	0.261	2.079	3.808	5.067	7.217	7.1
CAF401	01/18/2015	0.312	0.33	0.275	0.229	0.26	2.104	3.729	4.983	7.2	7.1
CAF401	01/19/2015	0.297	0.337	0.307	0.229	0.26	2.55	3.775	4.9	7.117	7.021
CAF401	01/20/2015	0.29	0.336	0.309	0.23	0.259	2.642	3.929	4.979	7.1	7
CAF401	01/21/2015	0.285	0.335	0.31	0.23	0.259	2.363	3.917	5	7.1	6.913
CAF401	01/22/2015	0.28	0.333	0.31	0.23	0.259	2.162	3.871	5	7.062	6.9
CAF401	01/23/2015	0.277	0.332	0.31	0.231	0.259	2.092	3.8	4.988	7	6.883
CAF401	01/24/2015	0.279	0.331	0.31	0.231	0.259	2.387	3.8	4.9	6.8	6.8
CAF401	01/25/2015	0.28	0.331	0.31	0.232	0.259	3.125	3.938	4.917	6.55	6.8
CAF401	01/26/2015	0.28	0.331	0.31	0.233	0.259	3.592	4.212	5.025	6.4	6.783
CAF401	01/27/2015	0.28	0.332	0.31	0.233	0.259	3.867	4.458	5.15	6.438	6.7
CAF401	01/28/2015	0.279	0.332	0.311	0.234	0.259	4.033	4.654	5.275	6.517	6.7
CAF401	01/29/2015	0.277	0.332	0.311	0.235	0.259	3.942	4.788	5.392	6.546	6.758
CAF401	01/30/2015	0.276	0.332	0.311	0.236	0.259	3.725	4.8	5.492	6.637	6.804
CAF401	01/31/2015	0.275	0.332	0.311	0.236	0.259	3.554	4.725	5.5	6.712	6.9
CAF401	02/01/2015	0.273	0.331	0.311	0.237	0.259	3.371	4.683	5.5	6.8	6.9
CAF401	02/02/2015	0.282	0.331	0.311	0.238	0.259	3.158	4.583	5.5	6.842	6.925
CAF401	02/03/2015	0.295	0.331	0.311	0.238	0.259	3.242	4.5	5.413	6.9	6.996
CAF401	02/04/2015	0.291	0.331	0.312	0.239	0.259	3.504	4.554	5.4	6.988	6.954
CAF401	02/05/2015	0.289	0.332	0.312	0.24	0.259	3.742	4.637	5.4	7	6.9
CAF401	02/06/2015	0.29	0.333	0.313	0.24	0.259	4.304	4.792	5.496	7.071	6.9
CAF401	02/07/2015	0.301	0.333	0.314	0.241	0.259	4.775	5.058	5.567	7.1	6.9
CAF401	02/08/2015	0.303	0.337	0.317	0.242	0.259	5.1	5.325	5.708	7.183	6.9
CAF401	02/09/2015	0.316	0.345	0.327	0.248	0.259	5.363	5.517	5.85	7.263	6.967
CAF401	02/10/2015	0.315	0.348	0.334	0.325	0.261	5.658	5.746	5.983	7.363	7
CAF401	02/11/2015	0.305	0.347	0.332	0.345	0.263	5.667	5.921	6.137	7.463	7
CAF401	02/12/2015	0.299	0.345	0.33	0.347	0.274	5.692	6	6.242	7.575	7.033
CAF401	02/13/2015	0.294	0.343	0.329	0.349	0.317	5.621	6.083	6.325	7.679	7.1
CAF401	02/14/2015	0.291	0.342	0.328	0.348	0.343	5.496	6.1	6.4	7.758	7.137
CAF401	02/15/2015	0.289	0.341	0.327	0.349	0.348	5.525	6.1	6.4	7.808	7.2
CAF401	02/16/2015	0.286	0.34	0.326	0.35	0.351	5.058	6.071	6.496	7.9	7.208
CAF401	02/17/2015	0.283	0.339	0.326	0.351	0.352	4.387	5.854	6.442	7.9	7.3
CAF401	02/18/2015	0.28	0.338	0.325	0.351	0.353	3.908	5.571	6.346	7.9	7.3
CAF401	02/19/2015	0.279	0.338	0.324	0.351	0.354	3.779	5.342	6.221	7.9	7.3
CAF401	02/20/2015	0.28	0.337	0.324	0.351	0.355	4.1	5.275	6.104	7.9	7.3
CAF401	02/21/2015	0.281	0.337	0.323	0.351	0.356	4.279	5.3	6.096	7.808	7.3
CAF401	02/22/2015	0.28	0.337	0.323	0.351	0.357	3.85	5.271	6.004	7.8	7.3
CAF401	02/23/2015	0.277	0.337	0.323	0.351	0.357	3.225	5.054	5.979	7.8	7.258
CAF401	02/24/2015	0.274	0.336	0.322	0.351	0.358	2.85	4.783	5.85	7.737	7.2
CAF401	02/25/2015	0.272	0.336	0.322	0.351	0.358	2.621	4.546	5.7	7.671	7.2
CAF401	02/26/2015	0.27	0.335	0.322	0.351	0.358	2.504	4.354	5.55	7.592	7.175
CAF401	02/27/2015	0.271	0.335	0.321	0.351	0.358	2.617	4.242	5.433	7.5	7.1
CAF401	02/28/2015	0.271	0.335	0.321	0.351	0.358	2.75	4.2	5.333	7.404	7.067
CAF401	03/01/2015	0.271	0.335	0.321	0.351	0.358	2.529	4.179	5.3	7.338	7
CAF401	03/02/2015	0.269	0.335	0.321	0.351	0.359	2.333	4.062	5.2	7.296	6.971
CAF401	03/03/2015	0.268	0.335	0.32	0.35	0.359	2.225	3.954	5.121	7.2	6.9
CAF401	03/04/2015	0.267	0.334	0.32	0.351	0.359	2.154	3.863	5.042	7.137	6.883
CAF401	03/05/2015	0.266	0.334	0.32	0.351	0.359	2.046	3.779	4.971	6.979	6.8
CAF401	03/06/2015	0.265	0.334	0.32	0.352	0.359	2.008	3.7	4.9	6.488	6.783
CAF401	03/07/2015	0.264	0.334	0.319	0.352	0.359	2.154	3.612	4.804	6.4	6.7
CAF401	03/08/2015	0.265	0.334	0.319	0.352	0.359	2.525	3.692	4.8	6.321	6.662
CAF401	03/09/2015	0.266	0.334	0.319	0.352	0.359	2.796	3.808	4.8	6.3	6.6
CAF401	03/10/2015	0.266	0.334	0.319	0.352	0.359	3.137	3.954	4.817	6.242	6.6
CAF401	03/11/2015	0.266	0.334	0.319	0.352	0.359	3.675	4.129	4.9	6.2	6.512
CAF401	03/12/2015	0.267	0.335	0.319	0.352	0.359	4.329	4.429	5.008	6.2	6.5
CAF401	03/13/2015	0.267	0.335	0.319	0.352	0.359	4.675	4.754	5.154	6.246	6.5
CAF401	03/14/2015	0.267	0.335	0.32	0.352	0.359	5.071	5	5.338	6.313	6.512
CAF401	03/15/2015	0.281	0.335	0.32	0.352	0.359	5.65	5.304	5.496	6.4	6.6
CAF401	03/16/2015	0.3	0.336	0.32	0.352	0.359	5.896	5.621	5.692	6.508	6.6
CAF401	03/17/2015	0.297	0.338	0.322	0.353	0.36	5.983	5.833	5.871	6.621	6.696
CAF401	03/18/2015	0.309	0.341	0.325	0.354	0.36	5.896	5.963	6.033	6.737	6.742
CAF401	03/19/2015	0.302	0.345	0.329	0.357	0.361	5.863	6.029	6.142	6.842	6.804
CAF401	03/20/2015	0.297	0.345	0.33	0.362	0.363	5.979	6.087	6.217	6.925	6.9
CAF401	03/21/2015	0.294	0.344	0.33	0.364	0.363	6.342	6.208	6.3	7	6.946
CAF401	03/22/2015	0.291	0.344	0.33	0.364	0.363	6.3	6.379	6.421	7.1	7
CAF401	03/23/2015	0.3	0.343	0.33	0.364	0.363	6.263	6.4	6.5	7.179	7.1
CAF401	03/24/2015	0.313	0.349	0.335	0.367	0.365	6.025	6.4	6.575	7.25	7.146
CAF401	03/25/2015	0.306	0.353	0.351	0.373	0.375	5.592	6.338	6.6	7.3	7.2
CAF401	03/26/2015	0.303	0.352	0.349	0.373	0.376	5.904	6.246	6.6	7.338	7.263
CAF401	03/27/2015	0.3	0.351	0.349	0.373	0.377	6.65	6.417	6.6	7.4	7.3
CAF401	03/28/2015	0.309	0.352	0.349	0.374	0.377	7.354	6.746	6.696	7.408	7.358
CAF401	03/29/2015	0.304	0.353	0.351	0.375	0.377	7.162	6.983	6.863	7.504	7.4
CAF401	03/30/2015	0.299	0.352	0.35	0.375	0.378	7.242	7.062	6.983	7.608	7.475
CAF401	03/31/2015	0.296	0.351	0.349	0.375	0.378	7.475	7.167	7.079	7.7	7.525
CAF401	04/01/2015	0.292	0.35	0.347	0.375	0.378	7.054	7.254	7.183	7.8	7.6
CAF401	04/02/2015	0.289	0.348	0.341	0.375	0.378	6.579	7.137	7.2	7.9	7.679
CAF401	04/03/2015	0.287	0.347	0.337	0.375	0.377	6.171	6.958	7.2	7.958	7.7
CAF401	04/04/2015	0.286	0.345	0.336	0.375	0.378	6.246	6.804	7.104	8	7.792
CAF401	04/05/2015	0.284	0.345	0.335	0.374	0.377	6.158	6.8	7.1	8	7.8
CAF401	04/06/2015	0.283	0.344	0.333	0.374	0.375	6.137	6.733	7.046	8	7.8
CAF401	04/07/2015	0.287	0.343	0.333	0.372	0.374	5.908	6.679	7	8	7.8
CAF401	04/08/2015	0.288	0.343	0.332	0.371	0.374	6.108	6.608	7	8	7.838
CAF401	04/09/2015	0.286	0.343	0.332	0.37	0.374	6.188	6.679	7	8	7.896
CAF401	04/10/2015	0.286	0.343	0.332	0.369	0.374	6.425	6.708	7	8	7.9
CAF401	04/11/2015	0.286	0.343	0.332	0.369	0.374	6.917	6.867	7.004	8	7.9
CAF401	04/12/2015	0.286	0.343	0.331	0.368	0.374	6.787	7	7.1	8	7.9
CAF401	04/13/2015	0.284	0.343	0.331	0.368	0.374	6.567	7	7.146	8.038	7.9
CAF401	04/14/2015	0.284	0.343	0.331	0.368	0.374	6.804	7	7.2	8.1	7.9
CAF401	04/15/2015	0.284	0.343	0.331	0.368	0.371	6.442	7	7.2	8.1	7.967
CAF401	04/16/2015	0.283	0.343	0.331	0.367	0.37	6.279	6.9	7.2	8.1	8
CAF401	04/17/2015	0.282	0.343	0.331	0.367	0.371	6.621	6.9	7.2	8.1	8
CAF401	04/18/2015	0.282	0.343	0.331	0.367	0.371	7.117	7.046	7.2	8.1	8
CAF401	04/19/2015	0.281	0.343	0.331	0.367	0.371	7.263	7.229	7.271	8.138	8
CAF401	04/20/2015	0.28	0.343	0.331	0.368	0.371	7.525	7.363	7.354	8.229	8.079
CAF401	04/21/2015	0.28	0.343	0.331	0.367	0.371	8.096	7.554	7.45	8.296	8.1
CAF401	04/22/2015	0.279	0.343	0.331	0.366	0.371	8.567	7.842	7.587	8.429	8.1
CAF401	04/23/2015	0.276	0.344	0.331	0.366	0.371	8.15	8	7.75	8.658	8.183
CAF401	04/24/2015	0.274	0.343	0.331	0.365	0.371	7.933	7.975	7.833	8.9	8.221
CAF401	04/25/2015	0.273	0.343	0.331	0.365	0.372	7.8	7.9	7.9	9.05	8.3
CAF401	04/26/2015	0.271	0.343	0.331	0.365	0.371	7.671	7.9	7.9	9.125	8.337
CAF401	04/27/2015	0.27	0.343	0.33	0.364	0.372	7.746	7.9	7.9	9.2	8.4
CAF401	04/28/2015	0.27	0.343	0.33	0.364	0.372	8.375	7.963	7.908	9.2	8.442
CAF401	04/29/2015	0.273	0.343	0.331	0.364	0.372	9.187	8.261	8.022	9.278	8.443
CAF401	04/30/2015	0.273	0.343	0.331	0.364	0.373	9.1	8.508	8.167	9.337	8.471
CAF401	05/01/2015	0.272	0.343	0.331	0.364	0.373	9.246	8.625	8.292	9.437	8.5
CAF401	05/02/2015	0.274	0.343	0.331	0.364	0.373	9.658	8.779	8.417	9.508	8.596
CAF401	05/03/2015	0.273	0.343	0.331	0.364	0.373	9.742	8.967	8.538	9.608	8.633
CAF401	05/04/2015	0.274	0.343	0.331	0.364	0.373	9.996	9.075	8.65	9.7	8.7
CAF401	05/05/2015	0.276	0.344	0.33	0.364	0.373	10.46	9.3	8.763	9.796	8.783
CAF401	05/06/2015	0.274	0.344	0.33	0.364	0.374	10.15	9.45	8.925	9.887	8.854
CAF401	05/07/2015	0.273	0.344	0.33	0.364	0.374	10.04	9.4	9	9.987	8.921
CAF401	05/08/2015	0.272	0.343	0.33	0.364	0.374	10.24	9.475	9.058	10.06	9
CAF401	05/09/2015	0.272	0.343	0.33	0.364	0.374	10.61	9.596	9.125	10.11	9.092
CAF401	05/10/2015	0.272	0.343	0.33	0.364	0.374	10.85	9.771	9.233	10.2	9.146
CAF401	05/11/2015	0.271	0.344	0.33	0.364	0.374	11.12	9.95	9.358	10.28	9.217
CAF401	05/12/2015	0.271	0.344	0.33	0.364	0.375	11.52	10.15	9.487	10.37	9.3
CAF401	05/13/2015	0.298	0.343	0.33	0.364	0.375	11.48	10.36	9.642	10.46	9.375
CAF401	05/14/2015	0.31	0.345	0.332	0.364	0.375	10.88	10.36	9.763	10.56	9.458
CAF401	05/15/2015	0.306	0.346	0.333	0.365	0.375	11.19	10.33	9.8	10.61	9.542
CAF401	05/16/2015	0.311	0.347	0.335	0.365	0.375	11.26	10.4	9.879	10.71	9.621
CAF401	05/17/2015	0.327	0.353	0.34	0.366	0.376	11.56	10.54	9.946	10.8	9.7
CAF401	05/18/2015	0.313	0.355	0.345	0.372	0.377	11.88	10.74	10.06	10.89	9.792
CAF401	05/19/2015	0.308	0.354	0.344	0.376	0.377	12.49	10.95	10.21	10.98	9.875
CAF401	05/20/2015	0.304	0.354	0.344	0.377	0.378	13.04	11.25	10.36	11.09	9.958
CAF401	05/21/2015	0.301	0.353	0.343	0.377	0.378	13.47	11.55	10.56	11.23	10.06
CAF401	05/22/2015	0.299	0.353	0.342	0.378	0.379	13.9	11.85	10.76	11.37	10.15
CAF401	05/23/2015	0.296	0.352	0.342	0.377	0.378	13.87	12.13	10.98	11.53	10.27
CAF401	05/24/2015	0.295	0.352	0.341	0.376	0.378	13.89	12.25	11.15	11.67	10.38
CAF401	05/25/2015	0.295	0.351	0.341	0.375	0.379	14.22	12.4	11.31	11.82	10.51
CAF401	05/26/2015	0.293	0.351	0.341	0.375	0.379	14.12	12.56	11.46	11.95	10.62
CAF401	05/27/2015	0.29	0.351	0.34	0.374	0.379	13.75	12.58	11.59	12.07	10.72
CAF401	05/28/2015	0.29	0.351	0.34	0.374	0.379	14.04	12.58	11.67	12.18	10.82
CAF401	05/29/2015	0.291	0.35	0.34	0.374	0.38	14.71	12.76	11.75	12.28	10.93
CAF401	05/30/2015	0.291	0.351	0.34	0.373	0.38	15.49	13.1	11.92	12.37	11.03
CAF401	05/31/2015	0.29	0.351	0.34	0.373	0.38	15.99	13.48	12.13	12.48	11.12
CAF401	06/01/2015	0.288	0.352	0.339	0.373	0.38	16.24	13.8	12.37	12.64	11.23
CAF401	06/02/2015	0.286	0.351	0.339	0.373	0.381	15.65	13.9	12.58	12.8	11.34
CAF401	06/03/2015	0.284	0.351	0.339	0.373	0.381	14.9	13.81	12.7	12.95	11.46
CAF401	06/04/2015	0.28	0.35	0.339	0.373	0.382	14.71	13.65	12.7	13.06	11.57
CAF401	06/05/2015	0.276	0.35	0.338	0.372	0.382	15.03	13.6	12.7	13.13	11.67
CAF401	06/06/2015	0.27	0.35	0.338	0.372	0.382	15.47	13.73	12.76	13.2	11.76
CAF401	06/07/2015	0.262	0.35	0.337	0.372	0.382	16.09	13.94	12.84	13.26	11.83
CAF401	06/08/2015	0.253	0.35	0.337	0.372	0.382	16.84	14.27	13	13.34	11.9
CAF401	06/09/2015	0.245	0.351	0.337	0.372	0.383	17.54	14.67	13.22	13.45	12
CAF401	06/10/2015	0.238	0.351	0.336	0.371	0.383	17.61	15.03	13.47	13.6	12.08
CAF401	06/11/2015	0.228	0.351	0.336	0.371	0.383	17.48	15.17	13.68	13.75	12.19
CAF401	06/12/2015	0.217	0.351	0.335	0.37	0.383	17.3	15.23	13.83	13.91	12.25
CAF401	06/13/2015	0.211	0.35	0.334	0.37	0.384	16.74	15.18	13.92	14.04	12.39
CAF401	06/14/2015	0.208	0.349	0.333	0.37	0.384	16.32	15.05	14	14.14	12.53
CAF401	06/15/2015	0.205	0.348	0.331	0.369	0.384	16.28	14.9	13.9	14.2	12.63
CAF401	06/16/2015	0.202	0.346	0.33	0.369	0.384	16.42	14.9	13.9	14.26	12.73
CAF401	06/17/2015	0.199	0.344	0.328	0.368	0.384	16.72	14.96	13.94	14.3	12.83
CAF401	06/18/2015	0.197	0.342	0.326	0.368	0.384	16.81	15.06	14	14.33	12.9
CAF401	06/19/2015	0.196	0.339	0.323	0.368	0.384	16.87	15.1	14.08	14.4	12.99
CAF401	06/20/2015	0.195	0.336	0.322	0.367	0.384	16.59	15.14	14.1	14.46	13.05
CAF401	06/21/2015	0.195	0.331	0.319	0.366	0.384	16.37	15.08	14.18	14.5	13.1
CAF401	06/22/2015	0.194	0.326	0.316	0.366	0.384	16.25	14.99	14.2	14.59	13.19
CAF401	06/23/2015	0.194	0.319	0.312	0.365	0.384	16.38	14.99	14.16	14.6	13.2
CAF401	06/24/2015	0.194	0.312	0.307	0.364	0.383	16.38	15	14.2	14.6	13.29
CAF401	06/25/2015	0.193	0.302	0.302	0.363	0.382	16.45	15	14.2	14.67	13.3
CAF401	06/26/2015	0.193	0.29	0.296	0.363	0.382	16.72	15.08	14.2	14.7	13.38
CAF401	06/27/2015	0.193	0.273	0.289	0.362	0.381	17.15	15.23	14.27	14.7	13.4
CAF401	06/28/2015	0.193	0.255	0.281	0.361	0.379	17.71	15.43	14.36	14.8	13.45
CAF401	06/29/2015	0.193	0.244	0.273	0.36	0.378	18.36	15.74	14.5	14.85	13.5
CAF401	06/30/2015	0.193	0.237	0.264	0.359	0.377	18.4	16	14.67	14.95	13.58
CAF401	07/01/2015	0.193	0.228	0.254	0.357	0.376	18.3	16.13	14.83	15.05	13.65
CAF401	07/02/2015	0.192	0.22	0.247	0.355	0.375	18.18	16.19	14.9	15.15	13.73
CAF401	07/03/2015	0.192	0.213	0.24	0.351	0.373	18.17	16.21	14.99	15.22	13.81
CAF401	07/04/2015	0.191	0.208	0.233	0.344	0.371	18.25	16.28	15.01	15.3	13.9
CAF401	07/05/2015	0.19	0.204	0.224	0.332	0.366	18.26	16.35	15.1	15.36	13.98
CAF401	07/06/2015	0.189	0.201	0.215	0.316	0.359	18.15	16.4	15.14	15.4	14
CAF401	07/07/2015	0.188	0.199	0.207	0.297	0.349	18.16	16.4	15.2	15.47	14.09
CAF401	07/08/2015	0.187	0.197	0.2	0.277	0.337	18.23	16.46	15.2	15.5	14.1
CAF401	07/09/2015	0.186	0.194	0.193	0.258	0.325	18.33	16.53	15.3	15.53	14.15
CAF401	07/10/2015	0.186	0.193	0.19	0.249	0.317	18.6	16.65	15.33	15.6	14.22
CAF401	07/11/2015	0.185	0.193	0.19	0.249	0.316	18.32	16.72	15.42	15.6	14.3
CAF401	07/12/2015	0.185	NA	0.189	0.248	0.311	17.92	NA	15.5	15.7	14.31
