CAF209	05/14/2011	0.281	0.394	0.417	0.392	0.373	13.93	10.53	8.87	8.3	7.4
CAF209	05/15/2011	0.277	0.395	0.417	0.392	0.373	13.05	10.95	9.15	8.39	7.49
CAF209	05/16/2011	0.293	0.41	0.417	0.392	0.373	10.85	11	9.47	8.55	7.59
CAF209	05/17/2011	0.299	0.41	0.418	0.393	0.373	9.99	10.49	9.6	8.72	7.72
CAF209	05/18/2011	0.298	0.403	0.417	0.393	0.373	11.11	10.36	9.53	8.83	7.83
CAF209	05/19/2011	0.297	0.401	0.417	0.393	0.373	12.18	10.56	9.55	8.9	7.92
CAF209	05/20/2011	0.292	0.4	0.419	0.393	0.373	13.06	10.92	9.66	8.98	8
CAF209	05/21/2011	0.287	0.401	0.42	0.393	0.373	13.89	11.42	9.86	9.06	8.08
CAF209	05/22/2011	0.28	0.401	0.42	0.393	0.373	13.63	11.8	10.14	9.16	8.16
CAF209	05/23/2011	0.273	0.401	0.421	0.394	0.373	13.01	11.87	10.44	9.31	8.25
CAF209	05/24/2011	0.267	0.399	0.421	0.394	0.373	12.49	11.85	10.58	9.45	8.36
CAF209	05/25/2011	0.261	0.398	0.421	0.394	0.373	11.89	11.67	10.59	9.57	8.47
CAF209	05/26/2011	0.256	0.422	0.42	0.394	0.373	11.36	11.54	10.67	9.67	8.57
CAF209	05/27/2011	0.257	0.41	0.42	0.394	0.373	11.05	11.29	10.7	9.72	8.65
CAF209	05/28/2011	0.255	0.403	0.419	0.394	0.373	11.25	11.15	10.62	9.8	8.7
CAF209	05/29/2011	0.254	0.4	0.418	0.394	0.373	11.72	11.15	10.6	9.8	8.8
CAF209	05/30/2011	0.252	0.399	0.418	0.394	0.372	11.79	11.22	10.6	9.8	8.8
CAF209	05/31/2011	0.25	0.398	0.418	0.394	0.372	11.99	11.29	10.6	9.82	8.85
CAF209	06/01/2011	0.248	0.397	0.418	0.393	0.372	11.77	11.4	10.64	9.9	8.9
CAF209	06/02/2011	0.247	0.396	0.418	0.393	0.373	10.98	11.32	10.67	9.9	8.9
CAF209	06/03/2011	0.246	0.394	0.417	0.393	0.372	10.63	11.01	10.64	9.95	9
CAF209	06/04/2011	0.246	0.392	0.417	0.393	0.372	12.1	11.04	10.6	10	9
CAF209	06/05/2011	0.245	0.392	0.416	0.392	0.371	13.37	11.43	10.63	10	9
CAF209	06/06/2011	0.244	0.392	0.417	0.392	0.371	13.88	11.95	10.75	10	9.06
CAF209	06/07/2011	0.242	0.391	0.417	0.392	0.37	13.71	12.17	11	10.07	9.1
CAF209	06/08/2011	0.24	0.389	0.417	0.392	0.37	13.2	12.32	11.17	10.16	9.15
CAF209	06/09/2011	0.238	0.386	0.416	0.392	0.369	12.31	12.19	11.25	10.26	9.21
CAF209	06/10/2011	0.236	0.382	0.416	0.392	0.369	12.98	12.1	11.3	10.35	9.3
CAF209	06/11/2011	0.234	0.376	0.414	0.391	0.368	13.8	12.28	11.35	10.4	9.37
CAF209	06/12/2011	0.233	0.369	0.413	0.39	0.367	14.57	12.6	11.47	10.48	9.41
CAF209	06/13/2011	0.231	0.362	0.412	0.39	0.366	14.44	12.96	11.65	10.55	9.5
CAF209	06/14/2011	0.228	0.35	0.411	0.389	0.365	13.89	12.96	11.82	10.65	9.56
CAF209	06/15/2011	0.226	0.334	0.409	0.388	0.364	13.82	12.99	11.9	10.75	9.64
CAF209	06/16/2011	0.224	0.325	0.407	0.388	0.364	12.8	12.92	11.97	10.83	9.71
CAF209	06/17/2011	0.222	0.312	0.405	0.387	0.363	12.5	12.59	11.96	10.9	9.8
CAF209	06/18/2011	0.222	0.295	0.402	0.386	0.362	13.07	12.59	11.9	10.97	9.86
CAF209	06/19/2011	0.221	0.289	0.4	0.386	0.362	12.8	12.57	11.9	11	9.9
CAF209	06/20/2011	0.22	0.27	0.397	0.385	0.36	13.48	12.59	11.9	11	9.94
CAF209	06/21/2011	0.22	0.251	0.391	0.383	0.358	14.42	12.85	11.9	11	10
CAF209	06/22/2011	0.22	0.241	0.386	0.381	0.356	15.46	13.24	12.03	11.09	10
CAF209	06/23/2011	0.219	0.235	0.38	0.377	0.353	16.1	13.72	12.2	11.12	10.08
CAF209	06/24/2011	0.217	0.23	0.376	0.374	0.35	15.06	13.93	12.43	11.22	10.1
CAF209	06/25/2011	0.216	0.224	0.372	0.371	0.348	14.65	13.86	12.57	11.33	10.2
CAF209	06/26/2011	0.215	0.22	0.368	0.366	0.345	14.6	13.77	12.6	11.43	10.28
CAF209	06/27/2011	0.215	0.215	0.364	0.36	0.341	15.35	13.88	12.69	11.5	10.35
CAF209	06/28/2011	0.215	0.211	0.361	0.353	0.337	16.17	14.14	12.75	11.6	10.4
CAF209	06/29/2011	0.215	0.209	0.358	0.349	0.334	16.41	14.45	12.87	11.66	10.5
CAF209	06/30/2011	0.214	0.208	0.354	0.343	0.331	16.01	14.59	13.04	11.73	10.55
CAF209	07/01/2011	0.213	0.206	0.351	0.336	0.327	15.52	14.58	13.13	11.83	10.61
CAF209	07/02/2011	0.213	0.203	0.347	0.328	0.323	15.96	14.59	13.2	11.92	10.7
CAF209	07/03/2011	0.213	0.202	0.343	0.322	0.318	16.94	14.85	13.25	12	10.78
CAF209	07/04/2011	0.213	0.2	0.34	0.318	0.314	17.03	15.14	13.39	12.09	10.83
CAF209	07/05/2011	0.212	0.199	0.337	0.313	0.309	17.24	15.32	13.54	12.17	10.9
CAF209	07/06/2011	0.212	0.198	0.333	0.309	0.305	17.71	15.55	13.67	12.28	11
CAF209	07/07/2011	0.212	0.197	0.33	0.305	0.3	18.3	15.84	13.84	12.38	11.08
CAF209	07/08/2011	0.211	0.196	0.328	0.302	0.296	18.1	16.08	14.03	12.49	11.15
CAF209	07/09/2011	0.21	0.196	0.327	0.301	0.293	17.26	16.04	14.17	12.62	11.24
CAF209	07/10/2011	0.209	0.195	0.324	0.299	0.29	17.13	15.97	14.26	12.74	11.33
CAF209	07/11/2011	0.209	0.194	0.321	0.296	0.286	17.47	15.97	14.3	12.79	11.38
CAF209	07/12/2011	0.209	0.194	0.319	0.296	0.284	18.17	16.15	14.35	12.9	11.5
CAF209	07/13/2011	0.208	0.194	0.319	0.296	0.284	17.51	16.33	14.47	12.99	11.59
CAF209	07/14/2011	0.206	0.193	0.318	0.297	0.284	15.97	16.05	14.5	13.07	11.65
CAF209	07/15/2011	0.205	0.193	0.316	0.295	0.282	15.67	15.65	14.47	13.13	11.71
CAF209	07/16/2011	0.206	0.192	0.313	0.294	0.28	16.43	15.59	14.38	13.2	11.8
CAF209	07/17/2011	0.206	0.192	0.311	0.293	0.278	16.88	15.69	14.3	13.2	11.8
CAF209	07/18/2011	0.207	0.192	0.308	0.291	0.274	17.85	15.95	14.37	13.2	11.88
CAF209	07/19/2011	0.206	0.192	0.307	0.29	0.271	17.76	16.26	14.49	13.23	11.9
CAF209	07/20/2011	0.205	0.191	0.306	0.289	0.269	16.94	16.22	14.6	13.3	11.93
CAF209	07/21/2011	0.205	0.191	0.305	0.288	0.268	16.89	16.14	14.7	13.38	12
CAF209	07/22/2011	0.205	0.19	0.303	0.287	0.265	17.23	16.14	14.7	13.4	12.05
CAF209	07/23/2011	0.204	0.19	0.301	0.286	0.263	16.97	16.16	14.7	13.49	12.1
CAF209	07/24/2011	0.205	0.19	0.299	0.285	0.26	17.68	16.25	14.71	13.5	12.12
CAF209	07/25/2011	0.206	0.189	0.297	0.284	0.257	18.94	16.58	14.82	13.54	12.2
CAF209	07/26/2011	0.206	0.19	0.296	0.284	0.256	18.96	16.96	14.97	13.6	12.2
CAF209	07/27/2011	0.205	0.19	0.296	0.284	0.255	18.49	17.06	15.15	13.69	12.3
CAF209	07/28/2011	0.205	0.189	0.295	0.284	0.255	18.33	17.06	15.27	13.78	12.34
CAF209	07/29/2011	0.205	0.189	0.294	0.284	0.254	18.71	17.14	15.33	13.87	12.4
CAF209	07/30/2011	0.205	0.189	0.293	0.283	0.253	19.2	17.29	15.43	13.94	12.5
CAF209	07/31/2011	0.206	0.189	0.292	0.283	0.253	19.9	17.57	15.55	14.02	12.55
CAF209	08/01/2011	0.206	0.189	0.291	0.284	0.253	20.03	17.85	15.7	14.1	12.6
CAF209	08/02/2011	0.207	0.189	0.291	0.284	0.253	20.23	18.04	15.87	14.22	12.7
CAF209	08/03/2011	0.207	0.19	0.29	0.284	0.253	20.42	18.23	16.04	14.32	12.78
CAF209	08/04/2011	0.207	0.19	0.29	0.285	0.254	20.38	18.36	16.2	14.43	12.86
CAF209	08/05/2011	0.208	0.19	0.29	0.286	0.254	21.04	18.53	16.34	14.55	12.95
CAF209	08/06/2011	0.207	0.19	0.291	0.287	0.255	20.74	18.73	16.49	14.66	13.04
CAF209	08/07/2011	0.207	0.191	0.291	0.288	0.257	20.45	18.75	16.64	14.78	13.13
CAF209	08/08/2011	0.207	0.191	0.292	0.289	0.258	20.42	18.75	16.74	14.89	13.22
CAF209	08/09/2011	0.207	0.191	0.292	0.29	0.259	20.34	18.78	16.81	14.99	13.31
CAF209	08/10/2011	0.206	0.191	0.292	0.291	0.26	20.06	18.79	16.9	15.08	13.4
CAF209	08/11/2011	0.206	0.191	0.292	0.292	0.261	19.75	18.7	16.9	15.17	13.49
CAF209	08/12/2011	0.206	0.191	0.292	0.293	0.262	19.74	18.61	16.9	15.23	13.55
CAF209	08/13/2011	0.207	0.191	0.292	0.293	0.263	20.62	18.7	16.94	15.3	13.6
CAF209	08/14/2011	0.207	0.191	0.293	0.294	0.264	20.72	18.92	17.03	15.33	13.69
CAF209	08/15/2011	0.207	0.191	0.293	0.294	0.265	20.4	18.96	17.1	15.4	13.71
CAF209	08/16/2011	0.206	0.191	0.293	0.295	0.267	19.76	18.79	17.16	15.48	13.8
CAF209	08/17/2011	0.206	0.191	0.293	0.296	0.267	20.07	18.75	17.1	15.5	13.83
CAF209	08/18/2011	0.206	0.191	0.292	0.297	0.269	20.18	18.78	17.12	15.58	13.9
CAF209	08/19/2011	0.206	0.191	0.292	0.297	0.27	20.15	18.78	17.2	15.6	13.9
CAF209	08/20/2011	0.207	0.191	0.292	0.298	0.271	20.62	18.85	17.2	15.6	14
CAF209	08/21/2011	0.207	0.192	0.292	0.298	0.272	20.85	19.01	17.23	15.68	14
CAF209	08/22/2011	0.207	0.192	0.293	0.299	0.273	21.29	19.17	17.3	15.7	14.04
CAF209	08/23/2011	0.208	0.192	0.293	0.299	0.273	21.72	19.35	17.4	15.75	14.1
CAF209	08/24/2011	0.208	0.192	0.294	0.3	0.274	21.74	19.48	17.5	15.8	14.12
CAF209	08/25/2011	0.209	0.193	0.294	0.3	0.275	22.38	19.66	17.61	15.9	14.2
CAF209	08/26/2011	NA	NA	NA	NA	NA	NA	NA	NA	NA	NA
CAF209	12/06/2011	0.244	0.358	0.272	0.278	0.269	3.02	5.6	7	8.73	8.84
CAF209	12/07/2011	0.244	0.357	0.271	0.278	0.269	2.94	5.43	6.93	8.65	8.74
CAF209	12/08/2011	0.244	0.355	0.27	0.277	0.268	2.87	5.27	6.8	8.53	8.62
CAF209	12/09/2011	0.244	0.354	0.269	0.277	0.268	2.68	5.14	6.68	8.41	8.54
CAF209	12/10/2011	0.244	0.354	0.269	0.276	0.269	2.66	5.01	6.58	8.28	8.43
CAF209	12/11/2011	0.244	0.353	0.268	0.276	0.267	2.73	4.91	6.47	8.18	8.33
CAF209	12/12/2011	0.244	0.352	0.268	0.276	0.267	2.65	4.83	6.38	8.06	8.23
CAF209	12/13/2011	0.244	0.351	0.267	0.275	0.267	2.6	4.75	6.25	7.96	8.13
CAF209	12/14/2011	0.244	0.35	0.266	0.275	0.267	2.59	4.67	6.2	7.86	8.04
CAF209	12/15/2011	0.243	0.35	0.266	0.274	0.267	2.6	4.6	6.11	7.77	7.95
CAF209	12/16/2011	0.244	0.349	0.265	0.274	0.267	2.75	4.52	6.02	7.68	7.86
CAF209	12/17/2011	0.244	0.349	0.264	0.274	0.267	3.08	4.5	6	7.6	7.77
CAF209	12/18/2011	0.244	0.348	0.264	0.273	0.266	3.51	4.57	5.98	7.5	7.7
CAF209	12/19/2011	0.244	0.348	0.264	0.273	0.266	3.46	4.67	5.98	7.45	7.6
CAF209	12/20/2011	0.244	0.348	0.264	0.273	0.265	3.23	4.66	6	7.4	7.54
CAF209	12/21/2011	0.244	0.347	0.263	0.273	0.265	3.2	4.6	5.94	7.35	7.5
CAF209	12/22/2011	0.244	0.346	0.263	0.273	0.265	3.06	4.55	5.9	7.3	7.4
CAF209	12/23/2011	0.244	0.345	0.263	0.273	0.265	2.8	4.45	5.86	7.25	7.39
CAF209	12/24/2011	0.244	0.345	0.261	0.273	0.265	2.7	4.35	5.8	7.2	7.3
CAF209	12/25/2011	0.243	0.344	0.261	0.273	0.265	2.7	4.25	5.72	7.12	7.25
CAF209	12/26/2011	0.243	0.344	0.261	0.272	0.265	2.8	4.2	5.64	7.07	7.2
CAF209	12/27/2011	0.243	0.343	0.26	0.272	0.265	2.97	4.15	5.57	7	7.12
CAF209	12/28/2011	0.261	0.385	0.26	0.272	0.265	3.83	4.14	5.6	6.93	7.08
CAF209	12/29/2011	0.292	0.395	0.262	0.272	0.265	5.28	4.48	5.6	6.9	7
CAF209	12/30/2011	0.33	0.399	0.398	0.27	0.264	5.52	4.82	5.36	6.82	6.96
CAF209	12/31/2011	0.307	0.398	0.408	0.27	0.264	5.23	5	5.55	6.8	6.9
CAF209	01/01/2012	0.301	0.392	0.4	0.27	0.264	4.59	4.95	5.66	6.89	6.9
CAF209	01/02/2012	0.299	0.385	0.398	0.271	0.264	4.47	4.82	5.7	6.9	6.9
CAF209	01/03/2012	0.297	0.376	0.396	0.271	0.264	4.6	4.8	5.7	6.9	6.9
CAF209	01/04/2012	0.297	0.374	0.395	0.271	0.265	5.04	4.84	5.72	6.8	6.82
CAF209	01/05/2012	0.297	0.373	0.393	0.271	0.265	5.64	4.99	5.8	6.8	6.8
CAF209	01/06/2012	0.295	0.372	0.393	0.271	0.264	5.24	5.15	5.8	6.8	6.8
CAF209	01/07/2012	0.293	0.371	0.392	0.271	0.264	4.76	5.02	5.81	6.8	6.8
CAF209	01/08/2012	0.292	0.369	0.392	0.271	0.264	4.7	4.95	5.8	6.8	6.8
CAF209	01/09/2012	0.292	0.368	0.391	0.271	0.264	4.73	4.9	5.8	6.8	6.79
CAF209	01/10/2012	0.292	0.368	0.39	0.271	0.263	4.95	4.9	5.78	6.8	6.7
CAF209	01/11/2012	0.292	0.367	0.389	0.271	0.263	4.35	4.89	5.7	6.8	6.7
CAF209	01/12/2012	0.291	0.367	0.388	0.271	0.263	3.7	4.71	5.68	6.8	6.7
CAF209	01/13/2012	0.289	0.366	0.387	0.271	0.263	3.33	4.5	5.59	6.73	6.7
CAF209	01/14/2012	0.288	0.365	0.386	0.271	0.264	3.14	4.32	5.49	6.7	6.63
CAF209	01/15/2012	0.287	0.364	0.385	0.271	0.263	3.1	4.18	5.37	6.63	6.6
CAF209	01/16/2012	0.287	0.363	0.384	0.271	0.263	3.1	4.09	5.25	6.57	6.56
CAF209	01/17/2012	0.287	0.362	0.383	0.271	0.263	3.04	4	5.19	6.5	6.5
CAF209	01/18/2012	0.287	0.361	0.382	0.271	0.262	3.05	3.93	5.1	6.43	6.44
CAF209	01/19/2012	0.288	0.372	0.389	0.27	0.262	3.1	3.86	5	6.38	6.4
CAF209	01/20/2012	0.29	0.395	0.415	0.268	0.262	3	3.6	4.96	6.3	6.33
CAF209	01/21/2012	0.298	0.396	0.416	0.368	0.261	2.98	3.56	4.89	6.15	6.3
CAF209	01/22/2012	0.299	0.395	0.417	0.383	0.26	3.07	3.54	4.85	6.1	6.2
CAF209	01/23/2012	0.299	0.395	0.417	0.377	0.26	3.19	3.6	4.88	6.1	6.18
CAF209	01/24/2012	0.299	0.397	0.417	0.376	0.26	3.23	3.7	4.84	6.01	6.1
CAF209	01/25/2012	0.327	0.398	0.418	0.389	0.392	2.94	3.55	4.78	5.95	5.92
CAF209	01/26/2012	0.339	0.4	0.418	0.392	0.396	3.06	3.41	4.67	5.86	5.85
CAF209	01/27/2012	0.313	0.402	0.419	0.391	0.388	3.09	3.5	4.6	5.8	5.8
CAF209	01/28/2012	0.306	0.4	0.419	0.389	0.372	2.85	3.5	4.6	5.79	5.8
CAF209	01/29/2012	0.303	0.395	0.419	0.388	0.359	2.74	3.5	4.61	5.7	5.8
CAF209	01/30/2012	0.336	0.4	0.42	0.39	0.376	2.83	3.46	4.61	5.7	5.74
CAF209	01/31/2012	0.317	0.401	0.422	0.392	0.382	3.17	3.48	4.6	5.66	5.7
CAF209	02/01/2012	0.321	0.402	0.423	0.392	0.374	3.45	3.57	4.57	5.6	5.63
CAF209	02/02/2012	0.324	0.404	0.424	0.393	0.375	3.53	3.67	4.6	5.6	5.6
CAF209	02/03/2012	0.314	0.403	0.424	0.393	0.374	3.6	3.73	4.67	5.6	5.6
CAF209	02/04/2012	0.311	0.4	0.424	0.392	0.372	3.41	3.78	4.7	5.6	5.57
CAF209	02/05/2012	0.31	0.397	0.419	0.391	0.369	3.54	3.79	4.71	5.6	5.5
CAF209	02/06/2012	0.308	0.394	0.419	0.39	0.367	3.54	3.8	4.77	5.6	5.5
CAF209	02/07/2012	0.307	0.392	0.419	0.389	0.365	3.61	3.8	4.8	5.6	5.5
CAF209	02/08/2012	0.307	0.39	0.418	0.389	0.363	3.64	3.88	4.77	5.6	5.5
CAF209	02/09/2012	0.307	0.389	0.417	0.388	0.362	3.88	3.9	4.77	5.6	5.5
CAF209	02/10/2012	0.307	0.388	0.417	0.388	0.361	4.35	4.05	4.79	5.6	5.5
CAF209	02/11/2012	0.308	0.388	0.418	0.387	0.36	4.74	4.26	4.91	5.6	5.5
CAF209	02/12/2012	0.311	0.388	0.418	0.387	0.36	4.75	4.41	5.01	5.6	5.5
CAF209	02/13/2012	0.312	0.388	0.418	0.387	0.359	4.67	4.47	5.07	5.6	5.5
CAF209	02/14/2012	0.311	0.388	0.418	0.387	0.358	4.44	4.5	5.2	5.68	5.5
CAF209	02/15/2012	0.311	0.388	0.418	0.387	0.357	4.23	4.48	5.2	5.7	5.5
CAF209	02/16/2012	0.309	0.388	0.418	0.387	0.357	3.93	4.4	5.13	5.7	5.5
CAF209	02/17/2012	0.309	0.387	0.418	0.387	0.357	3.72	4.27	5.2	5.7	5.5
CAF209	02/18/2012	0.311	0.388	0.418	0.387	0.357	4.25	4.28	5.2	5.7	5.5
CAF209	02/19/2012	0.312	0.388	0.418	0.387	0.357	4.13	4.4	5.2	5.7	5.5
CAF209	02/20/2012	0.313	0.388	0.418	0.386	0.356	3.88	4.36	5.21	5.7	5.5
CAF209	02/21/2012	0.337	0.4	0.421	0.39	0.365	3.86	4.25	5.07	5.7	5.5
CAF209	02/22/2012	0.327	0.403	0.423	0.394	0.382	4.87	4.35	4.92	5.7	5.5
CAF209	02/23/2012	0.319	0.399	0.424	0.393	0.373	4.67	4.59	5.14	5.7	5.5
CAF209	02/24/2012	0.316	0.396	0.424	0.392	0.369	4.26	4.57	5.43	5.7	5.5
CAF209	02/25/2012	0.315	0.394	0.422	0.391	0.367	4.27	4.5	5.56	5.7	5.5
CAF209	02/26/2012	0.313	0.392	0.421	0.39	0.364	3.84	4.45	5.6	5.7	5.5
CAF209	02/27/2012	0.314	0.391	0.42	0.39	0.362	3.66	4.33	5.65	5.71	5.5
CAF209	02/28/2012	0.319	0.39	0.42	0.389	0.362	3.35	4.18	5.62	5.7	5.5
CAF209	02/29/2012	0.324	0.393	0.42	0.389	0.362	3.06	4.05	5.47	5.7	5.5
CAF209	03/01/2012	0.324	0.397	0.421	0.389	0.361	3.11	3.95	5.43	5.7	5.48
CAF209	03/02/2012	0.322	0.402	0.424	0.39	0.362	3.04	3.9	5.31	5.63	5.4
CAF209	03/03/2012	0.32	0.399	0.423	0.391	0.364	3.12	3.8	5.24	5.6	5.4
CAF209	03/04/2012	0.319	0.396	0.422	0.391	0.365	3.82	3.89	5.2	5.57	5.4
CAF209	03/05/2012	0.323	0.397	0.422	0.39	0.365	4.98	4.19	5.25	5.5	5.35
CAF209	03/06/2012	0.333	0.403	0.423	0.391	0.363	4.62	4.48	5.28	5.5	5.3
CAF209	03/07/2012	0.322	0.4	0.424	0.392	0.365	3.94	4.41	5.36	5.5	5.3
CAF209	03/08/2012	0.318	0.396	0.423	0.392	0.366	3.95	4.29	5.35	5.51	5.3
CAF209	03/09/2012	0.318	0.394	0.422	0.391	0.366	4.73	4.35	5.3	5.6	5.3
CAF209	03/10/2012	0.317	0.394	0.421	0.391	0.365	5.5	4.65	5.3	5.6	5.3
CAF209	03/11/2012	0.328	0.395	0.421	0.39	0.364	5.82	4.95	5.43	5.6	5.3
CAF209	03/12/2012	0.329	0.4	0.422	0.39	0.362	5.02	5.07	5.51	5.6	5.3
CAF209	03/13/2012	0.338	0.405	0.425	0.391	0.363	4.83	4.92	5.59	5.7	5.31
CAF209	03/14/2012	0.331	0.406	0.427	0.393	0.367	4.54	4.87	5.33	5.7	5.38
CAF209	03/15/2012	0.342	0.406	0.427	0.394	0.372	4.91	4.8	5.17	5.7	5.4
CAF209	03/16/2012	0.349	0.408	0.428	0.396	0.402	5.61	4.99	5.32	5.7	5.4
CAF209	03/17/2012	0.334	0.408	0.428	0.395	0.393	5.75	5.17	5.52	5.72	5.4
CAF209	03/18/2012	0.326	0.406	0.428	0.394	0.377	5.28	5.26	5.71	5.8	5.4
CAF209	03/19/2012	0.322	0.401	0.425	0.393	0.372	4.82	5.11	5.75	5.8	5.4
CAF209	03/20/2012	0.327	0.399	0.424	0.392	0.369	4.59	4.98	5.7	5.81	5.4
CAF209	03/21/2012	0.345	0.407	0.427	0.395	0.377	4.28	4.83	5.62	5.88	5.48
CAF209	03/22/2012	0.359	0.408	0.428	0.397	0.4	4.07	4.66	5.48	5.8	5.41
CAF209	03/23/2012	0.351	0.408	0.428	0.409	0.415	4.29	4.59	5.35	5.8	5.4
CAF209	03/24/2012	0.341	0.409	0.428	0.409	0.415	4.54	4.6	5.3	5.8	5.4
CAF209	03/25/2012	0.333	0.409	0.429	0.409	0.415	5.54	4.77	5.3	5.73	5.4
CAF209	03/26/2012	0.364	0.411	0.429	0.41	0.416	6.63	5.19	5.38	5.7	5.34
CAF209	03/27/2012	0.347	0.413	0.43	0.41	0.416	6.26	5.4	5.56	5.7	5.3
CAF209	03/28/2012	0.347	0.413	0.431	0.41	0.415	6.75	5.55	5.7	5.8	5.32
CAF209	03/29/2012	0.342	0.414	0.432	0.409	0.415	7.02	5.76	5.85	5.82	5.4
CAF209	03/30/2012	0.371	0.415	0.433	0.411	0.417	7.36	5.91	5.96	5.9	5.4
CAF209	03/31/2012	0.372	0.416	0.434	0.411	0.417	7.47	6.09	6.05	5.98	5.45
CAF209	04/01/2012	0.362	0.417	0.434	0.411	0.417	7.27	6.16	6.13	6.04	5.5
CAF209	04/02/2012	0.345	0.418	0.435	0.411	0.418	6.62	6.1	6.29	6.11	5.55
CAF209	04/03/2012	0.335	0.417	0.436	0.411	0.418	6.83	6.02	6.34	6.2	5.6
CAF209	04/04/2012	0.332	0.413	0.435	0.411	0.417	6.98	6.09	6.37	6.22	5.7
CAF209	04/05/2012	0.34	0.415	0.435	0.411	0.417	6.13	5.95	6.49	6.3	5.7
CAF209	04/06/2012	0.339	0.416	0.436	0.412	0.418	5.82	5.78	6.43	6.3	5.75
CAF209	04/07/2012	0.335	0.416	0.436	0.412	0.419	5.65	5.59	6.4	6.3	5.8
CAF209	04/08/2012	0.331	0.41	0.436	0.412	0.419	6.42	5.66	6.31	6.3	5.8
CAF209	04/09/2012	0.329	0.407	0.435	0.412	0.419	7.32	5.9	6.36	6.3	5.8
CAF209	04/10/2012	0.329	0.407	0.433	0.411	0.419	8.31	6.21	6.42	6.3	5.8
CAF209	04/11/2012	NA	NA	NA	NA	NA	NA	NA	NA	NA	NA
CAF209	11/27/2012	0.339	0.398	0.43	0.389	0.33	4.9	7.87	8.8	10.4	10.26
CAF209	11/28/2012	0.337	0.396	0.43	0.387	0.329	5.02	7.67	8.67	10.3	10.17
CAF209	11/29/2012	0.337	0.393	0.43	0.386	0.329	5.48	7.6	8.56	10.18	10.08
CAF209	11/30/2012	0.361	0.392	0.427	0.385	0.327	6.4	7.66	8.59	10.08	9.99
CAF209	12/01/2012	0.354	0.396	0.427	0.384	0.326	6.94	7.88	8.55	9.98	9.9
CAF209	12/02/2012	0.371	0.416	0.43	0.397	0.324	6.72	8	8.54	9.9	9.8
CAF209	12/03/2012	0.355	0.411	0.431	0.399	0.324	6.4	8	8.5	9.83	9.72
CAF209	12/04/2012	0.365	0.406	0.431	0.398	0.324	6.33	7.94	8.59	9.8	9.67
CAF209	12/05/2012	0.365	0.409	0.431	0.402	0.324	6.9	7.9	8.6	9.74	9.6
CAF209	12/06/2012	0.354	0.41	0.432	0.402	0.324	5.96	7.92	8.65	9.7	9.54
CAF209	12/07/2012	0.364	0.412	0.432	0.402	0.337	5.17	7.67	8.7	9.65	9.5
CAF209	12/08/2012	0.357	0.414	0.432	0.404	0.39	4.47	7.33	8.65	9.6	9.4
CAF209	12/09/2012	0.348	0.406	0.432	0.404	0.373	3.94	7.02	8.5	9.5	9.37
CAF209	12/10/2012	0.344	0.398	0.432	0.403	0.366	3.65	6.71	8.33	9.41	9.3
CAF209	12/11/2012	0.358	0.407	0.431	0.401	0.365	3.61	6.47	8.1	9.3	9.2
CAF209	12/12/2012	0.369	0.412	0.431	0.403	0.376	3.78	6.28	7.76	9.17	9.1
CAF209	12/13/2012	0.357	0.413	0.431	0.404	0.399	3.96	6.16	7.6	9.03	8.98
CAF209	12/14/2012	0.35	0.412	0.431	0.403	0.395	3.77	6.07	7.35	8.9	8.88
CAF209	12/15/2012	0.347	0.399	0.43	0.402	0.392	3.57	6.01	7.17	8.78	8.78
CAF209	12/16/2012	0.347	0.395	0.43	0.401	0.39	3.63	5.9	7.04	8.67	8.68
CAF209	12/17/2012	0.358	0.409	0.43	0.402	0.394	3.67	5.85	6.94	8.58	8.57
CAF209	12/18/2012	0.352	0.416	0.431	0.403	0.396	3.31	5.72	6.86	8.47	8.47
CAF209	12/19/2012	0.344	0.401	0.43	0.402	0.391	3	5.59	6.77	8.37	8.39
CAF209	12/20/2012	0.34	0.394	0.43	0.4	0.389	2.82	5.44	6.63	8.28	8.3
CAF209	12/21/2012	0.34	0.388	0.429	0.399	0.385	2.8	5.32	6.54	8.18	8.2
CAF209	12/22/2012	0.341	0.384	0.428	0.399	0.383	2.86	5.22	6.43	8.08	8.12
CAF209	12/23/2012	0.343	0.383	0.428	0.398	0.381	3.03	5.2	6.32	7.99	8.03
CAF209	12/24/2012	0.345	0.382	0.429	0.397	0.379	3.1	5.2	6.24	7.9	7.95
CAF209	12/25/2012	0.346	0.382	0.429	0.397	0.379	3.2	5.18	6.18	7.8	7.87
CAF209	12/26/2012	0.345	0.383	0.428	0.396	0.379	3.23	5.12	6.1	7.73	7.8
CAF209	12/27/2012	0.345	0.382	0.428	0.396	0.378	3.3	5.1	6.1	7.67	7.7
CAF209	12/28/2012	0.346	0.382	0.428	0.396	0.378	3.35	5.1	6.02	7.6	7.63
CAF209	12/29/2012	0.346	0.381	0.427	0.396	0.377	3.32	5.1	6	7.54	7.59
CAF209	12/30/2012	0.344	0.381	0.427	0.395	0.377	3.23	5.1	6	7.5	7.5
CAF209	12/31/2012	0.342	0.38	0.426	0.395	0.378	3.2	5.03	6	7.42	7.45
CAF209	01/01/2013	0.341	0.379	0.425	0.395	0.377	3.18	5	6	7.4	7.4
CAF209	01/02/2013	0.34	0.378	0.423	0.394	0.377	3.2	4.93	5.97	7.3	7.33
CAF209	01/03/2013	0.338	0.378	0.422	0.394	0.377	3.06	4.9	6	7.29	7.3
CAF209	01/04/2013	0.336	0.377	0.421	0.394	0.377	2.85	4.81	6.02	7.2	7.2
CAF209	01/05/2013	0.334	0.377	0.421	0.393	0.376	2.76	4.72	5.93	7.17	7.19
CAF209	01/06/2013	0.334	0.376	0.421	0.393	0.376	2.7	4.68	5.8	7.1	7.1
CAF209	01/07/2013	0.333	0.375	0.42	0.393	0.376	2.7	4.6	5.72	7.03	7.06
CAF209	01/08/2013	0.339	0.415	0.423	0.393	0.375	2.73	4.57	5.52	7	7
CAF209	01/09/2013	0.371	0.419	0.425	0.4	0.397	2.65	4.48	5.33	6.89	6.84
CAF209	01/10/2013	0.354	0.418	0.424	0.4	0.407	2.69	4.4	5.2	6.78	6.7
CAF209	01/11/2013	0.346	0.418	0.424	0.399	0.395	2.55	4.36	5.1	6.7	6.68
CAF209	01/12/2013	0.341	0.409	0.424	0.398	0.387	2.44	4.3	5.1	6.61	6.6
CAF209	01/13/2013	0.337	0.39	0.423	0.395	0.383	2.32	4.23	5.1	6.6	6.6
CAF209	01/14/2013	0.335	0.386	0.421	0.394	0.381	2.3	4.2	5.06	6.5	6.51
CAF209	01/15/2013	0.333	0.38	0.421	0.393	0.38	2.25	4.11	5	6.5	6.5
CAF209	01/16/2013	0.332	0.379	0.42	0.393	0.378	2.23	4.1	5	6.4	6.44
CAF209	01/17/2013	0.331	0.378	0.419	0.392	0.377	2.2	4.08	5	6.4	6.4
CAF209	01/18/2013	0.33	0.376	0.419	0.391	0.377	2.2	4	5	6.33	6.37
CAF209	01/19/2013	0.329	0.376	0.418	0.391	0.376	2.16	4	5	6.3	6.3
CAF209	01/20/2013	0.328	0.375	0.418	0.39	0.375	2.1	4	5	6.27	6.3
CAF209	01/21/2013	0.327	0.375	0.418	0.39	0.374	2.1	3.92	5	6.2	6.21
CAF209	01/22/2013	0.326	0.375	0.417	0.389	0.374	2.03	3.9	5	6.2	6.2
CAF209	01/23/2013	0.324	0.374	0.417	0.389	0.374	2	3.87	5	6.12	6.16
CAF209	01/24/2013	0.323	0.372	0.417	0.389	0.373	2.06	3.8	4.93	6.1	6.1
CAF209	01/25/2013	0.331	0.389	0.419	0.389	0.373	2.13	3.8	4.9	6.07	6.1
CAF209	01/26/2013	0.367	0.403	0.423	0.399	0.399	2.52	3.7	4.85	6	6
CAF209	01/27/2013	0.354	0.402	0.423	0.399	0.397	3.25	3.8	4.41	5.91	5.9
CAF209	01/28/2013	0.35	0.4	0.424	0.396	0.387	3.32	3.85	4.3	5.9	5.9
CAF209	01/29/2013	0.35	0.4	0.425	0.395	0.383	3.35	3.9	4.31	5.9	5.9
CAF209	01/30/2013	0.368	0.406	0.425	0.401	0.401	3.82	3.8	4.27	5.8	5.78
CAF209	01/31/2013	0.355	0.406	0.424	0.399	0.398	4.94	3.96	4.2	5.8	5.7
CAF209	02/01/2013	0.351	0.406	0.424	0.396	0.395	5.55	4.2	4.27	5.8	5.7
CAF209	02/02/2013	0.347	0.399	0.424	0.395	0.395	5.56	4.37	4.39	5.8	5.7
CAF209	02/03/2013	0.345	0.393	0.424	0.394	0.393	5.64	4.45	4.5	5.8	5.7
CAF209	02/04/2013	0.343	0.389	0.423	0.393	0.39	6.03	4.54	4.5	5.8	5.7
CAF209	02/05/2013	0.34	0.386	0.423	0.392	0.386	6.17	4.68	4.5	5.81	5.7
CAF209	02/06/2013	0.338	0.383	0.422	0.392	0.382	6.02	4.8	4.56	5.9	5.7
CAF209	02/07/2013	0.337	0.381	0.422	0.392	0.38	5.91	4.82	4.6	5.9	5.72
CAF209	02/08/2013	0.339	0.38	0.423	0.392	0.378	5.62	4.8	4.62	5.94	5.8
CAF209	02/09/2013	0.349	0.379	0.422	0.391	0.376	5.29	4.77	4.67	6	5.8
CAF209	02/10/2013	0.349	0.379	0.423	0.391	0.375	4.93	4.66	4.65	6	5.8
CAF209	02/11/2013	0.345	0.38	0.422	0.391	0.375	4.7	4.52	4.6	6	5.8
CAF209	02/12/2013	0.344	0.381	0.422	0.391	0.374	5.09	4.4	4.55	6	5.8
CAF209	02/13/2013	0.343	0.382	0.423	0.39	0.374	5.64	4.51	4.54	6	5.8
CAF209	02/14/2013	0.34	0.382	0.422	0.391	0.373	5.06	4.67	4.61	6	5.8
CAF209	02/15/2013	0.339	0.381	0.422	0.39	0.374	5.26	4.7	4.7	6	5.8
CAF209	02/16/2013	0.339	0.381	0.422	0.391	0.374	6.02	4.76	4.78	6	5.8
CAF209	02/17/2013	0.337	0.38	0.422	0.39	0.374	5.88	4.94	4.83	6	5.8
CAF209	02/18/2013	0.335	0.38	0.422	0.39	0.374	5.41	4.98	4.9	6	5.8
CAF209	02/19/2013	0.333	0.379	0.423	0.39	0.374	5.05	4.86	5	6	5.8
CAF209	02/20/2013	0.335	0.378	0.422	0.39	0.373	5.25	4.8	5	6	5.8
CAF209	02/21/2013	0.334	0.378	0.422	0.39	0.373	5.11	4.8	5	6	5.8
CAF209	02/22/2013	0.345	0.387	0.422	0.391	0.373	4.63	4.67	4.99	6	5.8
CAF209	02/23/2013	0.357	0.409	0.426	0.4	0.399	4.56	4.5	4.8	6	5.8
CAF209	02/24/2013	0.347	0.408	0.426	0.398	0.39	4.6	4.4	4.62	6	5.78
CAF209	02/25/2013	0.345	0.394	0.426	0.395	0.385	4.48	4.38	4.56	5.92	5.7
CAF209	02/26/2013	0.345	0.397	0.426	0.394	0.381	4.46	4.3	4.58	5.9	5.7
CAF209	02/27/2013	0.342	0.389	0.426	0.394	0.38	4.62	4.3	4.5	5.9	5.7
CAF209	02/28/2013	0.355	0.389	0.425	0.394	0.379	5.19	4.35	4.42	5.85	5.7
CAF209	03/01/2013	0.361	0.406	0.427	0.395	0.384	5.74	4.46	4.39	5.8	5.65
CAF209	03/02/2013	0.352	0.405	0.427	0.395	0.386	6.46	4.71	4.5	5.8	5.6
CAF209	03/03/2013	0.347	0.404	0.427	0.394	0.384	6.52	4.97	4.59	5.8	5.6
CAF209	03/04/2013	0.342	0.393	0.427	0.394	0.382	5.69	5.05	4.7	5.8	5.6
CAF209	03/05/2013	0.339	0.39	0.426	0.393	0.381	5.42	4.96	4.7	5.89	5.6
CAF209	03/06/2013	0.338	0.387	0.426	0.393	0.381	5.63	4.9	4.7	5.9	5.6
CAF209	03/07/2013	0.343	0.383	0.424	0.392	0.379	6.02	4.95	4.7	5.9	5.6
CAF209	03/08/2013	0.343	0.384	0.423	0.392	0.377	6.17	5.07	4.7	5.9	5.64
CAF209	03/09/2013	0.341	0.384	0.423	0.392	0.376	6.1	5.1	4.76	5.9	5.7
CAF209	03/10/2013	0.339	0.384	0.423	0.392	0.375	5.92	5.18	4.8	6	5.7
CAF209	03/11/2013	0.338	0.384	0.423	0.392	0.375	6.13	5.2	4.81	6	5.7
CAF209	03/12/2013	0.338	0.384	0.423	0.392	0.375	6.51	5.33	4.9	6	5.7
CAF209	03/13/2013	0.34	0.384	0.423	0.392	0.375	6.83	5.54	4.97	6	5.7
CAF209	03/14/2013	0.34	0.385	0.423	0.391	0.375	7.65	5.91	5.11	6.08	5.7
CAF209	03/15/2013	0.339	0.386	0.424	0.391	0.374	8.07	6.25	5.28	6.1	5.73
CAF209	03/16/2013	0.337	0.386	0.425	0.392	0.374	7.99	6.51	5.47	6.2	5.8
CAF209	03/17/2013	0.334	0.386	0.425	0.392	0.374	6.93	6.56	5.64	6.29	5.82
CAF209	03/18/2013	0.334	0.385	0.425	0.392	0.374	5.93	6.29	5.7	6.38	5.9
CAF209	03/19/2013	0.332	0.383	0.425	0.392	0.374	5.4	6.01	5.7	6.44	5.94
CAF209	03/20/2013	0.351	0.386	0.426	0.392	0.374	6.2	5.88	5.62	6.5	6
CAF209	03/21/2013	0.35	0.397	0.425	0.392	0.374	5.9	5.95	5.6	6.5	6
CAF209	03/22/2013	0.344	0.393	0.426	0.391	0.374	5.35	5.8	5.6	6.5	6
CAF209	03/23/2013	0.341	0.391	0.426	0.391	0.373	5.18	5.6	5.55	6.5	6.08
CAF209	03/24/2013	0.339	0.39	0.426	0.391	0.373	5.45	5.5	5.49	6.5	6.1
CAF209	03/25/2013	0.337	0.389	0.426	0.391	0.373	5.48	5.5	5.4	6.44	6.09
CAF209	03/26/2013	0.338	0.389	0.426	0.391	0.374	6.43	5.61	5.37	6.4	6
CAF209	03/27/2013	0.341	0.391	0.427	0.391	0.373	7.85	6.07	5.48	6.4	6
CAF209	03/28/2013	0.343	0.39	0.427	0.391	0.373	8.83	6.52	5.67	6.41	6
CAF209	03/29/2013	0.343	0.391	0.428	0.391	0.373	9.41	7	5.9	6.5	6.04
CAF209	03/30/2013	0.343	0.391	0.428	0.391	0.373	9.6	7.32	6.17	6.56	6.1
CAF209	03/31/2013	0.342	0.392	0.429	0.392	0.374	10.05	7.71	6.39	6.67	6.1
CAF209	04/01/2013	0.342	0.393	0.429	0.392	0.374	10.66	8.09	6.69	6.78	6.2
CAF209	04/02/2013	0.34	0.394	0.43	0.392	0.374	10.79	8.45	6.97	6.92	6.27
CAF209	04/03/2013	0.339	0.394	0.431	0.392	0.374	10.82	8.67	7.24	7.05	6.35
CAF209	04/04/2013	0.339	0.396	0.432	0.393	0.374	10.87	8.87	7.47	7.19	6.45
CAF209	04/05/2013	0.36	0.409	0.437	0.394	0.374	10.33	9	7.63	7.34	6.55
CAF209	04/06/2013	0.354	0.401	0.436	0.394	0.375	10.19	8.96	7.8	7.46	6.64
CAF209	04/07/2013	0.363	0.41	0.438	0.397	0.378	9.56	8.88	7.89	7.57	6.73
CAF209	04/08/2013	0.358	0.417	0.44	0.401	0.389	8.88	8.72	7.87	7.68	6.83
CAF209	04/09/2013	0.353	0.407	0.44	0.399	0.385	8.73	8.53	7.87	7.75	6.9
CAF209	04/10/2013	0.351	0.403	0.438	0.399	0.383	9.28	8.47	7.8	7.8	6.99
CAF209	04/11/2013	0.348	0.399	0.437	0.398	0.382	8.59	8.48	7.78	7.8	7
CAF209	04/12/2013	0.348	0.397	0.437	0.398	0.381	8.22	8.34	7.8	7.88	7.1
CAF209	04/13/2013	0.364	0.42	0.439	0.398	0.382	8.38	8.29	7.71	7.9	7.1
CAF209	04/14/2013	0.352	0.418	0.44	0.399	0.384	7.62	8.18	7.7	7.9	7.1
CAF209	04/15/2013	0.348	0.405	0.438	0.399	0.384	7.51	7.98	7.53	7.9	7.2
CAF209	04/16/2013	0.345	0.399	0.437	0.398	0.383	7.41	7.88	7.46	7.9	7.2
CAF209	04/17/2013	0.343	0.397	0.436	0.398	0.381	7.71	7.83	7.37	7.9	7.2
CAF209	04/18/2013	0.342	0.396	0.436	0.397	0.38	8.21	7.9	7.33	7.85	7.2
CAF209	04/19/2013	0.357	0.406	0.437	0.397	0.38	8.29	7.99	7.3	7.8	7.2
CAF209	04/20/2013	0.358	0.417	0.44	0.399	0.381	8.37	8	7.27	7.8	7.2
CAF209	04/21/2013	0.353	0.412	0.441	0.399	0.386	8.43	8.03	7.3	7.8	7.2
CAF209	04/22/2013	0.352	0.403	0.439	0.399	0.385	8.44	8.06	7.3	7.8	7.2
CAF209	04/23/2013	0.35	0.4	0.439	0.399	0.384	8.85	8.15	7.35	7.8	7.2
CAF209	04/24/2013	0.349	0.398	0.439	0.398	0.383	9.3	8.25	7.4	7.9	7.2
CAF209	04/25/2013	0.348	0.398	0.439	0.398	0.383	10.24	8.56	7.38	7.9	7.2
CAF209	04/26/2013	0.349	0.398	0.439	0.398	0.382	11.38	9	7.52	7.9	7.2
CAF209	04/27/2013	0.348	0.399	0.439	0.398	0.381	11.77	9.48	7.69	8	7.27
CAF209	04/28/2013	0.345	0.399	0.44	0.398	0.381	11.27	9.7	7.92	8.08	7.3
CAF209	04/29/2013	0.343	0.399	0.44	0.398	0.381	10.97	9.78	8.1	8.18	7.38
CAF209	04/30/2013	0.34	0.398	0.44	0.398	0.381	9.34	9.67	8.23	8.29	7.44
CAF209	05/01/2013	0.339	0.396	0.438	0.398	0.38	9.18	9.27	8.26	8.39	7.5
CAF209	05/02/2013	0.34	0.395	0.438	0.398	0.38	10.47	9.25	8.2	8.4	7.59
CAF209	05/03/2013	0.342	0.395	0.438	0.398	0.38	11.83	9.61	8.23	8.43	7.6
CAF209	05/04/2013	0.342	0.396	0.439	0.398	0.38	12.21	10.03	8.39	8.5	7.64
CAF209	05/05/2013	0.342	0.396	0.439	0.398	0.38	12.58	10.33	8.58	8.55	7.7
CAF209	05/06/2013	0.343	0.397	0.44	0.398	0.38	13.31	10.67	8.78	8.64	7.74
CAF209	05/07/2013	0.345	0.397	0.441	0.398	0.38	14.26	11.17	9.01	8.75	7.81
CAF209	05/08/2013	0.346	0.398	0.441	0.398	0.38	15.13	11.68	9.29	8.88	7.9
CAF209	05/09/2013	0.347	0.399	0.442	0.399	0.38	15.81	12.19	9.57	9.04	8.01
CAF209	05/10/2013	0.347	0.401	0.444	0.399	0.38	16.23	12.66	9.9	9.22	8.13
CAF209	05/11/2013	0.347	0.403	0.445	0.4	0.381	16.79	13.12	10.27	9.42	8.25
CAF209	05/12/2013	0.346	0.404	0.446	0.4	0.381	17.11	13.54	10.63	9.62	8.4
CAF209	05/13/2013	0.345	0.405	0.447	0.401	0.381	17.04	13.87	10.95	9.84	8.56
CAF209	05/14/2013	0.34	0.404	0.448	0.401	0.382	15.75	13.97	11.18	10.06	8.74
CAF209	05/15/2013	0.338	0.404	0.449	0.402	0.383	15.18	13.77	11.39	10.27	8.91
CAF209	05/16/2013	0.337	0.403	0.449	0.402	0.383	15.22	13.65	11.47	10.44	9.06
CAF209	05/17/2013	0.336	0.402	0.449	0.403	0.384	14.99	13.6	11.5	10.57	9.21
CAF209	05/18/2013	0.334	0.401	0.449	0.403	0.385	14.7	13.57	11.55	10.68	9.33
CAF209	05/19/2013	0.331	0.4	0.449	0.403	0.387	14.07	13.39	11.6	10.77	9.44
CAF209	05/20/2013	0.332	0.4	0.449	0.403	0.387	14.59	13.28	11.6	10.83	9.53
CAF209	05/21/2013	0.334	0.4	0.448	0.403	0.387	15.38	13.42	11.58	10.9	9.6
CAF209	05/22/2013	0.33	0.4	0.448	0.403	0.387	13.71	13.48	11.64	10.94	9.7
CAF209	05/23/2013	0.328	0.398	0.448	0.403	0.387	12.55	13.05	11.64	11	9.74
CAF209	05/24/2013	0.329	0.396	0.448	0.403	0.387	12.65	12.75	11.52	11	9.8
CAF209	05/25/2013	0.328	0.395	0.447	0.403	0.387	12.39	12.49	11.34	11	9.86
CAF209	05/26/2013	0.329	0.395	0.446	0.403	0.387	12.97	12.4	11.26	11	9.9
CAF209	05/27/2013	0.33	0.395	0.445	0.403	0.386	13.59	12.44	11.2	11	9.9
CAF209	05/28/2013	0.33	0.395	0.445	0.403	0.387	13.74	12.67	11.16	11	9.9
CAF209	05/29/2013	0.329	0.395	0.445	0.402	0.386	13.48	12.75	11.26	11	9.87
CAF209	05/30/2013	0.328	0.395	0.445	0.402	0.386	13.24	12.68	11.3	11	9.9
CAF209	05/31/2013	0.328	0.394	0.445	0.402	0.386	13.43	12.66	11.3	11	9.9
CAF209	06/01/2013	0.329	0.395	0.445	0.402	0.386	14.25	12.78	11.3	11	9.97
CAF209	06/02/2013	0.329	0.396	0.445	0.402	0.386	14.76	13.04	11.37	11.03	10
CAF209	06/03/2013	0.327	0.396	0.445	0.402	0.385	14.65	13.22	11.48	11.1	10
CAF209	06/04/2013	0.328	0.396	0.445	0.402	0.385	15.46	13.37	11.54	11.13	10.03
CAF209	06/05/2013	0.329	0.398	0.446	0.402	0.385	16.73	13.77	11.73	11.2	10.1
CAF209	06/06/2013	0.33	0.399	0.447	0.402	0.385	17.9	14.32	11.95	11.28	10.13
CAF209	06/07/2013	0.329	0.401	0.448	0.403	0.385	18.4	14.92	12.24	11.39	10.2
CAF209	06/08/2013	0.325	0.403	0.449	0.403	0.385	17.86	15.22	12.56	11.55	10.3
CAF209	06/09/2013	0.322	0.403	0.45	0.403	0.385	18.01	15.37	12.77	11.71	10.41
CAF209	06/10/2013	0.319	0.404	0.45	0.404	0.385	17.89	15.49	13.02	11.87	10.53
CAF209	06/11/2013	0.316	0.404	0.451	0.404	0.385	18.02	15.63	13.18	12.04	10.65
CAF209	06/12/2013	0.312	0.404	0.451	0.405	0.386	17.68	15.67	13.33	12.17	10.77
CAF209	06/13/2013	0.309	0.404	0.451	0.405	0.386	17.86	15.72	13.4	12.3	10.88
CAF209	06/14/2013	0.306	0.404	0.452	0.406	0.386	17.56	15.75	13.5	12.42	11
CAF209	06/15/2013	0.303	0.404	0.452	0.406	0.386	17.85	15.78	13.6	12.53	11.1
CAF209	06/16/2013	0.303	0.404	0.452	0.406	0.386	18.66	15.97	13.64	12.62	11.2
CAF209	06/17/2013	0.303	0.405	0.453	0.406	0.386	19.67	16.32	13.81	12.72	11.3
CAF209	06/18/2013	0.299	0.406	0.453	0.406	0.386	19.83	16.72	14.02	12.83	11.38
CAF209	06/19/2013	0.294	0.406	0.454	0.406	0.386	18.32	16.8	14.26	12.95	11.48
CAF209	06/20/2013	0.306	0.403	0.455	0.407	0.386	15.92	16.39	14.39	13.08	11.58
CAF209	06/21/2013	0.303	0.399	0.454	0.407	0.381	15.28	15.72	14.26	13.2	11.69
CAF209	06/22/2013	0.305	0.398	0.453	0.407	0.381	16.12	15.45	14.07	13.2	11.79
CAF209	06/23/2013	0.305	0.398	0.452	0.407	0.381	16.76	15.47	13.95	13.2	11.76
CAF209	06/24/2013	0.324	0.397	0.452	0.407	0.381	17.31	15.63	13.9	13.2	11.89
CAF209	06/25/2013	0.345	0.397	0.452	0.407	0.381	16.78	15.67	13.97	13.2	11.9
CAF209	06/26/2013	0.343	0.397	0.452	0.407	0.38	17.18	15.67	14	13.2	11.9
CAF209	06/27/2013	0.339	0.398	0.453	0.407	0.38	17.75	15.78	14	13.27	11.94
CAF209	06/28/2013	0.335	0.399	0.453	0.407	0.38	19.36	16.09	14.05	13.3	12
CAF209	06/29/2013	0.329	0.4	0.453	0.407	0.38	20.65	16.68	14.19	13.32	12
CAF209	06/30/2013	0.322	0.401	0.454	0.407	0.38	21.06	17.22	14.5	13.42	12.08
CAF209	07/01/2013	0.315	0.401	0.455	0.407	0.38	21.74	17.66	14.8	13.54	12.14
CAF209	07/02/2013	0.307	0.401	0.456	0.407	0.38	22.57	18.13	15.1	13.68	12.23
CAF209	07/03/2013	0.291	0.4	0.457	0.408	0.38	22.81	18.58	15.4	13.85	12.35
CAF209	07/04/2013	0.271	0.398	0.458	0.408	0.38	22.1	18.82	15.67	14.05	12.47
CAF209	07/05/2013	0.254	0.394	0.458	0.408	0.38	21.4	18.78	15.94	14.24	12.63
CAF209	07/06/2013	0.245	0.39	0.458	0.409	0.38	20.9	18.67	16.01	14.41	12.76
CAF209	07/07/2013	0.241	0.384	0.458	0.409	0.38	20.95	18.58	16.1	14.55	12.91
CAF209	07/08/2013	0.238	0.376	0.458	0.409	0.38	21.07	18.61	16.15	14.67	12.99
CAF209	07/09/2013	0.235	0.367	0.457	0.409	0.381	20.97	18.64	16.16	14.78	13.13
CAF209	07/10/2013	0.233	0.356	0.457	0.41	0.381	21.25	18.68	16.28	14.86	13.23
CAF209	07/11/2013	0.231	0.345	0.457	0.41	0.381	21.41	18.78	16.33	14.95	13.33
CAF209	07/12/2013	0.229	0.335	0.456	0.41	0.381	20.67	18.8	16.4	15.02	13.41
CAF209	07/13/2013	0.228	0.326	0.455	0.41	0.381	20.45	18.67	16.36	15.1	13.5
CAF209	07/14/2013	0.227	0.315	0.455	0.41	0.381	20.39	18.58	16.4	15.19	13.58
CAF209	07/15/2013	0.227	0.303	0.453	0.41	0.381	20.58	18.56	16.36	15.2	13.64
CAF209	07/16/2013	0.226	0.289	0.452	0.41	0.381	20.7	18.61	16.4	15.27	13.7
CAF209	07/17/2013	0.226	0.277	0.449	0.41	0.38	21.21	18.67	16.4	15.3	13.77
CAF209	07/18/2013	0.225	0.267	0.446	0.41	0.38	21.03	18.76	16.42	15.31	13.8
CAF209	07/19/2013	0.224	0.258	0.439	0.41	0.38	21.18	18.83	16.5	15.4	13.85
CAF209	07/20/2013	0.223	0.251	0.432	0.41	0.38	21.47	18.94	16.51	15.4	13.9
CAF209	07/21/2013	0.222	0.248	0.424	0.41	0.38	21.47	19.04	16.6	15.5	13.96
CAF209	07/22/2013	0.222	0.246	0.417	0.409	0.38	21.54	19.1	16.65	15.52	14
CAF209	07/23/2013	0.221	0.244	0.41	0.409	0.379	21.73	19.18	16.7	15.6	14.08
CAF209	07/24/2013	0.221	0.242	0.405	0.409	0.379	22.08	19.31	16.77	15.63	14.1
CAF209	07/25/2013	0.221	0.241	0.4	0.408	0.379	22.26	19.46	16.85	15.7	14.19
CAF209	07/26/2013	0.22	0.24	0.395	0.408	0.379	22.12	19.55	16.95	15.77	14.22
CAF209	07/27/2013	0.219	0.239	0.391	0.407	0.379	22.07	19.62	16.96	15.82	14.3
CAF209	07/28/2013	0.219	0.238	0.386	0.407	0.379	21.73	19.63	17.09	15.9	14.32
CAF209	07/29/2013	0.218	0.238	0.382	0.406	0.378	21.45	19.56	17.1	15.97	14.4
CAF209	07/30/2013	0.218	0.237	0.377	0.406	0.378	21.69	19.53	17.1	16	14.49
CAF209	07/31/2013	0.218	0.237	0.373	0.404	0.378	21.68	19.56	17.1	16.05	14.5
CAF209	08/01/2013	0.218	0.237	0.37	0.404	0.377	21.11	19.55	17.06	16.1	14.6
CAF209	08/02/2013	0.216	0.236	0.369	0.403	0.377	19.73	19.3	17.06	16.1	14.6
CAF209	08/03/2013	0.215	0.236	0.367	0.403	0.377	18.78	18.88	17.05	16.16	14.66
CAF209	08/04/2013	0.215	0.235	0.364	0.402	0.376	19.21	18.58	16.91	16.12	14.7
CAF209	08/05/2013	0.216	0.235	0.357	0.401	0.376	20.2	18.66	16.7	16.1	14.7
CAF209	08/06/2013	0.217	0.235	0.356	0.4	0.375	20.76	18.85	16.73	16.1	14.7
CAF209	08/07/2013	0.218	0.236	0.353	0.399	0.375	21.18	19.06	16.8	16.1	14.7
CAF209	08/08/2013	0.218	0.236	0.351	0.398	0.374	21.45	19.22	16.88	16.1	14.7
CAF209	08/09/2013	0.219	0.236	0.35	0.397	0.374	21.85	19.45	16.98	16.1	14.7
CAF209	08/10/2013	0.219	0.237	0.35	0.396	0.374	22.61	19.7	17.08	16.14	14.74
CAF209	08/11/2013	0.22	0.237	0.35	0.395	0.374	22.92	19.96	17.24	16.2	14.8
CAF209	08/12/2013	0.221	0.238	0.349	0.394	0.373	22.83	20.18	17.36	16.28	14.81
CAF209	08/13/2013	0.221	0.238	0.349	0.393	0.373	22.95	20.33	17.54	16.36	14.9
CAF209	08/14/2013	0.221	0.238	0.349	0.392	0.372	23.04	20.48	17.67	16.44	14.95
CAF209	08/15/2013	0.222	0.238	0.348	0.39	0.372	23.17	20.63	17.8	16.53	15
CAF209	08/16/2013	0.222	0.239	0.348	0.389	0.371	23.24	20.73	17.93	16.61	15.1
CAF209	08/17/2013	0.222	0.239	0.348	0.388	0.371	23.41	20.88	18.04	16.7	15.16
CAF209	08/18/2013	0.222	0.239	0.348	0.387	0.37	22.99	20.96	18.15	16.8	15.22
CAF209	08/19/2013	0.221	0.239	0.348	0.385	0.37	22.68	20.94	18.2	16.88	15.3
CAF209	08/20/2013	0.221	0.239	0.348	0.384	0.369	22.46	20.87	18.3	16.95	15.39
CAF209	08/21/2013	0.22	0.239	0.348	0.383	0.368	22.09	20.78	18.3	17	15.44
CAF209	08/22/2013	0.22	0.239	0.347	0.381	0.368	21.87	20.7	18.26	17.07	15.5
CAF209	08/23/2013	0.22	0.238	0.347	0.381	0.368	21.6	20.58	18.26	17.1	15.56
CAF209	08/24/2013	0.219	0.238	0.347	0.38	0.367	21.21	20.45	18.2	17.1	15.6
CAF209	08/25/2013	0.22	0.238	0.347	0.379	0.367	21.63	20.38	18.2	17.1	15.6
CAF209	08/26/2013	0.22	0.238	0.347	0.379	0.366	21.53	20.43	18.2	17.1	15.7
CAF209	08/27/2013	0.219	0.238	0.346	0.378	0.366	21.06	20.34	18.19	17.2	15.7
CAF209	08/28/2013	0.219	0.238	0.345	0.377	0.365	21.49	20.27	18.06	17.2	15.7
CAF209	08/29/2013	0.219	0.238	0.345	0.377	0.365	21.39	20.32	18.1	17.2	15.7
CAF209	08/30/2013	0.219	0.238	NA	0.376	0.364	21.1	20.27	NA	17.2	15.74
CAF209	09/11/2013	0.217	0.237	0.344	0.373	0.358	20.65	19.37	17.5	17	15.8
CAF209	09/12/2013	0.218	0.237	0.344	0.373	0.357	21.05	19.57	17.53	17	15.8
CAF209	09/13/2013	0.218	0.237	0.344	0.373	0.356	21.15	19.73	17.56	17	15.8
CAF209	09/14/2013	0.218	0.238	0.345	0.372	0.356	21.32	19.82	17.68	17	15.8
CAF209	09/15/2013	0.218	0.238	0.345	0.372	0.355	21.77	19.95	17.74	17	15.8
CAF209	09/16/2013	0.218	0.238	0.346	0.372	0.355	21.6	20.14	17.83	17.08	15.8
CAF209	09/17/2013	0.219	0.238	0.346	0.373	0.355	19.6	19.96	17.9	17.1	15.83
CAF209	09/18/2013	0.246	0.237	0.346	0.373	0.355	17.89	19.39	17.84	17.1	15.9
CAF209	09/19/2013	0.239	0.236	0.344	0.373	0.354	16.82	18.69	17.61	17.1	15.9
CAF209	09/20/2013	0.236	0.235	0.343	0.373	0.354	17.37	18.25	17.33	17.08	15.9
CAF209	09/21/2013	0.234	0.234	0.342	0.373	0.354	17.74	18.16	17.08	16.97	15.88
CAF209	09/22/2013	0.231	0.234	0.34	0.373	0.353	16.45	17.98	16.92	16.88	15.8
CAF209	09/23/2013	0.228	0.234	0.339	0.373	0.353	15.47	17.54	16.79	16.78	15.77
CAF209	09/24/2013	0.228	0.233	0.338	0.373	0.353	14.94	17.12	16.51	16.67	15.7
CAF209	09/25/2013	0.227	0.233	0.338	0.374	0.358	14.19	16.71	16.26	16.55	15.62
CAF209	09/26/2013	0.225	0.232	0.339	0.375	0.364	13.64	16.23	16.03	16.42	15.55
CAF209	09/27/2013	0.223	0.232	0.338	0.374	0.364	13.35	15.92	15.74	16.26	15.45
CAF209	09/28/2013	0.234	0.231	0.337	0.374	0.363	12.8	15.54	15.49	16.1	15.35
CAF209	09/29/2013	0.286	0.228	0.335	0.373	0.363	12.47	15.2	15.21	15.94	15.24
CAF209	09/30/2013	0.291	0.227	0.339	0.373	0.362	11.62	14.79	14.9	15.76	15.12
CAF209	10/01/2013	0.27	0.226	0.34	0.372	0.362	11.21	14.35	14.65	15.59	14.98
CAF209	10/02/2013	0.259	0.225	0.338	0.372	0.361	10.7	13.96	14.31	15.4	14.86
CAF209	10/03/2013	0.252	0.225	0.337	0.371	0.361	10.7	13.62	14.04	15.18	14.72
CAF209	10/04/2013	0.249	0.225	0.335	0.371	0.36	10.83	13.42	13.78	15.01	14.57
CAF209	10/05/2013	0.247	0.225	0.334	0.37	0.36	11.29	13.33	13.52	14.82	14.43
CAF209	10/06/2013	0.247	0.225	0.333	0.37	0.359	11.94	13.38	13.41	14.65	14.27
CAF209	10/07/2013	0.245	0.225	0.332	0.369	0.359	12.03	13.57	13.28	14.49	14.14
CAF209	10/08/2013	0.244	0.225	0.331	0.369	0.358	11.43	13.52	13.3	14.37	14.01
CAF209	10/09/2013	0.242	0.225	0.329	0.369	0.358	10.21	13.15	13.21	14.27	13.89
CAF209	10/10/2013	0.241	0.224	0.326	0.368	0.357	10.3	12.8	13.02	14.16	13.8
CAF209	10/11/2013	0.24	0.224	0.324	0.368	0.357	10.56	12.65	12.83	14.04	13.69
CAF209	10/12/2013	0.24	0.224	0.323	0.368	0.356	10.97	12.6	12.67	13.89	13.58
CAF209	10/13/2013	0.239	0.224	0.322	0.367	0.356	10.82	12.58	12.55	13.77	13.47
CAF209	10/14/2013	0.238	0.224	0.322	0.367	0.356	10.46	12.52	12.5	13.66	13.37
CAF209	10/15/2013	0.237	0.224	0.321	0.367	0.355	10.28	12.31	12.35	13.56	13.27
CAF209	10/16/2013	0.237	0.224	0.32	0.366	0.355	10.67	12.2	12.27	13.46	13.18
CAF209	10/17/2013	0.237	0.224	0.32	0.366	0.355	10.65	12.22	12.2	13.36	13.09
CAF209	10/18/2013	0.236	0.224	0.32	0.366	0.354	10.5	12.18	12.06	13.26	13
CAF209	10/19/2013	0.236	0.224	0.321	0.365	0.354	10.65	12.13	12.03	13.18	12.91
CAF209	10/20/2013	0.235	0.224	0.322	0.365	0.354	10.62	12.1	11.98	13.1	12.83
CAF209	10/21/2013	0.235	0.224	0.323	0.365	0.353	11.14	12.1	11.86	13.01	12.77
CAF209	10/22/2013	0.236	0.224	0.324	0.365	0.353	11.62	12.26	11.9	12.96	12.7
CAF209	10/23/2013	0.236	0.224	0.325	0.365	0.353	11.94	12.39	11.9	12.9	12.6
CAF209	10/24/2013	0.236	0.225	0.326	0.365	0.353	12.19	12.54	11.95	12.89	12.58
CAF209	10/25/2013	0.235	0.225	0.327	0.365	0.352	12.03	12.65	12	12.8	12.5
CAF209	10/26/2013	0.235	0.225	0.329	0.365	0.352	11.9	12.65	12	12.8	12.5
CAF209	10/27/2013	0.234	0.225	0.329	0.365	0.352	11.33	12.58	11.96	12.8	12.48
CAF209	10/28/2013	0.233	0.225	0.329	0.365	0.352	10.59	12.36	12	12.8	12.4
CAF209	10/29/2013	0.232	0.224	0.329	0.365	0.352	9.54	12.03	11.88	12.78	12.4
CAF209	10/30/2013	0.232	0.224	0.329	0.365	0.352	8.93	11.6	11.63	12.7	12.39
CAF209	10/31/2013	0.231	0.223	0.328	0.364	0.352	9.02	11.27	11.49	12.62	12.3
CAF209	11/01/2013	0.231	0.223	0.327	0.364	0.351	8.9	11.06	11.28	12.52	12.21
CAF209	11/02/2013	0.232	0.223	0.325	0.364	0.351	9.4	11	11.09	12.39	12.17
CAF209	11/03/2013	0.23	0.223	0.325	0.363	0.351	8.38	10.89	10.96	12.28	12.09
CAF209	11/04/2013	0.229	0.222	0.324	0.363	0.35	7.54	10.5	10.85	12.18	12
CAF209	11/05/2013	0.228	0.221	0.323	0.363	0.347	6.68	10.08	10.63	12.06	11.86
CAF209	11/06/2013	0.228	0.221	0.322	0.362	0.347	6.24	9.58	10.37	11.94	11.8
CAF209	11/07/2013	0.268	0.22	0.319	0.362	0.346	6.88	9.34	10.09	11.77	11.7
CAF209	11/08/2013	0.293	0.221	0.317	0.361	0.347	7.21	9.3	9.82	11.62	11.58
CAF209	11/09/2013	0.275	0.221	0.316	0.36	0.346	6.79	9.23	9.75	11.46	11.46
CAF209	11/10/2013	0.271	0.221	0.315	0.36	0.345	7.31	9.1	9.58	11.33	11.34
CAF209	11/11/2013	0.269	0.222	0.315	0.359	0.344	8.02	9.17	9.47	11.21	11.23
CAF209	11/12/2013	0.267	0.222	0.315	0.359	0.344	8.71	9.35	9.5	11.1	11.13
CAF209	11/13/2013	0.264	0.222	0.315	0.359	0.344	8.58	9.4	9.44	11	11.03
CAF209	11/14/2013	0.261	0.223	0.314	0.359	0.343	8.17	9.37	9.5	10.95	10.94
CAF209	11/15/2013	0.259	0.223	0.313	0.358	0.343	7.65	9.22	9.4	10.9	10.89
CAF209	11/16/2013	0.297	0.222	0.313	0.358	0.342	6.72	8.9	9.3	10.81	10.8
CAF209	11/17/2013	0.293	0.221	0.313	0.358	0.342	6.46	8.5	9.12	10.75	10.74
CAF209	11/18/2013	0.288	0.221	0.312	0.358	0.342	6.65	8.29	8.92	10.65	10.67
CAF209	11/19/2013	0.286	0.221	0.31	0.357	0.341	6.93	8.2	8.75	10.53	10.58
CAF209	11/20/2013	0.285	0.221	0.31	0.357	0.341	6.74	8.21	8.65	10.42	10.48
CAF209	11/21/2013	0.281	0.221	0.31	0.356	0.341	5.35	7.98	8.55	10.33	10.39
CAF209	11/22/2013	0.279	0.221	0.31	0.356	0.34	4.25	7.49	8.37	10.22	10.3
CAF209	11/23/2013	0.277	0.22	0.308	0.356	0.34	3.64	7.04	8.1	10.11	10.19
CAF209	11/24/2013	0.275	0.22	0.305	0.355	0.34	3.43	6.69	7.84	9.96	10.08
CAF209	11/25/2013	0.274	0.22	0.304	0.355	0.339	3.4	6.43	7.59	9.8	9.96
CAF209	11/26/2013	0.274	0.22	0.302	0.354	0.339	3.64	6.26	7.37	9.64	9.84
CAF209	11/27/2013	0.273	0.22	0.3	0.353	0.338	4.1	6.17	7.17	9.46	9.7
CAF209	11/28/2013	0.272	0.22	0.3	0.353	0.338	4.18	6.09	7.03	9.32	9.56
CAF209	11/29/2013	0.271	0.22	0.299	0.352	0.337	4.02	5.99	6.9	9.17	9.44
CAF209	11/30/2013	0.271	0.22	0.298	0.352	0.337	4.38	5.9	6.77	9.04	9.32
CAF209	12/01/2013	0.316	0.224	0.298	0.351	0.336	5.33	6	6.7	8.92	9.19
CAF209	12/02/2013	0.328	0.255	0.298	0.351	0.336	6.22	6.33	6.7	8.81	9.08
CAF209	12/03/2013	0.31	0.256	0.298	0.35	0.335	5.25	6.44	6.75	8.73	8.99
CAF209	12/04/2013	0.306	0.251	0.298	0.35	0.335	4.73	6.23	6.72	8.7	8.9
CAF209	12/05/2013	0.302	0.25	0.298	0.35	0.335	4.35	6.02	6.65	8.64	8.83
CAF209	12/06/2013	0.298	0.249	0.297	0.35	0.335	3.9	5.8	6.54	8.58	8.78
CAF209	12/07/2013	0.293	0.248	0.296	0.35	0.334	3.46	5.57	6.39	8.49	8.7
CAF209	12/08/2013	0.289	0.248	0.296	0.349	0.334	3.06	5.32	6.21	8.39	8.6
CAF209	12/09/2013	0.284	0.247	0.296	0.349	0.334	2.69	5.07	6.05	8.27	8.52
CAF209	12/10/2013	0.28	0.247	0.295	0.348	0.333	2.43	4.83	5.87	8.15	8.42
CAF209	12/11/2013	0.277	0.247	0.294	0.348	0.333	2.35	4.64	5.69	8.03	8.32
CAF209	12/12/2013	0.274	0.246	0.293	0.347	0.333	2.3	4.48	5.53	7.88	8.2
CAF209	12/13/2013	0.272	0.246	0.292	0.347	0.332	2.3	4.37	5.33	7.75	8.09
CAF209	12/14/2013	0.271	0.246	0.291	0.347	0.332	2.34	4.29	5.24	7.63	7.98
CAF209	12/15/2013	0.271	0.245	0.291	0.346	0.331	2.4	4.2	5.1	7.51	7.86
CAF209	12/16/2013	0.271	0.245	0.291	0.346	0.331	2.48	4.17	5.03	7.39	7.73
CAF209	12/17/2013	0.272	0.245	0.29	0.345	0.331	2.55	4.1	4.94	7.29	7.65
CAF209	12/18/2013	0.276	0.245	0.289	0.345	0.33	2.81	4.07	4.9	7.2	7.56
CAF209	12/19/2013	0.28	0.245	0.289	0.345	0.33	3.1	4.15	4.8	7.1	7.47
CAF209	12/20/2013	0.281	0.245	0.289	0.344	0.33	3.03	4.2	4.77	7.02	7.39
CAF209	12/21/2013	0.279	0.245	0.289	0.344	0.329	2.9	4.12	4.72	6.96	7.3
CAF209	12/22/2013	0.278	0.245	0.289	0.344	0.329	2.91	4.1	4.7	6.9	7.22
CAF209	12/23/2013	0.308	0.269	0.29	0.343	0.329	3.02	4.07	4.67	6.82	7.17
CAF209	12/24/2013	0.328	0.325	0.289	0.343	0.328	3.18	4	4.6	6.78	7.1
CAF209	12/25/2013	0.319	0.324	0.289	0.343	0.328	3.27	4	4.56	6.7	7.02
CAF209	12/26/2013	0.311	0.322	0.289	0.343	0.328	3.3	4	4.47	6.65	6.98
CAF209	12/27/2013	0.309	0.32	0.289	0.343	0.328	3.32	3.96	4.5	6.6	6.9
CAF209	12/28/2013	0.308	0.319	0.289	0.343	0.327	3.4	3.9	4.4	6.54	6.85
CAF209	12/29/2013	0.307	0.318	0.289	0.342	0.327	3.37	3.87	4.4	6.5	6.8
CAF209	12/30/2013	0.303	0.317	0.289	0.342	0.327	3.3	3.9	4.4	6.45	6.73
CAF209	12/31/2013	0.301	0.316	0.288	0.342	0.327	3.3	3.9	4.27	6.4	6.7
CAF209	01/01/2014	0.301	0.315	0.289	0.342	0.327	3.3	3.8	4.3	6.37	6.63
CAF209	01/02/2014	0.303	0.314	0.288	0.342	0.326	3.31	3.8	4.28	6.3	6.6
CAF209	01/03/2014	0.335	0.313	0.288	0.342	0.326	3.58	3.8	4.2	6.29	6.54
CAF209	01/04/2014	0.317	0.318	0.288	0.342	0.326	3.66	3.88	4.17	6.2	6.5
CAF209	01/05/2014	0.308	0.321	0.289	0.341	0.326	3.38	3.86	4.2	6.2	6.45
CAF209	01/06/2014	0.303	0.32	0.289	0.341	0.326	3.21	3.8	4.15	6.15	6.4
CAF209	01/07/2014	0.3	0.319	0.288	0.341	0.325	2.42	3.7	4.07	6.1	6.4
CAF209	01/08/2014	0.299	0.318	0.288	0.341	0.325	1.6	3.67	4.06	6.1	6.3
CAF209	01/09/2014	0.334	0.316	0.288	0.341	0.325	1.58	3.6	4	6	6.3
CAF209	01/10/2014	0.342	0.33	0.288	0.341	0.325	1.68	3.57	4	6	6.22
CAF209	01/11/2014	0.348	0.352	0.287	0.341	0.325	2.73	3.57	3.88	5.93	6.17
CAF209	01/12/2014	0.332	0.34	0.287	0.341	0.324	3.41	3.8	3.9	5.9	6.16
CAF209	01/13/2014	0.326	0.335	0.288	0.341	0.324	4	3.99	3.98	5.9	6.1
CAF209	01/14/2014	0.321	0.333	0.29	0.341	0.324	4.36	4.25	4.03	5.9	6.1
CAF209	01/15/2014	0.319	0.332	0.291	0.341	0.324	4.55	4.44	4.14	5.9	6.1
CAF209	01/16/2014	0.315	0.331	0.292	0.341	0.324	4.38	4.5	4.25	5.9	6.05
CAF209	01/17/2014	0.312	0.33	0.293	0.341	0.324	4.31	4.53	4.34	5.9	6.03
CAF209	01/18/2014	0.31	0.329	0.293	0.341	0.324	4.38	4.55	4.37	5.91	6.1
CAF209	01/19/2014	0.308	0.328	0.293	0.341	0.324	4.41	4.5	4.37	6	6.1
CAF209	01/20/2014	0.306	0.327	0.294	0.341	0.324	4.25	4.44	4.4	6	6.1
CAF209	01/21/2014	0.305	0.326	0.294	0.341	0.324	4.2	4.4	4.4	6	6.08
CAF209	01/22/2014	0.303	0.325	0.294	0.341	0.324	4	4.3	4.32	5.99	6
CAF209	01/23/2014	0.301	0.324	0.295	0.341	0.324	3.7	4.23	4.3	5.9	6
CAF209	01/24/2014	0.3	0.323	0.295	0.341	0.324	3.65	4.12	4.25	5.9	6
CAF209	01/25/2014	0.299	0.322	0.295	0.341	0.324	3.83	4.1	4.2	5.9	6
CAF209	01/26/2014	0.298	0.321	0.295	0.341	0.324	3.65	4.02	4.1	5.87	5.99
CAF209	01/27/2014	0.297	0.321	0.295	0.341	0.324	3.5	3.97	4.1	5.8	5.9
CAF209	01/28/2014	0.295	0.32	0.295	0.341	0.324	3.38	3.9	4.06	5.8	5.87
CAF209	01/29/2014	0.298	0.319	0.294	0.341	0.324	3.3	3.8	3.97	5.77	5.9
CAF209	01/30/2014	0.326	0.319	0.294	0.341	0.323	3.26	3.73	3.94	5.7	5.84
CAF209	01/31/2014	0.33	0.322	0.294	0.341	0.323	3.3	3.7	3.87	5.7	5.8
CAF209	02/01/2014	0.329	0.327	0.294	0.34	0.323	3.27	3.61	3.75	5.61	5.8
CAF209	02/02/2014	0.325	0.329	0.294	0.34	0.323	3.2	3.6	3.8	5.6	5.72
CAF209	02/03/2014	0.322	0.33	0.294	0.34	0.323	3.16	3.6	3.69	5.55	5.7
CAF209	02/04/2014	0.319	0.33	0.294	0.34	0.323	3.12	3.6	3.67	5.5	5.7
CAF209	02/05/2014	0.315	0.33	0.295	0.34	0.323	3.11	3.6	3.7	5.5	5.61
CAF209	02/06/2014	0.312	0.33	0.295	0.34	0.323	3.04	3.57	3.7	5.42	5.6
CAF209	02/07/2014	0.31	0.329	0.295	0.34	0.323	3.1	3.55	3.67	5.4	5.6
CAF209	02/08/2014	0.307	0.328	0.296	0.34	0.323	3.03	3.5	3.6	5.4	5.5
CAF209	02/09/2014	0.306	0.327	0.296	0.339	0.322	3	3.47	3.57	5.38	5.5
CAF209	02/10/2014	0.305	0.327	0.296	0.339	0.322	2.95	3.5	3.6	5.3	5.5
CAF209	02/11/2014	0.32	0.343	0.297	0.339	0.322	2.88	3.46	3.55	5.3	5.46
CAF209	02/12/2014	0.361	0.382	0.361	0.339	0.322	2.7	3.3	3.57	5.28	5.4
CAF209	02/13/2014	0.341	0.362	0.419	0.339	0.323	3.82	3.3	3.6	5.2	5.4
CAF209	02/14/2014	0.344	0.357	0.422	0.339	0.323	4.23	3.63	3.63	5.12	5.33
CAF209	02/15/2014	0.345	0.366	0.426	0.34	0.323	4.27	3.78	3.72	5.1	5.3
CAF209	02/16/2014	0.35	0.382	0.431	0.349	0.323	4.54	3.94	3.8	5.1	5.3
CAF209	02/17/2014	0.349	0.373	0.434	0.364	0.322	4.43	4.01	3.88	5.1	5.27
CAF209	02/18/2014	0.357	0.38	0.439	0.376	0.322	4.45	4.1	3.93	5.1	5.2
CAF209	02/19/2014	0.351	0.377	0.443	0.385	0.321	4.45	4.16	3.99	5.1	5.2
CAF209	02/20/2014	0.346	0.359	0.444	0.381	0.322	3.91	4.12	4.03	5.17	5.2
CAF209	02/21/2014	0.349	0.36	0.446	0.381	0.323	3.73	4	4.05	5.2	5.2
CAF209	02/22/2014	0.338	0.355	0.447	0.382	0.323	3.82	3.95	4	5.2	5.2
CAF209	02/23/2014	0.332	0.352	0.448	0.381	0.324	3.78	3.95	4	5.2	5.2
CAF209	02/24/2014	0.332	0.349	0.448	0.381	0.326	3.52	3.9	4	5.2	5.2
CAF209	02/25/2014	0.336	0.348	0.449	0.381	0.327	3.41	3.81	3.96	5.19	5.2
CAF209	02/26/2014	0.347	0.351	0.45	0.381	0.329	3.32	3.77	3.9	5.1	5.2
CAF209	02/27/2014	0.349	0.366	0.452	0.383	0.332	3.23	3.7	3.86	5.1	5.17
CAF209	02/28/2014	0.352	0.367	0.453	0.384	0.349	3.11	3.64	3.8	5.1	5.1
CAF209	03/01/2014	0.35	0.379	0.453	0.386	0.367	3.05	3.6	3.75	5.05	5.1
CAF209	03/02/2014	0.343	0.357	0.452	0.384	0.369	2.86	3.54	3.7	5	5.1
CAF209	03/03/2014	0.364	0.376	0.452	0.388	0.381	2.77	3.48	3.66	4.96	5.05
CAF209	03/04/2014	0.356	0.378	0.452	0.391	0.385	3.52	3.43	3.6	4.9	5
CAF209	03/05/2014	0.352	0.366	0.45	0.387	0.383	4.81	3.75	3.6	4.9	4.95
CAF209	03/06/2014	0.368	0.382	0.452	0.392	0.391	5.97	4.23	3.67	4.9	4.9
CAF209	03/07/2014	0.363	0.379	0.453	0.39	0.389	6.31	4.71	3.9	4.9	4.9
CAF209	03/08/2014	0.35	0.365	0.454	0.387	0.388	6.33	5.05	4.13	4.95	4.9
CAF209	03/09/2014	0.365	0.382	0.456	0.392	0.391	7.2	5.3	4.31	5.04	4.96
CAF209	03/10/2014	0.363	0.376	0.457	0.391	0.415	7.7	5.75	4.55	5.11	5
CAF209	03/11/2014	0.356	0.368	0.458	0.389	0.42	6.92	5.94	4.8	5.26	5.07
CAF209	03/12/2014	0.349	0.365	0.458	0.388	0.419	7.17	5.98	4.95	5.39	5.14
CAF209	03/13/2014	0.344	0.362	0.459	0.386	0.412	7.47	6.15	5.06	5.51	5.23
CAF209	03/14/2014	0.34	0.36	0.459	0.386	0.401	7.44	6.28	5.23	5.61	5.28
CAF209	03/15/2014	0.339	0.358	0.46	0.385	0.392	6.53	6.28	5.36	5.72	5.4
CAF209	03/16/2014	0.338	0.357	0.459	0.385	0.385	6.8	6.2	5.4	5.8	5.48
CAF209	03/17/2014	0.341	0.356	0.459	0.385	0.382	6.92	6.28	5.43	5.9	5.54
CAF209	03/18/2014	0.341	0.356	0.458	0.385	0.377	6.2	6.17	5.5	5.93	5.6
CAF209	03/19/2014	0.337	0.356	0.458	0.385	0.374	6.24	6.09	5.47	6	5.66
CAF209	03/20/2014	0.333	0.355	0.457	0.385	0.373	6.04	6.05	5.5	6	5.7
CAF209	03/21/2014	0.33	0.354	0.456	0.385	0.372	5.73	5.93	5.47	6.05	5.7
CAF209	03/22/2014	0.327	0.353	0.454	0.385	0.372	5.85	5.85	5.5	6.1	5.78
CAF209	03/23/2014	0.327	0.352	0.453	0.385	0.372	6.77	5.88	5.47	6.1	5.8
CAF209	03/24/2014	0.325	0.352	0.452	0.385	0.371	7.17	6.16	5.51	6.1	5.8
CAF209	03/25/2014	0.323	0.353	0.452	0.385	0.371	7.57	6.42	5.62	6.1	5.8
CAF209	03/26/2014	0.32	0.353	0.451	0.384	0.371	7.62	6.6	5.7	6.12	5.8
CAF209	03/27/2014	0.319	0.353	0.451	0.385	0.37	7.88	6.78	5.87	6.2	5.88
CAF209	03/28/2014	0.317	0.353	0.451	0.385	0.37	7.4	6.88	6	6.26	5.9
CAF209	03/29/2014	0.321	0.351	0.451	0.385	0.369	7.77	6.82	6.08	6.31	5.93
CAF209	03/30/2014	0.325	0.351	0.45	0.385	0.369	7.95	6.99	6.12	6.4	6
CAF209	03/31/2014	0.325	0.351	0.45	0.385	0.369	7.61	7.04	6.25	6.44	6.02
CAF209	04/01/2014	0.325	0.351	0.45	0.385	0.369	8.28	7.08	6.28	6.5	6.1
CAF209	04/02/2014	0.324	0.352	0.45	0.385	0.369	8.72	7.35	6.39	6.56	6.1
CAF209	04/03/2014	0.321	0.352	0.45	0.385	0.368	8.67	7.48	6.5	6.6	6.2
CAF209	04/04/2014	0.319	0.352	0.45	0.385	0.368	9.16	7.66	6.6	6.7	6.2
CAF209	04/05/2014	0.315	0.352	0.45	0.385	0.368	8.68	7.78	6.76	6.75	6.28
CAF209	04/06/2014	0.313	0.352	0.45	0.385	0.368	9.08	7.81	6.8	6.83	6.31
CAF209	04/07/2014	0.31	0.352	0.449	0.385	0.368	9.54	7.98	6.9	6.9	6.4
CAF209	04/08/2014	0.308	0.353	0.45	0.385	0.368	11.05	8.35	7.05	6.98	6.43
CAF209	04/09/2014	0.303	0.355	0.45	0.386	0.368	11.69	8.96	7.26	7.06	6.5
CAF209	04/10/2014	0.298	0.355	0.451	0.386	0.368	11.12	9.27	7.5	7.14	6.55
CAF209	04/11/2014	NA	NA	NA	NA	NA	NA	NA	NA	NA	NA
CAF209	07/19/2014	0.215	0.203	0.239	0.277	0.237	21.25	18.76	16.3	14.5	12.97
CAF209	07/20/2014	0.215	0.203	0.239	0.278	0.237	21.57	18.8	16.37	14.64	13.11
CAF209	07/21/2014	0.214	0.203	0.24	0.278	0.238	20.78	18.78	16.47	14.75	13.22
CAF209	07/22/2014	0.214	0.203	0.24	0.279	0.238	20.86	18.7	16.5	14.85	13.33
CAF209	07/23/2014	0.214	0.203	0.24	0.279	0.239	20.65	18.67	16.5	14.93	13.42
CAF209	07/24/2014	0.214	0.203	0.24	0.28	0.239	19.49	18.53	16.5	15	13.5
CAF209	07/25/2014	0.213	0.202	0.24	0.28	0.239	18.49	18.13	16.48	15.07	13.59
CAF209	07/26/2014	0.214	0.202	0.24	0.281	0.239	18.68	17.86	16.34	15.1	13.63
CAF209	07/27/2014	0.215	0.202	0.24	0.281	0.24	19.2	17.84	16.23	15.1	13.7
CAF209	07/28/2014	0.217	0.202	0.239	0.281	0.24	20.19	18.02	16.2	15.03	13.7
CAF209	07/29/2014	0.218	0.203	0.24	0.281	0.24	20.98	18.34	16.24	15.04	13.7
CAF209	07/30/2014	0.219	0.203	0.24	0.281	0.24	21.4	18.71	16.38	15.1	13.76
CAF209	07/31/2014	0.22	0.204	0.24	0.282	0.24	21.55	18.94	16.55	15.15	13.8
CAF209	08/01/2014	0.22	0.204	0.24	0.282	0.24	22.06	19.16	16.71	15.25	13.86
CAF209	08/02/2014	0.221	0.205	0.241	0.283	0.241	22.46	19.45	16.88	15.35	13.92
CAF209	08/03/2014	0.221	0.205	0.241	0.284	0.241	22.3	19.73	17.08	15.46	14.01
CAF209	08/04/2014	0.221	0.205	0.241	0.284	0.241	21.7	19.77	17.25	15.58	14.11
CAF209	08/05/2014	0.221	0.205	0.241	0.285	0.241	21.47	19.76	17.35	15.72	14.2
CAF209	08/06/2014	0.221	0.205	0.242	0.285	0.242	21.27	19.76	17.4	15.81	14.3
CAF209	08/07/2014	0.221	0.205	0.242	0.286	0.242	21.05	19.75	17.5	15.9	14.4
CAF209	08/08/2014	0.221	0.205	0.242	0.286	0.242	20.72	19.7	17.5	15.98	14.48
CAF209	08/09/2014	0.22	0.205	0.242	0.287	0.243	20.12	19.54	17.5	16.01	14.54
CAF209	08/10/2014	0.22	0.205	0.242	0.287	0.243	20.43	19.45	17.42	16.1	14.6
CAF209	08/11/2014	0.221	0.205	0.242	0.287	0.243	21.05	19.52	17.4	16.1	14.65
CAF209	08/12/2014	0.222	0.205	0.242	0.288	0.243	21.86	19.74	17.42	16.1	14.7
CAF209	08/13/2014	0.221	0.206	0.242	0.288	0.243	21.13	19.93	17.54	16.17	14.72
CAF209	08/14/2014	0.235	0.205	0.242	0.288	0.243	20.3	19.72	17.6	16.21	14.8
CAF209	08/15/2014	0.235	0.204	0.242	0.289	0.244	19.96	19.5	17.56	16.3	14.83
CAF209	08/16/2014	0.234	0.204	0.242	0.289	0.244	19.75	19.27	17.47	16.3	14.9
CAF209	08/17/2014	0.234	0.204	0.242	0.289	0.244	19.82	19.17	17.39	16.3	14.9
CAF209	08/18/2014	0.234	0.204	0.242	0.29	0.244	20.16	19.18	17.3	16.3	14.9
CAF209	08/19/2014	0.234	0.204	0.242	0.29	0.244	20.41	19.27	17.3	16.3	14.98
CAF209	08/20/2014	0.234	0.205	0.242	0.29	0.244	20.17	19.32	17.3	16.3	15
CAF209	08/21/2014	0.233	0.205	0.242	0.29	0.244	19.63	19.22	17.3	16.3	15
CAF209	08/22/2014	0.233	0.204	0.242	0.29	0.245	19.52	19.09	17.3	16.3	15
CAF209	08/23/2014	0.232	0.204	0.242	0.291	0.245	19.13	18.97	17.24	16.3	15
CAF209	08/24/2014	0.232	0.204	0.242	0.291	0.245	18.9	18.83	17.2	16.3	15.09
CAF209	08/25/2014	0.232	0.204	0.242	0.291	0.245	18.87	18.69	17.1	16.3	15.1
CAF209	08/26/2014	0.232	0.204	0.242	0.291	0.245	18.96	18.66	17.05	16.3	15.1
CAF209	08/27/2014	0.232	0.204	0.242	0.291	0.245	19.41	18.69	17	16.2	15.1
CAF209	08/28/2014	0.232	0.205	0.242	0.291	0.245	19.98	18.85	17	16.2	15.1
CAF209	08/29/2014	0.232	0.205	0.242	0.291	0.245	19.78	18.96	17.1	16.2	15.1
CAF209	08/30/2014	0.232	0.205	0.242	0.291	0.246	20	18.99	17.1	16.2	15.1
CAF209	08/31/2014	0.232	0.205	0.242	0.292	0.246	19.6	19.03	17.18	16.27	15.1
CAF209	09/01/2014	0.231	0.205	0.242	0.292	0.246	18.97	18.91	17.2	16.3	15.13
CAF209	09/02/2014	0.231	0.205	0.242	0.292	0.246	18.89	18.73	17.1	16.3	15.2
CAF209	09/03/2014	0.23	0.205	0.242	0.292	0.246	18.71	18.66	17.05	16.3	15.2
CAF209	09/04/2014	0.229	0.204	0.242	0.293	0.246	17.65	18.38	16.98	16.3	15.2
CAF209	09/05/2014	0.229	0.204	0.242	0.293	0.246	17.82	18.15	16.85	16.23	15.2
CAF209	09/06/2014	0.229	0.204	0.241	0.292	0.247	18.07	18.08	16.75	16.2	15.2
CAF209	09/07/2014	0.229	0.204	0.241	0.292	0.247	18.41	18.1	16.7	16.15	15.2
CAF209	09/08/2014	0.229	0.204	0.241	0.292	0.247	18.54	18.18	16.7	16.1	15.14
CAF209	09/09/2014	0.229	0.204	0.241	0.293	0.247	18.53	18.2	16.7	16.1	15.1
CAF209	09/10/2014	0.229	0.204	0.241	0.293	0.247	18.25	18.19	16.7	16.1	15.1
CAF209	09/11/2014	0.227	0.204	0.241	0.293	0.247	17.2	18	16.63	16.1	15.1
CAF209	09/12/2014	0.227	0.204	0.241	0.293	0.247	16.86	17.7	16.54	16	15.1
CAF209	09/13/2014	0.227	0.203	0.241	0.293	0.247	16.87	17.5	16.42	16	15.1
CAF209	09/14/2014	0.227	0.203	0.24	0.293	0.247	16.99	17.4	16.3	15.92	15.1
CAF209	09/15/2014	0.227	0.203	0.24	0.293	0.247	17.14	17.37	16.2	15.88	15.03
CAF209	09/16/2014	0.227	0.203	0.239	0.293	0.247	17.78	17.4	16.2	15.8	15
CAF209	09/17/2014	0.227	0.204	0.239	0.293	0.247	18.02	17.58	16.2	15.8	15
CAF209	09/18/2014	0.227	0.204	0.239	0.293	0.247	18.09	17.67	16.2	15.8	14.96
CAF209	09/19/2014	0.227	0.204	0.239	0.293	0.248	18.26	17.7	16.2	15.77	14.9
CAF209	09/20/2014	0.227	0.204	0.239	0.293	0.248	18.28	17.78	16.27	15.72	14.9
CAF209	09/21/2014	0.227	0.204	0.238	0.293	0.248	18.52	17.85	16.3	15.79	14.9
CAF209	09/22/2014	0.227	0.204	0.238	0.293	0.248	18.68	17.97	16.32	15.8	14.9
CAF209	09/23/2014	0.227	0.204	0.238	0.293	0.248	18.76	18.04	16.4	15.8	14.9
CAF209	09/24/2014	0.227	0.204	0.238	0.294	0.248	18.55	18	16.42	15.8	14.97
CAF209	09/25/2014	0.227	0.204	0.238	0.294	0.248	18.2	18.03	16.5	15.8	15
CAF209	09/26/2014	0.226	0.204	0.238	0.294	0.248	18.04	17.9	16.49	15.8	15
CAF209	09/27/2014	0.226	0.204	0.238	0.294	0.248	17.64	17.84	16.4	15.8	15
CAF209	09/28/2014	0.225	0.204	0.238	0.294	0.248	17.56	17.68	16.4	15.8	15
CAF209	09/29/2014	0.226	0.204	0.238	0.294	0.248	17.7	17.65	16.3	15.8	15
CAF209	09/30/2014	0.225	0.204	0.238	0.294	0.249	16.85	17.53	16.3	15.8	15
CAF209	10/01/2014	0.224	0.203	0.237	0.294	0.249	15.62	17.2	16.2	15.8	15
CAF209	10/02/2014	0.224	0.203	0.237	0.294	0.249	14.77	16.71	16.01	15.71	15
CAF209	10/03/2014	0.223	0.202	0.237	0.294	0.249	14.16	16.27	15.76	15.65	14.97
CAF209	10/04/2014	0.223	0.202	0.236	0.293	0.249	14.23	15.92	15.5	15.54	14.9
CAF209	10/05/2014	0.223	0.201	0.236	0.293	0.249	14.69	15.78	15.28	15.41	14.83
CAF209	10/06/2014	0.224	0.201	0.236	0.292	0.249	15.23	15.8	15.13	15.27	14.75
CAF209	10/07/2014	0.224	0.202	0.235	0.292	0.249	15.82	15.9	15.06	15.16	14.67
CAF209	10/08/2014	0.224	0.202	0.235	0.292	0.249	15.89	16.08	15.03	15.09	14.6
CAF209	10/09/2014	0.223	0.202	0.236	0.292	0.249	15.29	16.05	15.06	15	14.53
CAF209	10/10/2014	0.223	0.202	0.236	0.291	0.249	15.01	15.87	15	15	14.5
CAF209	10/11/2014	0.223	0.201	0.236	0.291	0.249	15.23	15.8	14.93	14.93	14.45
CAF209	10/12/2014	0.222	0.201	0.236	0.291	0.249	14.62	15.72	14.89	14.9	14.4
CAF209	10/13/2014	0.222	0.201	0.235	0.291	0.249	14.41	15.52	14.79	14.84	14.4
CAF209	10/14/2014	0.222	0.201	0.235	0.291	0.249	14.48	15.39	14.68	14.8	14.3
CAF209	10/15/2014	0.221	0.201	0.235	0.291	0.249	14.09	15.27	14.6	14.7	14.3
CAF209	10/16/2014	0.221	0.2	0.235	0.29	0.249	12.97	15	14.47	14.65	14.22
CAF209	10/17/2014	0.22	0.2	0.234	0.29	0.249	12.49	14.6	14.3	14.58	14.2
CAF209	10/18/2014	0.221	0.199	0.234	0.29	0.249	12.78	14.35	14.1	14.47	14.11
CAF209	10/19/2014	0.221	0.199	0.234	0.289	0.249	13.26	14.3	13.93	14.35	14.05
CAF209	10/20/2014	0.221	0.199	0.234	0.289	0.249	13.65	14.33	13.82	14.24	13.97
CAF209	10/21/2014	0.221	0.2	0.234	0.289	0.249	13.83	14.44	13.8	14.15	13.89
CAF209	10/22/2014	0.221	0.199	0.234	0.288	0.248	13	14.35	13.75	14.09	13.8
CAF209	10/23/2014	0.22	0.199	0.233	0.288	0.248	12.86	14.15	13.66	14	13.75
CAF209	10/24/2014	0.22	0.199	0.233	0.288	0.248	12.29	13.97	13.55	13.94	13.7
CAF209	10/25/2014	0.22	0.199	0.233	0.288	0.248	12.07	13.72	13.43	13.87	13.61
CAF209	10/26/2014	0.221	0.198	0.233	0.287	0.248	12.04	13.58	13.27	13.78	13.57
CAF209	10/27/2014	0.22	0.198	0.233	0.287	0.248	11.2	13.35	13.15	13.68	13.5
CAF209	10/28/2014	0.219	0.198	0.232	0.287	0.248	10.59	13.04	12.97	13.58	13.4
CAF209	10/29/2014	0.223	0.197	0.232	0.286	0.248	10.5	12.69	12.76	13.46	13.33
CAF209	10/30/2014	0.225	0.197	0.232	0.286	0.248	11.06	12.6	12.55	13.34	13.24
CAF209	10/31/2014	0.226	0.197	0.232	0.285	0.248	11.53	12.6	12.42	13.21	13.15
CAF209	11/01/2014	0.227	0.197	0.232	0.284	0.248	11.55	12.68	12.36	13.09	13.04
CAF209	11/02/2014	0.226	0.197	0.232	0.284	0.248	10.58	12.57	12.3	13	12.96
CAF209	11/03/2014	0.226	0.197	0.231	0.284	0.248	10.06	12.28	12.19	12.92	12.88
CAF209	11/04/2014	0.227	0.196	0.231	0.283	0.248	10.01	12.01	12.03	12.83	12.8
CAF209	11/05/2014	0.231	0.196	0.231	0.283	0.248	10.34	11.9	11.86	12.72	12.72
CAF209	11/06/2014	0.233	0.196	0.23	0.283	0.248	10.88	11.9	11.75	12.61	12.63
CAF209	11/07/2014	0.233	0.196	0.23	0.282	0.248	10.77	12	11.7	12.5	12.54
CAF209	11/08/2014	0.233	0.196	0.23	0.282	0.248	9.979	11.89	11.67	12.43	12.47
CAF209	11/09/2014	0.233	0.196	0.23	0.282	0.248	9.783	11.67	11.57	12.37	12.4
CAF209	11/10/2014	0.235	0.196	0.23	0.281	0.248	9.221	11.48	11.45	12.29	12.31
CAF209	11/11/2014	0.234	0.195	0.23	0.281	0.248	7.817	11.14	11.3	12.2	12.25
CAF209	11/12/2014	0.233	0.194	0.229	0.28	0.248	6.175	10.54	11.08	12.09	12.18
CAF209	11/13/2014	0.233	0.193	0.229	0.28	0.248	5.117	9.825	10.73	11.95	12.08
CAF209	11/14/2014	0.232	0.192	NA	0.279	0.247	4.608	9.2	NA	11.76	11.96
