CAF035	11/13/2010	NA	NA	NA	NA	NA	NA	NA	NA	NA	NA
CAF035	11/14/2010	0.233	0.247	0.214	0.233	0.271	6.41	8.29	9.34	10.2	11.6
CAF035	11/15/2010	0.234	0.247	0.214	0.233	0.27	6.91	8.2	9.33	10.09	11.56
CAF035	11/16/2010	0.245	0.248	0.214	0.233	0.271	7.41	8.21	9.17	9.97	11.47
CAF035	11/17/2010	0.252	0.25	0.215	0.234	0.275	7.15	8.3	9.2	9.89	11.39
CAF035	11/18/2010	0.266	0.25	0.215	0.233	0.274	6.77	8.19	9.13	9.8	11.3
CAF035	11/19/2010	0.276	NA	0.215	0.233	0.274	5.86	7.99	9.05	9.74	11.22
CAF035	11/20/2010	0.267	NA	0.215	0.233	0.274	5.18	7.65	8.87	9.66	11.17
CAF035	11/21/2010	0.259	NA	0.215	0.233	0.274	4.62	7.27	8.65	9.55	11.1
CAF035	11/22/2010	0.256	NA	0.214	0.233	0.273	4.26	6.91	8.4	9.41	11
CAF035	11/23/2010	0.256	NA	0.214	0.233	0.273	4.07	6.61	8.17	9.25	10.92
CAF035	11/24/2010	0.257	0.248	0.214	0.232	0.272	3.93	6.38	7.97	9.1	10.81
CAF035	11/25/2010	0.256	NA	0.214	0.232	0.272	3.66	6.2	7.78	8.95	10.71
CAF035	11/26/2010	0.253	NA	0.213	0.232	0.272	3.43	5.99	7.62	8.78	10.59
CAF035	11/27/2010	0.251	NA	0.213	0.232	0.271	3.3	5.82	7.45	8.67	10.48
CAF035	11/28/2010	0.251	NA	0.213	0.232	0.271	3.3	5.67	7.31	8.54	10.38
CAF035	11/29/2010	0.254	NA	0.213	0.231	0.27	3.4	5.57	7.17	8.42	10.28
CAF035	11/30/2010	0.256	NA	0.213	0.231	0.269	3.34	5.49	7.06	8.3	10.17
CAF035	12/01/2010	0.258	NA	0.213	0.231	0.269	3.3	5.4	6.96	8.19	10.07
CAF035	12/02/2010	0.287	NA	0.213	0.231	0.268	3.2	5.31	6.87	8.09	9.97
CAF035	12/03/2010	0.291	0.248	0.213	0.23	0.268	3.2	5.2	6.76	8	9.88
CAF035	12/04/2010	0.286	NA	0.213	0.23	0.267	3.2	5.1	6.66	7.9	9.79
CAF035	12/05/2010	0.279	NA	0.212	0.23	0.267	3.13	5.03	6.58	7.8	9.7
CAF035	12/06/2010	0.275	NA	0.212	0.23	0.267	3.1	4.96	6.5	7.71	9.57
CAF035	12/07/2010	0.273	NA	0.212	0.23	0.266	3.1	4.89	6.39	7.63	9.53
CAF035	12/08/2010	0.295	NA	0.344	0.23	0.265	2.95	4.67	6.1	7.55	9.45
CAF035	12/09/2010	0.308	NA	0.338	0.231	0.265	2.8	4.5	6	7.39	9.37
CAF035	12/10/2010	0.309	0.36	0.34	0.385	0.264	2.92	4.45	5.87	7.26	9.29
CAF035	12/11/2010	0.296	0.359	0.313	0.32	0.264	2.97	4.57	5.9	7.17	9.2
CAF035	12/12/2010	0.33	0.366	0.344	0.305	0.263	2.99	4.52	5.88	7.1	9.1
CAF035	12/13/2010	0.326	0.365	0.329	0.292	0.263	3.97	4.56	5.8	7	9.02
CAF035	12/14/2010	0.334	0.368	0.349	0.345	0.262	4.64	4.79	5.81	6.91	8.95
CAF035	12/15/2010	0.31	0.364	0.325	0.345	0.262	4.17	5.04	5.94	6.9	8.88
CAF035	12/16/2010	0.301	0.362	0.318	0.322	0.262	3.63	5.04	6	6.9	8.8
CAF035	12/17/2010	0.295	0.354	0.314	0.31	0.262	3.14	4.92	6	6.9	8.76
CAF035	12/18/2010	0.289	0.358	0.311	0.3	0.261	2.8	4.75	5.91	6.8	8.7
CAF035	12/19/2010	0.285	0.356	0.309	0.293	0.261	2.62	4.58	5.81	6.75	8.65
CAF035	12/20/2010	0.281	0.355	0.306	0.288	0.261	2.5	4.44	5.65	6.67	8.6
CAF035	12/21/2010	0.28	0.354	0.305	0.284	0.261	2.46	4.33	5.57	6.59	8.5
CAF035	12/22/2010	0.279	0.353	0.303	0.281	0.26	2.4	4.22	5.48	6.5	8.44
CAF035	12/23/2010	0.279	0.352	0.302	0.278	0.26	2.4	4.16	5.39	6.4	8.37
CAF035	12/24/2010	0.28	0.352	0.301	0.275	0.26	2.42	4.1	5.3	6.32	8.3
CAF035	12/25/2010	0.286	0.351	0.3	0.274	0.259	2.5	4.04	5.18	6.24	8.2
CAF035	12/26/2010	0.291	0.351	0.298	0.272	0.259	2.65	4	5.2	6.19	8.11
CAF035	12/27/2010	0.295	0.351	0.298	0.271	0.258	2.72	4	5.1	6.1	8.09
CAF035	12/28/2010	0.326	0.366	0.346	0.291	0.258	2.65	3.9	5.02	6.02	8
CAF035	12/29/2010	0.321	0.367	0.353	0.43	0.258	2.6	3.81	4.9	5.98	7.95
CAF035	12/30/2010	0.309	0.365	0.331	0.398	0.257	2.6	3.9	4.9	5.9	7.9
CAF035	12/31/2010	0.304	NA	NA	NA	0.257	2.6	NA	NA	NA	7.8
CAF035	01/01/2011	0.299	NA	NA	NA	0.257	2.45	NA	NA	NA	7.77
CAF035	01/02/2011	0.294	NA	NA	NA	0.256	2.32	NA	NA	NA	7.7
CAF035	01/03/2011	0.29	NA	NA	NA	0.256	2.24	NA	NA	NA	7.65
CAF035	01/04/2011	0.287	NA	NA	NA	0.256	2.18	NA	NA	NA	7.6
CAF035	01/05/2011	0.284	NA	NA	NA	0.256	2.1	NA	NA	NA	7.54
CAF035	01/06/2011	0.282	NA	NA	NA	0.255	2.1	NA	NA	NA	7.47
CAF035	01/07/2011	0.294	NA	NA	NA	0.255	2.1	NA	NA	NA	7.43
CAF035	01/08/2011	0.311	NA	NA	NA	0.255	2.04	NA	NA	NA	7.4
CAF035	01/09/2011	0.306	NA	NA	NA	0.255	2.1	NA	NA	NA	7.33
CAF035	01/10/2011	0.302	NA	NA	NA	0.254	2.03	NA	NA	NA	7.27
CAF035	01/11/2011	0.297	NA	NA	NA	0.254	2	NA	NA	NA	7.21
CAF035	01/12/2011	0.292	NA	NA	NA	0.254	1.92	NA	NA	NA	7.2
CAF035	01/13/2011	0.33	NA	NA	NA	0.254	1.8	NA	NA	NA	7.11
CAF035	01/14/2011	0.332	NA	NA	NA	0.253	1.86	NA	NA	NA	7.1
CAF035	01/15/2011	0.322	NA	NA	NA	0.253	2.54	NA	NA	NA	7
CAF035	01/16/2011	0.343	NA	NA	NA	0.311	3.49	NA	NA	NA	6.96
CAF035	01/17/2011	0.32	NA	NA	NA	0.442	4.6	NA	NA	NA	6.85
CAF035	01/18/2011	0.314	NA	NA	NA	0.444	4.21	NA	NA	NA	6.8
CAF035	01/19/2011	0.311	NA	NA	NA	0.446	3.72	NA	NA	NA	6.8
CAF035	01/20/2011	0.308	NA	NA	NA	0.446	3.19	NA	NA	NA	6.8
CAF035	01/21/2011	0.318	NA	NA	NA	0.447	2.61	NA	NA	NA	6.8
CAF035	01/22/2011	0.323	NA	NA	NA	0.449	2.64	NA	NA	NA	6.8
CAF035	01/23/2011	0.315	NA	NA	NA	0.449	3.12	NA	NA	NA	6.8
CAF035	01/24/2011	0.312	NA	NA	NA	0.449	3.21	NA	NA	NA	6.8
CAF035	01/25/2011	0.324	NA	NA	NA	0.449	3.6	NA	NA	NA	6.76
CAF035	01/26/2011	0.317	NA	NA	NA	0.449	3.9	NA	NA	NA	6.7
CAF035	01/27/2011	0.313	NA	NA	NA	0.45	3.93	NA	NA	NA	6.7
CAF035	01/28/2011	0.31	NA	NA	NA	0.45	4.08	NA	NA	NA	6.7
CAF035	01/29/2011	0.313	NA	NA	NA	0.45	4.22	NA	NA	NA	6.7
CAF035	01/30/2011	0.335	NA	NA	NA	0.45	4.08	NA	NA	NA	6.7
CAF035	01/31/2011	0.319	NA	NA	NA	0.45	3.49	NA	NA	NA	6.7
CAF035	02/01/2011	0.31	NA	NA	NA	0.45	2.82	NA	NA	NA	6.7
CAF035	02/02/2011	0.304	NA	NA	NA	0.45	2.36	NA	NA	NA	6.7
CAF035	02/03/2011	0.299	NA	NA	NA	0.45	2.1	NA	NA	NA	6.7
CAF035	02/04/2011	0.296	NA	NA	NA	0.45	1.98	NA	NA	NA	6.7
CAF035	02/05/2011	0.294	NA	NA	NA	0.45	1.9	NA	NA	NA	6.7
CAF035	02/06/2011	0.294	NA	NA	NA	0.45	1.9	NA	NA	NA	6.62
CAF035	02/07/2011	0.316	NA	NA	NA	0.449	2.16	NA	NA	NA	6.6
CAF035	02/08/2011	0.316	NA	NA	NA	0.449	2.41	NA	NA	NA	6.57
CAF035	02/09/2011	0.311	NA	NA	NA	0.449	2.38	NA	NA	NA	6.5
CAF035	02/10/2011	0.306	NA	NA	NA	0.448	2.28	NA	NA	NA	6.5
CAF035	02/11/2011	0.305	NA	NA	NA	0.448	2.38	NA	NA	NA	6.4
CAF035	02/12/2011	0.304	NA	NA	NA	0.448	2.77	NA	NA	NA	6.4
CAF035	02/13/2011	0.304	NA	NA	NA	0.448	3.4	NA	NA	NA	6.4
CAF035	02/14/2011	0.303	NA	NA	NA	0.448	3.85	NA	NA	NA	6.33
CAF035	02/15/2011	0.303	NA	NA	NA	0.448	3.94	NA	NA	NA	6.3
CAF035	02/16/2011	0.328	NA	NA	NA	0.448	3.35	NA	NA	NA	6.3
CAF035	02/17/2011	0.322	NA	NA	NA	0.448	3.04	NA	NA	NA	6.3
CAF035	02/18/2011	0.319	NA	NA	NA	0.448	2.83	NA	NA	NA	6.3
CAF035	02/19/2011	0.331	NA	NA	NA	0.448	2.7	NA	NA	NA	6.3
CAF035	02/20/2011	0.33	NA	NA	NA	0.448	2.64	NA	NA	NA	6.3
CAF035	02/21/2011	0.321	NA	NA	NA	0.449	2.52	NA	NA	NA	6.3
CAF035	02/22/2011	0.317	NA	NA	NA	0.449	2.4	NA	NA	NA	6.3
CAF035	02/23/2011	0.316	NA	NA	NA	0.449	2.4	NA	NA	NA	6.3
CAF035	02/24/2011	0.314	NA	NA	NA	0.449	2.4	NA	NA	NA	6.3
CAF035	02/25/2011	0.313	NA	NA	NA	0.448	2.4	NA	NA	NA	6.22
CAF035	02/26/2011	0.311	NA	NA	NA	0.448	2.35	NA	NA	NA	6.17
CAF035	02/27/2011	0.308	NA	NA	NA	0.448	2.23	NA	NA	NA	6.2
CAF035	02/28/2011	0.306	NA	NA	NA	0.448	2.2	NA	NA	NA	6.2
CAF035	03/01/2011	0.309	NA	NA	NA	0.448	2.17	NA	NA	NA	6.12
CAF035	03/02/2011	0.327	NA	NA	NA	0.448	2.06	NA	NA	NA	6.1
CAF035	03/03/2011	0.331	NA	NA	NA	0.448	2	NA	NA	NA	6.1
CAF035	03/04/2011	0.329	NA	NA	NA	0.448	2.05	NA	NA	NA	6.05
CAF035	03/05/2011	0.335	NA	NA	NA	0.448	2.08	NA	NA	NA	6
CAF035	03/06/2011	0.332	NA	NA	NA	0.448	2.2	NA	NA	NA	6
CAF035	03/07/2011	0.331	NA	NA	NA	0.447	2.36	NA	NA	NA	5.91
CAF035	03/08/2011	0.325	NA	NA	NA	0.447	2.41	NA	NA	NA	5.9
CAF035	03/09/2011	0.33	NA	NA	NA	0.447	2.45	NA	NA	NA	5.84
CAF035	03/10/2011	0.339	NA	NA	NA	0.447	3.18	NA	NA	NA	5.8
CAF035	03/11/2011	0.327	NA	NA	NA	0.447	3.3	NA	NA	NA	5.8
CAF035	03/12/2011	0.32	NA	NA	NA	0.447	3.27	NA	NA	NA	5.75
CAF035	03/13/2011	0.318	NA	NA	NA	0.447	3.65	NA	NA	NA	5.7
CAF035	03/14/2011	0.319	NA	NA	NA	0.447	4.24	NA	NA	NA	5.7
CAF035	03/15/2011	0.323	NA	NA	NA	0.447	4.42	NA	NA	NA	5.7
CAF035	03/16/2011	0.334	NA	NA	NA	0.447	4.52	NA	NA	NA	5.7
CAF035	03/17/2011	0.323	NA	NA	NA	0.447	4.55	NA	NA	NA	5.7
CAF035	03/18/2011	0.319	NA	NA	NA	0.447	4.44	NA	NA	NA	5.7
CAF035	03/19/2011	0.318	NA	NA	NA	0.447	4.61	NA	NA	NA	5.77
CAF035	03/20/2011	0.32	NA	NA	NA	0.447	4.03	NA	NA	NA	5.8
CAF035	03/21/2011	0.331	NA	NA	NA	0.447	4.29	NA	NA	NA	5.8
CAF035	03/22/2011	0.333	NA	NA	NA	0.447	4.64	NA	NA	NA	5.8
CAF035	03/23/2011	0.325	NA	NA	NA	0.447	4.85	NA	NA	NA	5.8
CAF035	03/24/2011	0.321	NA	NA	NA	0.448	5.34	NA	NA	NA	5.8
CAF035	03/25/2011	0.319	NA	NA	NA	0.448	5.78	NA	NA	NA	5.8
CAF035	03/26/2011	0.318	NA	NA	NA	0.448	5.65	NA	NA	NA	5.9
CAF035	03/27/2011	0.323	NA	NA	NA	0.448	5.9	NA	NA	NA	5.9
CAF035	03/28/2011	0.323	NA	NA	NA	0.449	5.97	NA	NA	NA	5.93
CAF035	03/29/2011	0.322	NA	NA	NA	0.448	5.65	NA	NA	NA	6
CAF035	03/30/2011	0.348	NA	NA	NA	0.448	5.87	NA	NA	NA	6
CAF035	03/31/2011	0.335	NA	NA	NA	0.448	6.78	NA	NA	NA	6.08
CAF035	04/01/2011	0.33	NA	NA	NA	0.448	7.2	NA	NA	NA	6.1
CAF035	04/02/2011	0.347	NA	NA	NA	0.448	7.75	NA	NA	NA	6.15
CAF035	04/03/2011	0.336	NA	NA	NA	0.448	6.74	NA	NA	NA	6.2
CAF035	04/04/2011	0.339	NA	NA	NA	0.449	6.26	NA	NA	NA	6.28
CAF035	04/05/2011	0.36	NA	NA	NA	0.449	6.18	NA	NA	NA	6.31
CAF035	04/06/2011	0.343	NA	NA	NA	0.449	5.84	NA	NA	NA	6.4
CAF035	04/07/2011	0.337	NA	NA	NA	0.449	5.47	NA	NA	NA	6.48
CAF035	04/08/2011	0.332	NA	NA	NA	0.45	5.85	NA	NA	NA	6.5
CAF035	04/09/2011	0.329	NA	NA	NA	0.45	6.55	NA	NA	NA	6.5
CAF035	04/10/2011	0.325	NA	NA	NA	0.451	6.73	NA	NA	NA	6.54
CAF035	04/11/2011	0.322	NA	NA	NA	0.451	6.68	NA	NA	NA	6.6
CAF035	04/12/2011	0.32	NA	NA	NA	0.451	6.63	NA	NA	NA	6.6
CAF035	04/13/2011	0.318	NA	NA	NA	0.451	6.52	NA	NA	NA	6.6
CAF035	04/14/2011	0.315	NA	NA	NA	0.451	5.93	NA	NA	NA	6.67
CAF035	04/15/2011	0.314	NA	NA	NA	0.451	6.19	NA	NA	NA	6.67
CAF035	04/16/2011	0.327	NA	NA	NA	0.451	6.9	NA	NA	NA	6.7
CAF035	04/17/2011	0.328	NA	NA	NA	0.451	7.35	NA	NA	NA	6.72
CAF035	04/18/2011	0.323	NA	NA	NA	0.451	6.88	NA	NA	NA	6.8
CAF035	04/19/2011	0.319	NA	NA	NA	0.452	6.5	NA	NA	NA	6.8
CAF035	04/20/2011	0.317	NA	NA	NA	0.452	6.28	NA	NA	NA	6.81
CAF035	04/21/2011	0.315	NA	NA	NA	0.452	6.5	NA	NA	NA	6.9
CAF035	04/22/2011	0.312	NA	NA	NA	0.452	6.4	NA	NA	NA	6.9
CAF035	04/23/2011	0.311	NA	NA	NA	0.452	6.6	NA	NA	NA	6.9
CAF035	04/24/2011	0.31	NA	NA	NA	0.452	7.34	NA	NA	NA	6.91
CAF035	04/25/2011	0.309	NA	NA	NA	0.452	7.56	NA	NA	NA	7
CAF035	04/26/2011	0.31	NA	NA	NA	0.452	6.99	NA	NA	NA	7
CAF035	04/27/2011	0.315	NA	NA	NA	0.452	7.32	NA	NA	NA	7
CAF035	04/28/2011	0.317	NA	NA	NA	0.452	7.69	NA	NA	NA	7.05
CAF035	04/29/2011	0.317	NA	NA	NA	0.452	6.98	NA	NA	NA	7.1
CAF035	04/30/2011	0.315	NA	NA	NA	0.453	6.62	NA	NA	NA	7.1
CAF035	05/01/2011	NA	NA	NA	NA	NA	NA	NA	NA	NA	NA
CAF035	10/04/2011	NA	NA	NA	NA	NA	NA	NA	NA	NA	NA
CAF035	10/05/2011	0.175	0.231	0.188	0.254	0.392	15.58	17.3	15.85	15.28	15.7
CAF035	10/06/2011	0.237	0.231	0.188	0.256	0.392	14.03	17.01	15.71	15.2	15.63
CAF035	10/07/2011	0.239	0.23	0.188	0.256	0.392	12.89	16.38	15.38	15.11	15.6
CAF035	10/08/2011	0.235	0.229	0.188	0.255	0.392	12.45	15.83	15	14.95	15.57
CAF035	10/09/2011	0.233	0.229	0.188	0.255	0.392	12.5	15.45	14.65	14.74	15.48
CAF035	10/10/2011	0.231	0.228	0.188	0.254	0.392	12.54	15.26	14.38	14.55	15.37
CAF035	10/11/2011	0.23	0.228	0.187	0.254	0.392	12.34	15.09	14.17	14.36	15.26
CAF035	10/12/2011	0.229	0.229	0.187	0.253	0.391	12.02	14.73	13.98	14.21	15.15
CAF035	10/13/2011	0.228	0.229	0.187	0.253	0.391	11.76	14.44	13.8	14.05	15.04
CAF035	10/14/2011	0.227	0.229	0.187	0.254	0.39	12.05	14.23	13.63	13.91	14.93
CAF035	10/15/2011	0.227	0.231	0.187	0.254	0.39	12.15	13.55	13.5	13.77	14.83
CAF035	10/16/2011	0.242	0.232	0.187	0.253	0.39	11.97	13.19	13.4	13.65	14.72
CAF035	10/17/2011	0.24	0.231	0.186	0.253	0.39	10.96	13	13.29	13.55	14.63
CAF035	10/18/2011	0.237	0.231	0.186	0.252	0.389	10.53	12.52	13.11	13.44	14.54
CAF035	10/19/2011	0.236	0.23	0.186	0.252	0.389	10.88	12.27	12.9	13.3	14.44
CAF035	10/20/2011	0.234	0.23	0.186	0.251	0.388	11.11	12.19	12.75	13.15	14.34
CAF035	10/21/2011	0.234	0.229	0.186	0.251	0.388	11.56	12.19	12.68	13.04	14.25
CAF035	10/22/2011	0.233	0.229	0.186	0.251	0.388	11.73	12.26	12.6	12.94	14.15
CAF035	10/23/2011	0.232	0.229	0.186	0.25	0.387	11.91	12.3	12.6	12.88	14.07
CAF035	10/24/2011	0.231	0.23	0.186	0.25	0.387	11.81	12.36	12.6	12.8	13.99
CAF035	10/25/2011	0.229	0.229	0.186	0.25	0.387	10.62	12.24	12.58	12.78	13.9
CAF035	10/26/2011	0.228	0.229	0.186	0.25	0.387	9.44	11.87	12.43	12.7	13.85
CAF035	10/27/2011	0.227	0.228	0.186	0.25	0.387	9.08	11.38	12.18	12.59	13.8
CAF035	10/28/2011	0.226	0.227	0.186	0.25	0.387	8.74	11.07	11.91	12.45	13.7
CAF035	10/29/2011	0.225	0.227	0.186	0.25	0.386	9.03	10.81	11.69	12.3	13.61
CAF035	10/30/2011	0.227	0.227	0.186	0.25	0.385	9.14	10.75	11.53	12.15	13.51
CAF035	10/31/2011	0.24	0.227	0.186	0.249	0.385	9.63	10.7	11.41	12.03	13.42
CAF035	11/01/2011	0.235	0.227	0.186	0.249	0.385	8.6	10.7	11.37	11.9	13.31
CAF035	11/02/2011	0.233	0.227	0.185	0.249	0.384	7.58	10.35	11.22	11.81	13.22
CAF035	11/03/2011	0.231	0.226	0.185	0.249	0.384	7.33	9.94	10.98	11.67	13.13
CAF035	11/04/2011	0.24	0.226	0.185	0.249	0.383	7.19	9.7	10.74	11.54	13.03
CAF035	11/05/2011	0.242	0.226	0.185	0.248	0.383	6.13	9.44	10.53	11.37	12.93
CAF035	11/06/2011	0.238	0.225	0.185	0.248	0.383	5.65	9.06	10.28	11.22	12.82
CAF035	11/07/2011	0.236	0.225	0.185	0.248	0.382	5.13	8.72	10	11.04	12.68
CAF035	11/08/2011	0.234	0.224	0.184	0.248	0.381	4.98	8.35	9.74	10.85	12.56
CAF035	11/09/2011	0.233	0.224	0.184	0.247	0.381	5.57	8.2	9.5	10.65	12.43
CAF035	11/10/2011	0.233	0.224	0.185	0.247	0.38	5.79	8.2	9.35	10.48	12.28
CAF035	11/11/2011	0.235	0.224	0.184	0.247	0.379	5.92	8.2	9.27	10.34	12.15
CAF035	11/12/2011	0.262	0.224	0.185	0.247	0.378	5.72	8.1	9.19	10.22	12.03
CAF035	11/13/2011	0.281	0.226	0.184	0.247	0.377	5.12	7.91	9.07	10.11	11.92
CAF035	11/14/2011	0.259	0.229	0.185	0.246	0.377	5.37	7.75	8.93	9.99	11.81
CAF035	11/15/2011	0.252	0.233	0.184	0.246	0.376	4.73	7.66	8.81	9.87	11.71
CAF035	11/16/2011	0.249	0.235	0.184	0.246	0.376	3.77	7.35	8.66	9.76	11.6
CAF035	11/17/2011	0.273	0.236	0.184	0.246	0.375	3.28	6.92	8.42	9.63	11.49
CAF035	11/18/2011	0.261	0.238	0.184	0.246	0.374	3.5	6.62	8.17	9.45	11.37
CAF035	11/19/2011	0.256	0.24	0.184	0.246	0.373	3.5	6.47	7.96	9.29	11.25
CAF035	11/20/2011	0.253	0.242	0.184	0.245	0.373	3.5	6.38	7.83	9.14	11.13
CAF035	11/21/2011	0.257	0.243	0.184	0.245	0.372	3.5	6.3	7.7	9	11
CAF035	11/22/2011	0.314	0.316	0.183	0.244	0.372	3.51	6.13	7.56	8.87	10.87
CAF035	11/23/2011	0.28	0.34	0.184	0.245	0.371	4.8	6.19	7.43	8.74	10.76
CAF035	11/24/2011	0.273	0.339	0.184	0.245	0.37	5.28	6.52	7.49	8.65	10.65
CAF035	11/25/2011	0.274	0.339	0.184	0.244	0.37	5.13	6.74	7.58	8.6	10.56
CAF035	11/26/2011	0.271	0.337	0.184	0.244	0.369	4.43	6.75	7.6	8.6	10.49
CAF035	11/27/2011	0.267	0.335	0.184	0.244	0.369	3.93	6.54	7.55	8.51	10.4
CAF035	11/28/2011	0.267	0.335	0.184	0.244	0.369	4.4	6.4	7.42	8.47	10.35
CAF035	11/29/2011	0.266	0.334	0.184	0.244	0.368	4.51	6.4	7.34	8.39	10.29
CAF035	11/30/2011	0.265	0.333	0.185	0.244	0.368	4.45	6.4	7.3	8.3	10.2
CAF035	12/01/2011	0.262	0.331	0.185	0.244	0.367	3.94	6.36	7.28	8.26	10.13
CAF035	12/02/2011	0.259	0.33	0.185	0.244	0.367	3.43	6.17	7.17	8.2	10.08
CAF035	12/03/2011	0.256	0.328	0.185	0.244	0.367	3.12	5.94	7.05	8.11	10
CAF035	12/04/2011	0.254	0.327	0.185	0.244	0.367	2.78	5.73	6.9	8.02	9.92
CAF035	12/05/2011	0.252	0.325	0.185	0.244	0.366	2.53	5.51	6.74	7.92	9.86
CAF035	12/06/2011	0.25	0.325	0.185	0.243	0.366	2.34	5.33	6.57	7.79	9.77
CAF035	12/07/2011	0.249	0.324	0.185	0.243	0.366	2.21	5.16	6.43	7.67	9.68
CAF035	12/08/2011	0.248	0.323	0.185	0.243	0.365	2.09	5.03	6.28	7.56	9.59
CAF035	12/09/2011	0.248	0.322	0.185	0.243	0.365	1.95	4.9	6.15	7.45	9.49
CAF035	12/10/2011	0.247	0.321	0.185	0.243	0.365	1.9	4.77	6.03	7.34	9.4
CAF035	12/11/2011	0.246	0.32	0.185	0.243	0.364	1.87	4.69	5.91	7.23	9.3
CAF035	12/12/2011	0.246	0.32	0.185	0.242	0.364	1.8	4.6	5.8	7.12	9.2
CAF035	12/13/2011	0.245	0.319	0.185	0.242	0.364	1.7	4.52	5.71	7.02	9.1
CAF035	12/14/2011	0.245	0.319	0.185	0.242	0.363	1.63	4.45	5.62	6.93	9.01
CAF035	12/15/2011	0.244	0.318	0.186	0.242	0.363	1.6	4.4	5.52	6.83	8.92
CAF035	12/16/2011	0.244	0.317	0.186	0.242	0.362	1.68	4.3	5.45	6.75	8.84
CAF035	12/17/2011	0.243	0.317	0.186	0.242	0.362	1.7	4.3	5.4	6.67	8.76
CAF035	12/18/2011	0.243	0.316	0.186	0.242	0.361	1.7	4.3	5.3	6.6	8.69
CAF035	12/19/2011	0.243	0.316	0.186	0.242	0.36	1.78	4.3	5.3	6.51	8.6
CAF035	12/20/2011	0.243	0.315	0.186	0.242	0.36	1.8	4.3	5.2	6.45	8.52
CAF035	12/21/2011	0.243	0.314	0.186	0.242	0.36	1.8	4.3	5.2	6.4	8.45
CAF035	12/22/2011	0.243	0.314	0.187	0.242	0.36	1.79	4.22	5.18	6.33	8.4
CAF035	12/23/2011	0.243	0.315	0.186	0.241	0.36	1.66	4.2	5.1	6.3	8.3
CAF035	12/24/2011	0.242	0.314	0.186	0.241	0.359	1.6	4.17	5.09	6.21	8.27
CAF035	12/25/2011	0.242	0.314	0.187	0.241	0.359	1.6	4.1	5	6.18	8.2
CAF035	12/26/2011	0.241	0.313	0.187	0.241	0.359	1.6	4.1	4.95	6.1	8.14
CAF035	12/27/2011	0.241	0.312	0.187	0.242	0.358	1.6	4.01	4.9	6.05	8.1
CAF035	12/28/2011	0.25	0.314	0.187	0.241	0.357	1.71	4	4.86	6	8
CAF035	12/29/2011	0.29	0.335	0.187	0.241	0.357	2.86	4.07	4.8	5.93	7.98
CAF035	12/30/2011	0.327	0.357	0.187	0.241	0.356	3.58	4.33	4.8	5.9	7.9
CAF035	12/31/2011	0.289	0.355	0.188	0.241	0.356	3.41	4.65	4.93	5.9	7.86
CAF035	01/01/2012	0.28	0.352	0.188	0.241	0.355	2.84	4.77	5.05	5.9	7.8
CAF035	01/02/2012	0.275	0.351	0.189	0.242	0.355	2.71	4.7	5.1	5.9	7.8
CAF035	01/03/2012	0.273	0.35	0.191	0.242	0.355	2.88	4.7	5	5.9	7.8
CAF035	01/04/2012	0.272	0.348	0.192	0.242	0.355	3.32	4.71	5	5.9	7.78
CAF035	01/05/2012	0.272	0.348	0.195	0.242	0.355	4.01	4.87	5.06	5.9	7.7
CAF035	01/06/2012	0.269	0.347	0.198	0.242	0.355	3.63	5.08	5.16	5.9	7.7
CAF035	01/07/2012	0.266	0.346	0.202	0.242	0.355	3.03	5.07	5.2	5.9	7.7
CAF035	01/08/2012	0.264	0.345	0.204	0.242	0.355	2.99	4.97	5.2	5.9	7.7
CAF035	01/09/2012	0.263	0.344	0.207	0.242	0.355	3.08	4.9	5.12	5.9	7.7
CAF035	01/10/2012	0.263	0.345	0.209	0.242	0.355	3.28	4.91	5.1	5.9	7.67
CAF035	01/11/2012	0.261	0.343	0.211	0.242	0.355	2.82	4.95	5.1	5.9	7.6
CAF035	01/12/2012	0.26	0.342	0.212	0.242	0.355	2.34	4.84	5.09	5.83	7.6
CAF035	01/13/2012	0.258	0.341	0.213	0.242	0.355	2.05	4.66	4.99	5.8	7.6
CAF035	01/14/2012	0.256	0.34	0.214	0.242	0.354	1.9	4.52	4.88	5.77	7.57
CAF035	01/15/2012	0.254	0.338	0.215	0.242	0.354	1.8	4.39	4.77	5.7	7.5
CAF035	01/16/2012	0.252	0.337	0.215	0.242	0.354	1.8	4.3	4.68	5.61	7.5
CAF035	01/17/2012	0.251	0.337	0.216	0.242	0.354	1.8	4.22	4.57	5.56	7.4
CAF035	01/18/2012	0.251	0.336	0.216	0.242	0.353	1.8	4.2	4.52	5.5	7.4
CAF035	01/19/2012	0.25	0.337	0.217	0.242	0.353	1.77	4.18	4.5	5.43	7.31
CAF035	01/20/2012	0.251	0.338	0.216	0.241	0.353	1.74	4.1	4.4	5.4	7.3
CAF035	01/21/2012	NA	0.358	0.284	0.363	0.351	NA	3.47	4.18	5.28	7.2
CAF035	11/02/2012	NA	NA	NA	NA	NA	NA	NA	NA	NA	NA
CAF035	11/03/2012	0.312	0.221	0.178	0.22	0.347	9.93	11.19	11.47	11.6	12.9
CAF035	11/04/2012	0.309	0.221	0.178	0.22	0.347	9.99	11.2	11.5	11.6	12.84
CAF035	11/05/2012	0.306	0.221	0.178	0.22	0.347	10.3	11.2	11.5	11.6	12.8
CAF035	11/06/2012	0.303	0.222	0.178	0.22	0.346	10.66	11.33	11.5	11.55	12.78
CAF035	11/07/2012	0.301	0.222	0.178	0.221	0.346	10.76	11.47	11.53	11.5	12.7
CAF035	11/08/2012	0.297	0.222	0.178	0.221	0.346	9.44	11.45	11.6	11.5	12.7
CAF035	11/09/2012	0.293	0.222	0.178	0.221	0.346	7.98	11	11.45	11.5	12.7
CAF035	11/10/2012	0.293	0.222	0.178	0.221	0.346	6.88	10.37	11.17	11.45	12.62
CAF035	11/11/2012	0.291	0.221	0.177	0.22	0.345	5.88	9.75	10.82	11.32	12.6
CAF035	11/12/2012	0.291	0.221	0.177	0.22	0.345	5.1	9.16	10.45	11.13	12.5
CAF035	11/13/2012	0.351	0.22	0.177	0.22	0.344	4.52	8.61	10.06	10.92	12.41
CAF035	11/14/2012	0.34	0.218	0.177	0.22	0.344	4.71	8.12	9.67	10.69	12.28
CAF035	11/15/2012	0.33	0.218	0.177	0.219	0.343	5.17	7.93	9.38	10.47	12.15
CAF035	11/16/2012	0.324	0.219	0.176	0.219	0.342	5.5	7.9	9.22	10.26	12
CAF035	11/17/2012	0.32	0.219	0.176	0.219	0.341	5.87	7.96	9.12	10.12	11.86
CAF035	11/18/2012	0.327	0.219	0.176	0.219	0.341	6.03	8.06	9.1	10	11.74
CAF035	11/19/2012	0.352	0.219	0.177	0.218	0.34	5.72	8.07	9.08	9.9	11.63
CAF035	11/20/2012	0.359	0.219	0.177	0.218	0.339	6.2	8	8.99	9.82	11.53
CAF035	11/21/2012	0.351	0.222	0.177	0.218	0.339	6.69	8.05	8.9	9.72	11.44
CAF035	11/22/2012	0.338	0.24	0.177	0.218	0.338	6.08	8.18	8.9	9.68	11.35
CAF035	11/23/2012	0.331	0.275	0.177	0.218	0.338	5.45	8	8.88	9.6	11.29
CAF035	11/24/2012	0.349	0.305	0.177	0.218	0.337	5.47	7.76	8.75	9.53	11.2
CAF035	11/25/2012	0.339	0.331	0.177	0.218	0.336	5.62	7.7	8.61	9.42	11.13
CAF035	11/26/2012	0.333	0.342	0.176	0.218	0.336	5.12	7.69	8.52	9.32	11.05
CAF035	11/27/2012	0.327	0.345	0.176	0.218	0.335	4.53	7.47	8.4	9.23	10.98
CAF035	11/28/2012	0.324	0.345	0.177	0.218	0.335	4.49	7.2	8.22	9.12	10.89
CAF035	11/29/2012	0.323	0.344	0.177	0.217	0.334	4.76	7.1	8.05	8.98	10.8
CAF035	11/30/2012	0.342	0.344	0.177	0.217	0.333	5.44	7.12	7.96	8.87	10.7
CAF035	12/01/2012	0.34	0.345	0.177	0.217	0.332	6.1	7.31	7.95	8.78	10.61
CAF035	12/02/2012	0.355	0.36	0.179	0.217	0.331	6.15	7.55	8	8.7	10.53
CAF035	12/03/2012	0.342	0.362	0.185	0.217	0.33	5.87	7.67	8.04	8.7	10.47
CAF035	12/04/2012	0.35	0.362	0.212	0.217	0.329	5.8	7.7	8.1	8.67	10.4
CAF035	12/05/2012	0.351	0.364	0.233	0.217	0.329	6.07	7.7	8.05	8.6	10.37
CAF035	12/06/2012	0.343	0.365	0.243	0.217	0.329	5.63	7.76	8.06	8.6	10.3
CAF035	12/07/2012	0.348	0.364	0.247	0.217	0.328	4.83	7.62	8.01	8.54	10.28
CAF035	12/08/2012	0.345	0.367	0.268	0.217	0.327	4.23	7.37	7.88	8.48	10.2
CAF035	12/09/2012	0.337	0.365	0.275	0.217	0.327	3.72	7.09	7.71	8.37	10.16
CAF035	12/10/2012	0.332	0.362	0.276	0.217	0.327	3.38	6.8	7.52	8.25	10.1
CAF035	12/11/2012	0.339	0.358	0.273	0.217	0.326	3.2	6.5	7.3	8.12	10
CAF035	12/12/2012	0.352	0.359	0.272	0.217	0.325	3.1	6.29	7.15	7.97	9.9
CAF035	12/13/2012	0.344	0.363	0.278	0.217	0.325	3.12	6.1	6.96	7.84	9.81
CAF035	12/14/2012	0.339	0.362	0.284	0.217	0.324	3.08	6	6.83	7.68	9.7
CAF035	12/15/2012	0.334	0.361	0.286	0.217	0.324	2.9	6	6.66	7.55	9.6
CAF035	12/16/2012	0.333	0.357	0.287	0.217	0.323	2.9	5.86	6.59	7.44	9.49
CAF035	12/17/2012	0.345	0.355	0.287	0.217	0.322	2.86	5.78	6.49	7.33	9.39
CAF035	12/18/2012	0.34	0.358	0.293	0.218	0.322	2.71	5.7	6.38	7.22	9.29
CAF035	12/19/2012	0.333	0.358	0.297	0.218	0.321	2.52	5.62	6.29	7.12	9.19
CAF035	12/20/2012	0.328	0.356	0.298	0.218	0.321	2.38	5.52	6.2	7.01	9.1
CAF035	12/21/2012	0.325	0.355	0.298	0.218	0.32	2.3	5.43	6.1	6.92	9
CAF035	12/22/2012	0.323	0.354	0.297	0.218	0.319	2.3	5.37	6.01	6.82	8.9
CAF035	12/23/2012	0.324	0.352	0.297	0.218	0.319	2.3	5.3	5.92	6.73	8.81
CAF035	12/24/2012	0.326	0.351	0.297	0.218	0.318	2.3	5.25	5.82	6.65	8.72
CAF035	12/25/2012	0.329	0.35	0.297	0.218	0.317	2.38	5.2	5.8	6.58	8.65
CAF035	12/26/2012	0.33	0.35	0.297	0.219	0.317	2.42	5.2	5.71	6.5	8.57
CAF035	12/27/2012	0.33	0.35	0.296	0.219	0.316	2.5	5.2	5.7	6.43	8.5
CAF035	12/28/2012	0.33	0.35	0.296	0.219	0.316	2.57	5.2	5.61	6.4	8.4
CAF035	12/29/2012	0.33	0.35	0.295	0.219	0.316	2.6	5.2	5.6	6.4	8.34
CAF035	12/30/2012	0.329	0.35	0.295	0.219	0.315	2.57	5.2	5.54	6.3	8.3
CAF035	12/31/2012	0.328	0.35	0.295	0.22	0.315	2.5	5.2	5.52	6.3	8.2
CAF035	01/01/2013	0.327	0.35	0.295	0.22	0.315	2.5	5.14	5.5	6.22	8.17
CAF035	01/02/2013	0.325	0.349	0.295	0.22	0.314	2.5	5.1	5.5	6.2	8.1
CAF035	01/03/2013	0.324	0.348	0.295	0.221	0.314	2.4	5.1	5.43	6.15	8.04
CAF035	01/04/2013	0.322	0.348	0.295	0.221	0.314	2.25	5.01	5.4	6.1	8
CAF035	01/05/2013	0.32	0.348	0.294	0.221	0.313	2.2	4.98	5.37	6.07	7.93
CAF035	01/06/2013	0.318	0.347	0.294	0.222	0.313	2.12	4.9	5.3	6	7.9
CAF035	01/07/2013	0.316	0.347	0.295	0.222	0.312	2.1	4.89	5.26	5.98	7.82
CAF035	01/08/2013	0.32	0.347	0.295	0.222	0.312	2.1	4.8	5.2	5.9	7.8
CAF035	01/09/2013	0.355	0.357	0.321	0.294	0.311	1.95	4.7	5.13	5.87	7.71
CAF035	01/10/2013	0.339	0.362	0.368	0.445	0.406	1.97	4.53	4.93	5.72	7.65
CAF035	01/11/2013	0.332	0.364	0.366	0.445	0.442	2	4.5	4.9	5.62	7.55
CAF035	01/12/2013	0.329	0.364	0.367	0.444	0.442	1.95	4.5	4.9	5.59	7.48
CAF035	01/13/2013	0.326	0.364	0.368	0.444	0.441	1.9	4.5	4.83	5.5	7.4
CAF035	01/14/2013	0.324	0.363	0.367	0.444	0.44	1.9	4.5	4.8	5.5	7.37
CAF035	01/15/2013	0.322	0.362	0.356	0.443	0.441	1.9	4.5	4.8	5.48	7.3
CAF035	01/16/2013	0.32	0.362	0.351	0.442	0.441	1.9	4.5	4.8	5.4	7.27
CAF035	01/17/2013	0.319	0.361	0.348	0.426	0.44	1.9	4.41	4.75	5.4	7.2
CAF035	01/18/2013	0.318	0.361	0.346	0.416	0.44	1.86	4.4	4.7	5.37	7.2
CAF035	01/19/2013	0.316	0.36	0.344	0.412	0.439	1.8	4.4	4.7	5.3	7.1
CAF035	01/20/2013	0.315	0.36	0.342	0.411	0.434	1.8	4.4	4.7	5.3	7.1
CAF035	01/21/2013	0.314	0.359	0.341	0.411	0.416	1.79	4.38	4.61	5.25	7.05
CAF035	01/22/2013	0.312	0.359	0.34	0.409	0.411	1.7	4.3	4.6	5.2	7
CAF035	01/23/2013	0.311	0.359	0.339	0.409	0.403	1.7	4.3	4.6	5.2	7
CAF035	01/24/2013	0.309	0.358	0.339	0.399	0.399	1.6	4.25	4.5	5.12	6.9
CAF035	01/25/2013	0.336	0.357	0.339	0.395	0.407	1.6	4.2	4.5	5.1	6.9
CAF035	01/26/2013	0.346	0.363	0.356	0.414	0.428	1.63	4.12	4.44	5.07	6.85
CAF035	01/27/2013	0.337	0.364	0.371	0.427	0.436	1.81	4.1	4.4	5	6.8
CAF035	01/28/2013	0.334	0.364	0.371	0.426	0.436	1.9	4.1	4.33	4.92	6.73
CAF035	01/29/2013	0.334	0.364	0.371	0.427	0.436	1.9	4.1	4.3	4.9	6.7
CAF035	01/30/2013	0.353	0.369	0.375	0.427	0.438	1.96	4.1	4.3	4.86	6.64
CAF035	01/31/2013	0.341	0.37	0.376	0.426	0.438	2.64	4.14	4.2	4.8	6.6
CAF035	02/01/2013	0.338	0.371	0.376	0.426	0.438	3.1	4.32	4.28	4.8	6.52
CAF035	02/02/2013	0.335	0.371	0.375	0.427	0.438	3.12	4.5	4.37	4.8	6.5
CAF035	02/03/2013	0.333	0.37	0.375	0.427	0.438	3.15	4.6	4.46	4.8	6.46
CAF035	02/04/2013	0.332	0.37	0.375	0.427	0.437	3.43	4.7	4.52	4.8	6.4
CAF035	02/05/2013	0.331	0.37	0.375	0.427	0.437	3.73	4.84	4.6	4.83	6.4
CAF035	02/06/2013	0.329	0.37	0.375	0.427	0.437	3.67	4.97	4.69	4.9	6.4
CAF035	02/07/2013	0.328	0.37	0.375	0.427	0.437	3.55	5	4.78	4.92	6.4
CAF035	02/08/2013	0.327	0.369	0.375	0.427	0.437	3.35	5.02	4.8	5	6.45
CAF035	02/09/2013	0.329	0.368	0.375	0.427	0.437	3.09	5	4.8	5	6.5
CAF035	02/10/2013	0.336	0.367	0.375	0.428	0.437	2.76	4.93	4.8	5	6.5
CAF035	02/11/2013	0.334	0.367	0.375	0.429	0.437	2.48	4.83	4.78	5	6.5
CAF035	02/12/2013	0.333	0.367	0.375	0.429	0.438	2.68	4.71	4.7	5	6.5
CAF035	02/13/2013	0.332	0.367	0.375	0.429	0.438	3.21	4.75	4.7	5	6.5
CAF035	02/14/2013	0.331	0.367	0.375	0.429	0.438	3.3	4.87	4.7	5	6.5
CAF035	02/15/2013	0.329	0.367	0.375	0.429	0.438	3.31	4.9	4.7	5	6.43
CAF035	02/16/2013	0.329	0.367	0.374	0.428	0.438	3.77	4.98	4.76	5	6.4
CAF035	02/17/2013	0.328	0.367	0.374	0.428	0.438	3.87	5.13	4.8	5	6.4
CAF035	02/18/2013	0.325	0.368	0.373	0.428	0.438	3.57	5.2	4.9	5	6.45
CAF035	02/19/2013	0.324	0.368	0.372	0.427	0.438	3.18	5.17	4.9	5.07	6.5
CAF035	02/20/2013	0.323	0.368	0.369	0.428	0.438	3.18	5.1	4.9	5.1	6.5
CAF035	02/21/2013	0.322	0.368	0.366	0.428	0.438	3.12	5.1	4.9	5.1	6.5
CAF035	02/22/2013	0.333	0.367	0.366	0.428	0.439	2.67	5.02	4.84	5.1	6.5
CAF035	02/23/2013	0.346	0.371	0.374	0.429	0.44	2.47	4.9	4.78	5.02	6.5
CAF035	02/24/2013	0.341	0.373	0.376	0.429	0.44	2.49	4.8	4.7	5	6.47
CAF035	02/25/2013	0.341	0.374	0.376	0.429	0.44	2.52	4.72	4.62	4.97	6.4
CAF035	02/26/2013	0.341	0.375	0.377	0.429	0.44	2.5	4.7	4.6	4.9	6.4
CAF035	02/27/2013	0.338	0.376	0.376	0.43	0.44	2.57	4.7	4.53	4.9	6.4
CAF035	02/28/2013	0.343	0.376	0.377	0.431	0.441	2.94	4.75	4.5	4.83	6.36
CAF035	03/01/2013	0.349	0.378	0.379	0.43	0.441	3.34	4.87	4.5	4.8	6.3
CAF035	03/02/2013	0.345	0.379	0.379	0.43	0.441	4.08	5.07	4.57	4.8	6.3
CAF035	03/03/2013	0.343	0.38	0.378	0.43	0.441	4.35	5.32	4.66	4.8	6.3
CAF035	03/04/2013	0.339	0.381	0.379	0.431	0.441	3.81	5.5	4.79	4.9	6.3
CAF035	03/05/2013	0.336	0.381	0.378	0.431	0.441	3.55	5.48	4.85	4.9	6.3
CAF035	03/06/2013	0.334	0.381	0.378	0.431	0.441	3.51	5.4	4.89	4.99	6.3
CAF035	03/07/2013	0.336	0.381	0.378	0.432	0.441	3.89	5.4	4.85	5	6.3
CAF035	03/08/2013	0.337	0.382	0.378	0.432	0.441	4.13	5.5	4.9	5	6.3
CAF035	03/09/2013	0.336	0.383	0.379	0.434	0.442	4.17	5.65	4.94	5	6.3
CAF035	03/10/2013	0.335	0.384	0.379	0.435	0.442	4.14	5.7	5	5	6.3
CAF035	03/11/2013	0.333	0.385	0.379	0.435	0.442	4.25	5.76	5	5.07	6.3
CAF035	03/12/2013	0.333	0.386	0.379	0.435	0.442	4.74	5.89	5.07	5.1	6.38
CAF035	03/13/2013	0.333	0.387	0.379	0.436	0.442	5.43	6.1	5.14	5.1	6.4
CAF035	03/14/2013	0.333	0.388	0.379	0.437	0.442	6.24	6.41	5.25	5.16	6.4
CAF035	03/15/2013	0.332	0.389	0.379	0.437	0.442	6.6	6.78	5.45	5.24	6.4
CAF035	03/16/2013	0.331	0.39	0.379	0.438	0.443	6.67	7.2	5.65	5.35	6.46
CAF035	03/17/2013	0.328	0.389	0.38	0.439	0.443	5.85	7.46	5.83	5.47	6.5
CAF035	03/18/2013	0.325	0.39	0.38	0.44	0.443	4.85	7.43	5.9	5.57	6.58
CAF035	03/19/2013	0.323	0.39	0.38	0.441	0.443	4.38	7.24	5.86	5.6	6.62
CAF035	03/20/2013	0.326	0.389	0.379	0.441	0.444	4.83	7.1	5.77	5.6	6.7
CAF035	03/21/2013	0.333	0.389	0.379	0.442	0.444	4.75	7.1	5.7	5.6	6.7
CAF035	03/22/2013	0.332	0.388	0.379	0.442	0.443	4.16	7	5.7	5.6	6.7
CAF035	03/23/2013	0.331	0.388	0.38	0.443	0.443	3.94	6.85	5.65	5.6	6.7
CAF035	03/24/2013	0.331	0.388	0.38	0.444	0.443	4.15	6.76	5.59	5.6	6.7
CAF035	03/25/2013	0.33	0.388	0.38	0.444	0.443	4.32	6.7	5.5	5.6	6.7
CAF035	03/26/2013	0.329	0.387	0.379	0.444	0.443	4.96	6.76	5.5	5.5	6.7
CAF035	03/27/2013	0.329	0.387	0.38	0.444	0.443	6	6.98	5.54	5.5	6.7
CAF035	03/28/2013	0.328	0.386	0.38	0.445	0.443	6.8	7.28	5.67	5.55	6.7
CAF035	03/29/2013	0.327	0.387	0.38	0.445	0.443	7.4	7.66	5.88	5.62	6.7
CAF035	03/30/2013	0.325	0.387	0.376	0.446	0.443	7.73	8	6.1	5.73	6.8
CAF035	03/31/2013	0.322	0.387	0.375	0.446	0.443	8.1	8.3	6.31	5.85	6.8
CAF035	04/01/2013	0.318	0.387	0.373	0.446	0.444	8.54	8.58	6.53	5.99	6.9
CAF035	04/02/2013	0.315	0.387	0.371	0.447	0.444	8.77	8.83	6.75	6.14	6.96
CAF035	04/03/2013	0.311	0.387	0.369	0.445	0.445	8.88	9.05	6.97	6.28	7.05
CAF035	04/04/2013	0.309	0.387	0.368	0.444	0.445	9.13	9.22	7.15	6.44	7.15
CAF035	04/05/2013	0.316	0.387	0.367	0.445	0.445	9.02	9.39	7.34	6.57	7.25
CAF035	04/06/2013	0.319	0.387	0.365	0.44	0.446	9	9.48	7.47	6.72	7.35
CAF035	04/07/2013	0.343	0.386	0.365	0.44	0.446	8.66	9.5	7.58	6.83	7.45
CAF035	04/08/2013	0.348	0.386	0.364	0.432	0.447	8.14	9.45	7.65	6.93	7.54
CAF035	04/09/2013	0.342	0.385	0.364	0.426	0.447	7.8	9.28	7.7	7	7.62
CAF035	04/10/2013	0.339	0.385	0.365	0.435	0.448	8.08	9.2	7.62	7.07	7.7
CAF035	04/11/2013	0.336	0.385	0.365	0.437	0.448	7.8	9.17	7.69	7.1	7.76
CAF035	04/12/2013	0.334	0.386	0.365	0.439	0.448	7.53	9.05	7.69	7.1	7.8
CAF035	04/13/2013	0.358	0.386	0.366	0.441	0.448	7.59	8.97	7.6	7.1	7.85
CAF035	04/14/2013	0.351	0.386	0.367	0.441	0.448	7.05	8.86	7.6	7.12	7.9
CAF035	04/15/2013	0.346	0.386	0.369	0.442	0.448	6.83	8.72	7.59	7.16	7.9
CAF035	04/16/2013	0.341	0.387	0.369	0.443	0.448	6.53	8.58	7.5	7.1	7.9
CAF035	04/17/2013	0.337	0.386	0.368	0.443	0.449	6.42	8.47	7.43	7.1	7.92
CAF035	04/18/2013	0.335	0.386	0.368	0.444	0.449	6.64	8.4	7.4	7.1	8
CAF035	04/19/2013	0.348	0.386	0.369	0.447	0.449	6.95	8.4	7.33	7.1	8
CAF035	04/20/2013	0.357	0.386	0.37	0.447	0.449	7.25	8.48	7.36	7.02	7.98
CAF035	04/21/2013	0.353	0.387	0.371	0.448	0.449	7.43	8.59	7.4	7.06	8
CAF035	04/22/2013	0.349	0.387	0.372	0.447	0.449	7.36	8.67	7.42	7.1	8
CAF035	04/23/2013	0.346	0.387	0.372	0.447	0.449	7.5	8.7	7.5	7.1	8
CAF035	04/24/2013	0.342	0.387	0.371	0.447	0.449	7.63	8.78	7.5	7.1	8
CAF035	04/25/2013	0.339	0.387	0.371	0.447	0.449	8.18	8.85	7.58	7.12	8
CAF035	04/26/2013	0.336	0.387	0.368	0.446	0.449	8.93	9.08	7.65	7.2	8
CAF035	04/27/2013	0.332	0.387	0.365	0.434	0.45	9.51	9.39	7.82	7.24	8.07
CAF035	04/28/2013	0.327	0.384	0.363	0.416	0.45	9.46	9.67	8	7.34	8.1
CAF035	04/29/2013	0.322	0.383	0.362	0.416	0.45	9.36	9.83	8.16	7.45	8.16
CAF035	04/30/2013	0.317	0.383	0.361	0.416	0.45	8.42	9.87	8.28	7.56	8.21
CAF035	05/01/2013	0.313	0.382	0.359	0.408	0.449	7.92	9.69	8.3	7.64	8.3
CAF035	05/02/2013	0.312	0.381	0.357	0.399	0.449	8.25	9.6	8.28	7.7	8.33
CAF035	05/03/2013	NA	NA	NA	NA	NA	NA	NA	NA	NA	NA
CAF035	08/25/2013	NA	NA	NA	NA	NA	NA	NA	NA	NA	NA
CAF035	08/26/2013	0.21	0.231	0.188	0.211	0.296	19.18	18.93	17.18	15	14.9
CAF035	08/27/2013	0.21	0.23	0.188	0.211	0.297	19.04	18.8	17.15	15	14.9
CAF035	08/28/2013	0.211	0.23	0.188	0.211	0.297	19.15	18.76	17.14	15.1	14.92
CAF035	08/29/2013	0.211	0.23	0.188	0.211	0.298	19.16	18.77	17.1	15.1	15
CAF035	08/30/2013	0.21	0.23	0.188	0.211	0.298	19.03	18.75	17.1	15.1	15
CAF035	08/31/2013	0.21	0.23	0.188	0.211	0.298	19.05	18.73	17.1	15.06	15
CAF035	09/01/2013	0.209	0.23	0.188	0.211	0.298	19.32	18.77	17.06	15.1	15.03
CAF035	09/02/2013	0.209	0.23	0.189	0.211	0.299	19.36	18.8	17.1	15.1	15.1
CAF035	09/03/2013	0.209	0.23	0.188	0.211	0.299	18.96	18.81	17.06	15.13	15.1
CAF035	09/04/2013	0.209	0.23	0.189	0.211	0.299	18.92	18.77	17.06	15.2	15.1
CAF035	09/05/2013	0.209	0.23	0.189	0.211	0.3	19.13	18.77	17.1	15.2	15.1
CAF035	09/06/2013	0.209	0.23	0.189	0.211	0.3	18.71	18.78	17.1	15.2	15.2
CAF035	09/07/2013	0.208	0.229	0.189	0.211	0.3	18.12	18.63	17.03	15.2	15.2
CAF035	09/08/2013	0.208	0.229	0.189	0.211	0.3	17.97	18.46	16.93	15.2	15.2
CAF035	09/09/2013	0.207	0.229	0.188	0.212	0.3	17.78	18.33	16.84	15.15	15.2
CAF035	09/10/2013	0.208	0.229	0.188	0.211	0.3	18.03	18.27	16.76	15.1	15.2
CAF035	09/11/2013	0.208	0.229	0.188	0.211	0.301	18.37	18.29	16.7	15.1	15.2
CAF035	09/12/2013	0.208	0.229	0.188	0.211	0.301	18.62	18.38	16.68	15.1	15.2
CAF035	09/13/2013	0.209	0.229	0.188	0.211	0.301	18.7	18.48	16.8	15.1	15.2
CAF035	09/14/2013	0.209	0.229	0.188	0.211	0.301	18.88	18.58	16.8	15.1	15.2
CAF035	09/15/2013	0.209	0.229	0.189	0.211	0.301	19.11	18.69	16.9	15.1	15.2
CAF035	09/16/2013	0.209	0.229	0.189	0.211	0.301	19.25	18.85	16.94	15.17	15.2
CAF035	09/17/2013	0.217	0.229	0.189	0.211	0.301	18.25	18.84	17	15.2	15.28
CAF035	09/18/2013	0.243	0.229	0.189	0.212	0.302	17.08	18.53	16.91	15.2	15.3
CAF035	09/19/2013	0.236	0.228	0.188	0.212	0.302	16.05	18.09	16.73	15.2	15.3
CAF035	09/20/2013	0.232	0.228	0.188	0.212	0.302	15.7	17.68	16.51	15.14	15.3
CAF035	09/21/2013	0.229	0.227	0.188	0.211	0.302	15.65	17.42	16.27	15.04	15.3
CAF035	09/22/2013	0.226	0.227	0.188	0.211	0.302	15.08	17.23	16.1	14.93	15.26
CAF035	09/23/2013	0.223	0.227	0.188	0.211	0.302	14.57	16.95	15.91	14.84	15.2
CAF035	09/24/2013	0.258	0.227	0.187	0.211	0.302	14.21	16.69	15.7	14.72	15.17
CAF035	09/25/2013	0.262	0.226	0.187	0.21	0.302	13.86	16.44	15.46	14.6	15.1
CAF035	09/26/2013	0.255	0.226	0.187	0.21	0.301	13.4	16.18	15.3	14.47	15.02
CAF035	09/27/2013	0.251	0.226	0.187	0.21	0.301	13.11	15.94	15.09	14.35	14.96
CAF035	09/28/2013	0.299	0.225	0.186	0.21	0.301	12.61	15.68	14.88	14.21	14.89
CAF035	09/29/2013	0.332	0.225	0.185	0.21	0.301	12.41	15.42	14.65	14.06	14.8
CAF035	09/30/2013	0.34	0.225	0.185	0.209	0.301	11.83	15.18	14.46	13.93	14.7
CAF035	10/01/2013	0.323	0.224	0.185	0.209	0.3	11.49	14.89	14.23	13.78	14.61
CAF035	10/02/2013	0.314	0.224	0.182	0.209	0.3	11.1	14.63	13.94	13.64	14.52
CAF035	10/03/2013	0.307	0.224	0.184	0.209	0.3	10.67	14.35	13.79	13.48	14.42
CAF035	10/04/2013	0.302	0.223	0.184	0.209	0.299	10.51	14.1	13.57	13.34	14.32
CAF035	10/05/2013	0.298	0.224	0.184	0.208	0.299	10.45	13.9	13.36	13.17	14.21
CAF035	10/06/2013	0.295	0.224	0.184	0.208	0.298	10.64	13.78	13.18	13.03	14.1
CAF035	10/07/2013	0.292	0.224	0.183	0.208	0.298	10.76	13.74	13.08	12.89	13.99
CAF035	10/08/2013	0.289	0.224	0.184	0.208	0.297	10.57	13.7	13	12.78	13.9
CAF035	10/09/2013	0.29	0.224	0.183	0.208	0.297	10.03	13.57	12.85	12.68	13.8
CAF035	10/10/2013	0.289	0.223	0.184	0.208	0.296	9.92	13.37	12.75	12.58	13.71
CAF035	10/11/2013	0.287	0.223	0.183	0.208	0.296	9.98	13.23	12.55	12.47	13.58
CAF035	10/12/2013	0.286	0.223	0.183	0.208	0.295	10.24	13.1	12.4	12.35	13.53
CAF035	10/13/2013	0.284	0.223	0.183	0.208	0.295	10.22	13.11	12.26	12.26	13.45
CAF035	10/14/2013	0.281	0.223	0.183	0.207	0.295	9.91	13.08	12.2	12.18	13.37
CAF035	10/15/2013	0.278	0.223	0.183	0.207	0.294	9.5	12.91	12.08	12.1	13.3
CAF035	10/16/2013	0.276	0.223	0.183	0.207	0.294	9.47	12.72	11.92	12	13.2
CAF035	10/17/2013	0.275	0.223	0.183	0.207	0.293	9.4	12.6	11.84	11.9	13.12
CAF035	10/18/2013	0.273	0.223	0.183	0.207	0.293	9.25	12.5	11.71	11.81	13.05
CAF035	10/19/2013	0.271	0.223	0.183	0.207	0.293	9.22	12.4	11.6	11.72	12.98
CAF035	10/20/2013	0.27	0.222	0.183	0.207	0.292	9.19	12.31	11.54	11.63	12.9
CAF035	10/21/2013	0.269	0.222	0.183	0.207	0.292	9.41	12.3	11.47	11.55	12.81
CAF035	10/22/2013	0.269	0.222	0.183	0.207	0.292	9.75	12.3	11.4	11.5	12.75
CAF035	10/23/2013	0.268	0.222	0.183	0.207	0.291	9.97	12.3	11.4	11.4	12.7
CAF035	10/24/2013	0.268	0.222	0.183	0.207	0.291	10.13	12.36	11.4	11.4	12.6
CAF035	10/25/2013	0.267	0.223	0.183	0.207	0.291	10.04	12.29	11.4	11.38	12.6
CAF035	10/26/2013	0.265	0.223	0.183	0.207	0.29	9.92	12.2	11.4	11.3	12.5
CAF035	10/27/2013	0.264	0.223	0.183	0.207	0.29	9.67	12.05	11.37	11.3	12.5
CAF035	10/28/2013	0.262	0.223	0.183	0.207	0.29	9.3	11.85	11.3	11.3	12.46
CAF035	10/29/2013	0.259	0.222	0.183	0.207	0.29	8.52	11.58	11.22	11.22	12.4
CAF035	10/30/2013	0.257	0.222	0.183	0.207	0.29	7.86	11.21	11.05	11.17	12.4
CAF035	10/31/2013	0.256	0.222	0.183	0.206	0.29	7.71	10.83	10.86	11.07	12.3
CAF035	11/01/2013	0.255	0.221	0.182	0.206	0.289	7.69	10.56	10.67	10.96	12.26
CAF035	11/02/2013	0.281	0.221	0.182	0.206	0.289	7.93	10.41	10.54	10.81	12.2
CAF035	11/03/2013	0.297	0.221	0.182	0.206	0.289	7.63	10.35	10.44	10.7	12.1
CAF035	11/04/2013	0.31	0.221	0.182	0.206	0.288	7.08	10.16	10.35	10.66	12.03
CAF035	11/05/2013	0.317	0.22	0.182	0.206	0.288	6.5	9.88	10.16	10.56	11.97
CAF035	11/06/2013	0.335	0.22	0.181	0.206	0.288	5.94	9.52	9.97	10.45	11.89
CAF035	11/07/2013	0.338	0.219	0.181	0.206	0.287	6.21	9.25	9.75	10.32	11.8
CAF035	11/08/2013	0.334	0.219	0.181	0.206	0.287	6.5	9.1	9.63	10.17	11.7
CAF035	11/09/2013	0.323	0.219	0.181	0.206	0.286	6.39	9.08	9.45	10.05	11.61
CAF035	11/10/2013	0.319	0.219	0.181	0.205	0.286	6.54	9	9.42	9.96	11.52
CAF035	11/11/2013	0.316	0.219	0.181	0.205	0.286	6.88	9	9.4	9.87	11.43
CAF035	11/12/2013	0.314	0.219	0.181	0.205	0.285	7.22	9.06	9.36	9.8	11.35
CAF035	11/13/2013	0.311	0.219	0.182	0.205	0.284	7.27	9.17	9.4	9.73	11.29
CAF035	11/14/2013	0.309	0.219	0.182	0.205	0.284	7.12	9.2	9.37	9.7	11.2
CAF035	11/15/2013	0.306	0.219	0.182	0.205	0.283	6.86	9.1	9.36	9.7	11.17
CAF035	11/16/2013	0.343	0.219	0.181	0.205	0.283	6.14	8.96	9.25	9.61	11.1
CAF035	11/17/2013	0.331	0.219	0.181	0.204	0.283	5.77	8.68	9.14	9.56	11.07
CAF035	11/18/2013	0.325	0.219	0.181	0.204	0.283	5.82	8.45	8.96	9.47	11
CAF035	11/19/2013	0.33	0.219	0.181	0.204	0.282	5.9	8.33	8.85	9.37	10.92
CAF035	11/20/2013	0.335	0.219	0.181	0.204	0.282	5.94	8.3	8.78	9.29	10.87
CAF035	11/21/2013	0.327	0.219	0.181	0.204	0.282	4.95	8.16	8.65	9.2	10.8
CAF035	11/22/2013	0.321	0.218	0.181	0.204	0.281	4.08	7.78	8.52	9.13	10.71
CAF035	11/23/2013	0.317	0.218	0.181	0.203	0.281	3.58	7.35	8.29	9.01	10.65
CAF035	11/24/2013	0.314	0.217	0.18	0.203	0.28	3.28	6.97	7.98	8.86	10.57
CAF035	11/25/2013	0.311	0.217	0.18	0.203	0.28	3.06	6.67	7.74	8.7	10.47
CAF035	11/26/2013	0.309	0.217	0.18	0.203	0.279	2.98	6.45	7.55	8.54	10.36
CAF035	11/27/2013	0.308	0.217	0.18	0.203	0.279	2.94	6.37	7.33	8.38	10.25
CAF035	11/28/2013	0.306	0.217	0.18	0.203	0.278	2.87	6.29	7.2	8.24	10.13
CAF035	11/29/2013	0.305	0.217	0.18	0.203	0.278	2.73	6.17	7.05	8.11	10.02
CAF035	11/30/2013	0.304	0.217	0.18	0.202	0.277	2.83	6.04	6.93	7.94	9.91
CAF035	12/01/2013	0.329	0.216	0.179	0.202	0.277	3.4	6	6.82	7.86	9.8
CAF035	12/02/2013	0.34	0.217	0.179	0.202	0.277	4.15	6.09	6.7	7.75	9.7
CAF035	12/03/2013	0.334	0.217	0.179	0.202	0.276	3.87	6.28	6.8	7.7	9.6
CAF035	12/04/2013	0.328	0.217	0.179	0.202	0.275	3.42	6.24	6.8	7.6	9.48
CAF035	12/05/2013	0.324	0.217	0.179	0.202	0.275	2.98	6.09	6.76	7.6	9.45
CAF035	12/06/2013	0.32	0.217	0.179	0.202	0.275	2.63	5.89	6.62	7.52	9.4
CAF035	12/07/2013	0.317	0.217	0.179	0.202	0.274	2.37	5.69	6.54	7.45	9.3
CAF035	12/08/2013	0.314	0.217	0.179	0.202	0.274	2.1	5.49	6.39	7.35	9.25
CAF035	12/09/2013	0.312	0.217	0.179	0.201	0.274	1.85	5.28	6.25	7.25	9.17
CAF035	12/10/2013	0.309	0.217	0.179	0.201	0.273	1.66	5.07	6.08	7.14	9.09
CAF035	12/11/2013	0.307	0.217	0.179	0.201	0.273	1.58	4.91	5.94	7.02	9
CAF035	12/12/2013	0.305	0.217	0.179	0.201	0.272	1.5	4.77	5.81	6.9	8.9
CAF035	12/13/2013	0.303	0.217	0.179	0.201	0.272	1.5	4.66	5.68	6.78	8.81
CAF035	12/14/2013	0.302	0.217	0.179	0.201	0.271	1.5	4.58	5.6	6.68	8.71
CAF035	12/15/2013	0.301	0.217	0.179	0.201	0.271	1.5	4.5	5.5	6.59	8.63
CAF035	12/16/2013	0.3	0.217	0.178	0.201	0.271	1.5	4.44	5.42	6.5	8.54
CAF035	12/17/2013	0.3	0.217	0.178	0.201	0.27	1.5	4.4	5.37	6.4	8.45
CAF035	12/18/2013	0.3	0.217	0.178	0.201	0.27	1.53	4.4	5.3	6.33	8.38
CAF035	12/19/2013	0.301	0.217	0.178	0.201	0.27	1.6	4.38	5.28	6.27	8.3
CAF035	12/20/2013	0.301	0.217	0.178	0.2	0.269	1.6	4.3	5.2	6.17	8.22
CAF035	12/21/2013	0.301	0.217	0.178	0.201	0.269	1.6	4.3	5.17	6.14	8.16
CAF035	12/22/2013	0.301	0.217	0.178	0.201	0.268	1.62	4.3	5.15	6.1	8.1
CAF035	12/23/2013	0.335	0.217	0.178	0.201	0.267	1.58	4.28	5.1	6.02	8.02
CAF035	12/24/2013	0.337	0.22	0.178	0.2	0.266	1.56	4.17	5.01	5.94	7.98
CAF035	12/25/2013	0.332	0.238	0.178	0.2	0.266	1.6	4.1	4.95	5.9	7.9
CAF035	12/26/2013	0.327	0.268	0.178	0.2	0.266	1.6	4.1	4.9	5.8	7.83
CAF035	12/27/2013	0.324	0.297	0.178	0.2	0.266	1.65	4.1	4.9	5.8	7.8
CAF035	12/28/2013	0.323	0.308	0.178	0.2	0.265	1.7	4.1	4.88	5.7	7.7
CAF035	12/29/2013	0.321	0.313	0.178	0.2	0.265	1.7	4.1	4.8	5.7	7.7
CAF035	12/30/2013	0.32	0.316	0.178	0.2	0.265	1.7	4.1	4.8	5.63	7.6
CAF035	12/31/2013	0.318	0.317	0.178	0.2	0.265	1.7	4.1	4.8	5.6	7.6
CAF035	01/01/2014	0.318	0.318	0.179	0.2	0.265	1.7	4.1	4.73	5.58	7.5
CAF035	01/02/2014	0.318	0.319	0.179	0.2	0.264	1.7	4.1	4.7	5.5	7.5
CAF035	01/03/2014	0.338	0.319	0.179	0.2	0.264	1.69	4.1	4.7	5.5	7.44
CAF035	01/04/2014	0.335	0.322	0.179	0.2	0.264	1.7	4.07	4.65	5.44	7.4
CAF035	01/05/2014	0.329	0.328	0.179	0.2	0.264	1.68	4	4.6	5.4	7.38
CAF035	01/06/2014	0.324	0.331	0.179	0.2	0.264	1.6	4	4.6	5.4	7.3
CAF035	01/07/2014	0.321	0.333	0.179	0.2	0.264	1.6	4	4.54	5.27	7.3
CAF035	01/08/2014	0.319	0.333	0.179	0.2	0.263	1.6	4	4.47	5.3	7.22
CAF035	01/09/2014	0.342	0.334	0.18	0.2	0.263	1.51	3.93	4.47	5.22	7.2
CAF035	01/10/2014	0.341	0.341	0.18	0.2	0.263	1.54	3.9	4.43	5.2	7.18
CAF035	01/11/2014	0.344	0.35	0.18	0.2	0.263	1.76	3.89	4.37	5.16	7.1
CAF035	01/12/2014	0.337	0.353	0.181	0.2	0.262	2.12	3.9	4.3	5.1	7.1
CAF035	01/13/2014	0.335	0.352	0.182	0.2	0.262	2.49	3.99	4.3	5.06	7.04
CAF035	01/14/2014	0.333	0.351	0.183	0.201	0.262	2.78	4.15	4.4	5	7
CAF035	01/15/2014	0.33	0.351	0.187	0.201	0.262	2.9	4.3	4.46	5	7
CAF035	01/16/2014	0.328	0.35	0.193	0.201	0.262	2.88	4.43	4.55	5	6.97
CAF035	01/17/2014	0.327	0.35	0.204	0.201	0.262	2.83	4.5	4.6	5.05	6.9
CAF035	01/18/2014	0.325	0.349	0.216	0.201	0.262	2.73	4.5	4.7	5.1	6.9
CAF035	01/19/2014	0.323	0.348	0.224	0.201	0.262	2.62	4.5	4.7	5.1	6.9
CAF035	01/20/2014	0.322	0.348	0.228	0.201	0.262	2.58	4.5	4.7	5.1	6.9
CAF035	01/21/2014	0.322	0.347	0.231	0.201	0.262	2.62	4.5	4.7	5.1	6.9
CAF035	01/22/2014	0.32	0.347	0.234	0.201	0.262	2.53	4.5	4.7	5.1	6.9
CAF035	01/23/2014	0.319	0.346	0.235	0.201	0.262	2.35	4.5	4.67	5.1	6.9
CAF035	01/24/2014	0.318	0.346	0.236	0.201	0.262	2.32	4.4	4.7	5.1	6.9
CAF035	01/25/2014	0.318	0.345	0.237	0.202	0.262	2.47	4.4	4.6	5.04	6.9
CAF035	01/26/2014	0.317	0.345	0.237	0.202	0.262	2.34	4.4	4.6	5	6.83
CAF035	01/27/2014	0.316	0.344	0.238	0.202	0.261	2.18	4.38	4.6	5	6.77
CAF035	01/28/2014	0.315	0.344	0.238	0.202	0.261	2.06	4.3	4.6	5	6.8
CAF035	01/29/2014	0.342	0.343	0.238	0.202	0.261	1.96	4.25	4.47	4.98	6.8
CAF035	01/30/2014	0.347	0.345	0.239	0.202	0.26	1.9	4.16	4.48	4.9	6.78
CAF035	01/31/2014	0.342	0.35	0.242	0.203	0.26	2	4.1	4.4	4.88	6.7
CAF035	02/01/2014	0.34	0.352	0.247	0.203	0.26	2.06	4.1	4.4	4.8	6.7
CAF035	02/02/2014	0.336	0.352	0.255	0.203	0.26	2.1	4.1	4.4	4.8	6.7
CAF035	02/03/2014	0.333	0.352	0.263	0.203	0.26	2.1	4.1	4.3	4.76	6.6
CAF035	02/04/2014	0.33	0.352	0.267	0.203	0.26	2.1	4.1	4.3	4.7	6.6
CAF035	02/05/2014	0.328	0.351	0.27	0.204	0.26	1.98	4.1	4.3	4.7	6.6
CAF035	02/06/2014	0.326	0.35	0.271	0.204	0.26	1.85	4.07	4.3	4.7	6.57
CAF035	02/07/2014	0.324	0.35	0.272	0.204	0.26	1.74	4	4.3	4.69	6.5
CAF035	02/08/2014	0.322	0.349	0.272	0.204	0.26	1.7	3.99	4.26	4.6	6.5
CAF035	02/09/2014	0.321	0.348	0.272	0.205	0.26	1.7	3.9	4.2	4.6	6.5
CAF035	02/10/2014	0.319	0.348	0.272	0.205	0.259	1.66	3.9	4.2	4.6	6.4
CAF035	02/11/2014	0.319	0.347	0.273	0.205	0.259	1.6	3.9	4.16	4.5	6.4
CAF035	02/12/2014	0.347	0.355	0.324	0.308	0.316	1.55	3.75	4.06	4.5	6.4
CAF035	02/13/2014	0.34	0.357	0.362	0.411	0.432	2.1	3.7	4	4.43	6.34
CAF035	02/14/2014	0.344	0.356	0.358	0.351	0.429	2.48	3.85	3.97	4.4	6.3
CAF035	02/15/2014	0.345	0.357	0.36	0.345	0.406	2.64	4	4.09	4.4	6.27
CAF035	02/16/2014	0.348	0.36	0.367	0.347	0.392	2.8	4.11	4.12	4.4	6.2
CAF035	02/17/2014	0.348	0.359	0.369	0.358	0.385	2.84	4.2	4.2	4.4	6.2
CAF035	02/18/2014	0.351	0.362	0.379	0.396	0.38	2.9	4.3	4.25	4.4	6.2
CAF035	02/19/2014	0.347	0.364	0.39	0.412	0.375	2.96	4.35	4.3	4.4	6.2
CAF035	02/20/2014	0.347	0.362	0.383	0.412	0.371	2.62	4.4	4.35	4.43	6.2
CAF035	02/21/2014	0.345	0.362	0.383	0.412	0.367	2.47	4.32	4.37	4.5	6.2
CAF035	02/22/2014	0.34	0.362	0.384	0.412	0.363	2.48	4.3	4.31	4.5	6.2
CAF035	02/23/2014	0.337	0.362	0.384	0.412	0.359	2.44	4.3	4.3	4.5	6.2
CAF035	02/24/2014	0.335	0.362	0.384	0.413	0.355	2.4	4.27	4.3	4.48	6.13
CAF035	02/25/2014	0.34	0.36	0.384	0.414	0.351	2.32	4.2	4.3	4.4	6.07
CAF035	02/26/2014	0.35	0.36	0.384	0.414	0.347	2.3	4.2	4.3	4.4	6.1
CAF035	02/27/2014	0.348	0.362	0.392	0.415	0.344	2.27	4.2	4.3	4.4	6.1
CAF035	02/28/2014	0.352	0.364	0.412	0.417	0.386	2.2	4.16	4.2	4.38	6.1
CAF035	03/01/2014	0.347	0.37	0.416	0.416	0.432	2.2	4.1	4.15	4.3	6.02
CAF035	03/02/2014	0.347	0.37	0.416	0.416	0.433	2.02	4.08	4.07	4.3	6
CAF035	03/03/2014	0.355	0.372	0.418	0.416	0.434	1.89	3.97	4.1	4.26	6
CAF035	03/04/2014	0.347	0.374	0.418	0.417	0.435	2.34	3.93	4.04	4.2	5.9
CAF035	03/05/2014	0.35	0.373	0.418	0.416	0.435	3.14	4.08	4.06	4.2	5.9
CAF035	03/06/2014	0.359	0.376	0.42	0.417	0.435	3.99	4.34	4.15	4.2	5.9
CAF035	03/07/2014	0.354	0.378	0.421	0.418	0.436	4.51	4.68	4.31	4.22	5.9
CAF035	03/08/2014	0.348	0.378	0.421	0.418	0.436	4.69	4.98	4.51	4.3	5.9
CAF035	03/09/2014	0.362	0.38	0.422	0.419	0.436	5.2	5.2	4.7	4.41	5.87
CAF035	03/10/2014	0.355	0.38	0.423	0.419	0.437	5.8	5.51	4.89	4.51	5.9
CAF035	03/11/2014	0.352	0.381	0.423	0.421	0.437	5.47	5.78	5.1	4.63	5.98
CAF035	03/12/2014	0.349	0.382	0.424	0.422	0.437	5.46	5.89	5.39	4.75	6
CAF035	03/13/2014	0.347	0.382	0.424	0.422	0.438	5.63	5.99	5.58	4.85	6.1
CAF035	03/14/2014	0.354	0.382	0.424	0.422	0.438	5.81	6.15	5.8	4.94	6.13
CAF035	03/15/2014	0.354	0.383	0.424	0.424	0.438	5.4	6.2	5.97	5.02	6.2
CAF035	03/16/2014	0.349	0.383	0.424	0.424	0.439	5.38	6.2	6.13	5.1	6.25
CAF035	03/17/2014	0.359	0.382	0.424	0.424	0.439	5.54	6.26	6.21	5.19	6.3
CAF035	03/18/2014	0.352	0.384	0.425	0.425	0.439	5.1	6.3	6.3	5.21	6.36
CAF035	03/19/2014	0.349	0.384	0.424	0.425	0.44	5.06	6.29	6.37	5.3	6.4
CAF035	03/20/2014	0.346	0.384	0.424	0.426	0.44	5	6.23	6.4	5.3	6.37
CAF035	03/21/2014	0.343	0.383	0.424	0.427	0.44	4.7	6.2	6.37	5.3	6.5
CAF035	03/22/2014	0.341	0.383	0.424	0.427	0.44	4.56	6.17	6.4	5.34	6.47
CAF035	03/23/2014	0.34	0.381	0.424	0.427	0.44	4.92	6.1	6.4	5.4	6.5
CAF035	03/24/2014	0.339	0.379	0.423	0.428	0.44	5.25	6.19	6.46	5.4	6.5
CAF035	03/25/2014	0.338	0.378	0.423	0.428	0.44	5.55	6.33	6.53	5.4	6.5
CAF035	03/26/2014	0.337	0.378	0.423	0.428	0.44	5.63	6.42	6.62	5.4	6.59
CAF035	03/27/2014	0.356	0.378	0.423	0.428	0.44	5.94	6.55	6.67	5.43	6.6
CAF035	03/28/2014	0.353	0.377	0.423	0.429	0.44	5.88	6.67	6.8	5.5	6.6
CAF035	03/29/2014	0.362	0.377	0.423	0.429	0.441	6.03	6.71	6.72	5.55	6.6
CAF035	03/30/2014	0.353	0.38	0.424	0.429	0.441	6.33	6.85	6.7	5.6	6.7
CAF035	03/31/2014	0.35	0.381	0.424	0.43	0.442	6.15	6.9	6.7	5.6	6.7
CAF035	04/01/2014	0.348	0.381	0.424	0.43	0.442	6.48	6.98	6.76	5.7	6.71
CAF035	04/02/2014	0.347	0.382	0.424	0.43	0.442	6.75	7.13	6.78	5.74	6.8
CAF035	04/03/2014	0.345	0.382	0.425	0.431	0.442	6.71	7.24	6.9	5.8	6.8
CAF035	04/04/2014	0.344	0.381	0.425	0.431	0.442	7.08	7.35	7	5.88	6.87
CAF035	04/05/2014	0.344	0.381	0.425	0.431	0.442	6.93	7.47	7.1	5.93	6.9
CAF035	04/06/2014	0.349	0.38	0.425	0.431	0.442	7.17	7.51	7.2	6	6.95
CAF035	04/07/2014	0.349	0.38	0.425	0.432	0.443	7.46	7.62	7.28	6.08	7
CAF035	04/08/2014	0.349	0.38	0.425	0.431	0.443	8.43	7.81	7.41	6.12	7.05
CAF035	04/09/2014	0.349	0.38	0.425	0.432	0.443	9.1	8.15	7.57	6.22	7.1
CAF035	04/10/2014	0.347	0.38	0.426	0.432	0.443	8.84	8.45	7.86	6.33	7.16
CAF035	04/11/2014	0.345	0.38	0.426	0.432	0.443	8.84	8.57	8.09	6.45	7.22
CAF035	04/12/2014	0.343	0.38	0.423	0.432	0.444	8.75	8.67	8.27	6.57	7.3
CAF035	04/13/2014	0.342	0.38	0.418	0.433	0.444	8.65	8.7	8.37	6.67	7.4
CAF035	04/14/2014	0.34	0.38	0.416	0.432	0.444	8.6	8.76	8.4	6.77	7.48
CAF035	04/15/2014	0.339	0.38	0.415	0.432	0.444	8.7	8.79	8.5	6.85	7.55
CAF035	04/16/2014	0.336	0.38	0.414	0.432	0.445	8.17	8.8	8.5	6.9	7.6
CAF035	04/17/2014	0.342	0.379	0.413	0.432	0.445	8.08	8.7	8.54	7	7.69
CAF035	04/18/2014	0.357	0.378	0.413	0.431	0.445	8.05	8.69	8.49	7	7.72
CAF035	04/19/2014	0.351	0.378	0.412	0.431	0.445	7.78	8.6	8.58	7.02	7.8
CAF035	04/20/2014	0.348	0.378	0.41	0.432	0.445	8.02	8.6	8.55	7.1	7.8
CAF035	04/21/2014	0.347	0.377	0.41	0.431	0.445	8.51	8.66	8.5	7.1	7.86
CAF035	04/22/2014	0.346	0.378	0.41	0.43	0.446	8.62	8.78	8.53	7.1	7.9
CAF035	04/23/2014	0.345	0.378	0.409	0.43	0.446	7.96	8.8	8.69	7.13	7.9
CAF035	04/24/2014	0.364	0.377	0.412	0.431	0.446	7.64	8.7	8.63	7.2	7.97
CAF035	04/25/2014	0.356	0.38	0.422	0.432	0.446	7.75	8.6	8.65	7.17	7.93
CAF035	04/26/2014	0.352	0.381	0.423	0.432	0.447	7.73	8.6	8.67	7.2	8
CAF035	04/27/2014	0.35	0.381	0.423	0.433	0.447	7.63	8.6	8.63	7.2	8
CAF035	04/28/2014	0.349	0.381	0.424	0.434	0.447	7.34	8.5	8.5	7.2	8.09
CAF035	04/29/2014	0.349	0.381	0.425	0.434	0.447	7.51	8.4	8.5	7.2	8.1
CAF035	04/30/2014	0.349	0.381	0.425	0.433	0.447	8.33	8.51	8.58	7.2	8.1
CAF035	05/01/2014	0.349	0.382	0.425	0.432	0.447	9.34	8.77	8.71	7.2	8.1
CAF035	05/02/2014	0.349	0.383	0.425	0.432	0.448	10.4	9.16	8.75	7.24	8.1
CAF035	05/03/2014	0.348	0.383	0.425	0.432	0.448	10.81	9.6	8.95	7.34	8.12
CAF035	05/04/2014	0.346	0.384	0.426	0.433	0.448	10.53	9.86	9.23	7.47	8.2
CAF035	05/05/2014	0.345	0.384	0.426	0.434	0.448	10.41	9.97	9.34	7.62	8.26
CAF035	05/06/2014	0.345	0.384	0.427	0.434	0.449	10.24	10	9.5	7.73	8.34
CAF035	05/07/2014	0.344	0.384	0.427	0.434	0.449	10.19	10.08	9.67	7.83	8.42
CAF035	05/08/2014	0.344	0.384	0.427	0.434	0.449	10.42	10.1	9.78	7.91	8.5
CAF035	05/09/2014	0.344	0.384	0.427	0.435	0.449	10.7	10.19	9.7	8	8.58
CAF035	05/10/2014	0.343	0.384	0.425	0.435	0.449	10.21	10.3	9.75	8.09	8.61
CAF035	05/11/2014	0.343	0.383	0.422	0.433	0.449	10.09	10.2	9.82	8.16	8.7
CAF035	05/12/2014	0.343	0.382	0.419	0.433	0.45	10.24	10.2	9.9	8.2	8.8
CAF035	05/13/2014	0.344	0.382	0.418	0.434	0.45	10.85	10.27	10.05	8.29	8.83
CAF035	05/14/2014	0.345	0.382	0.416	0.434	0.45	11.7	10.55	10.24	8.32	8.9
CAF035	05/15/2014	0.346	0.382	0.415	0.433	0.45	12.69	10.91	10.35	8.4	8.95
CAF035	05/16/2014	0.347	0.383	0.415	0.434	0.45	13.51	11.35	10.69	8.51	9
CAF035	05/17/2014	0.345	0.383	0.414	0.435	0.451	13.58	11.77	11	8.66	9.1
CAF035	05/18/2014	0.343	0.383	0.413	0.435	0.451	13.2	11.97	11.4	8.85	9.22
CAF035	05/19/2014	0.341	0.383	0.412	0.435	0.451	12.9	12	11.5	9.03	9.33
CAF035	05/20/2014	0.34	0.383	0.412	0.436	0.452	13.29	12.07	11.56	9.17	9.45
CAF035	05/21/2014	0.34	0.383	0.411	0.436	0.452	13.88	12.25	11.7	9.31	9.56
CAF035	05/22/2014	0.34	0.384	0.411	0.436	0.453	14.49	12.52	11.94	9.44	9.67
CAF035	05/23/2014	0.341	0.384	0.41	0.436	0.453	15.18	12.85	12.2	9.57	9.78
CAF035	05/24/2014	0.339	0.384	0.41	0.436	0.454	15.2	13.14	12.58	9.74	9.9
CAF035	05/25/2014	0.338	0.384	0.41	0.437	0.454	15.16	13.36	12.92	9.92	10.03
CAF035	05/26/2014	0.337	0.385	0.409	0.437	0.455	15.39	13.48	13.2	10.08	10.15
CAF035	05/27/2014	0.335	0.385	0.409	0.437	0.455	15.08	13.6	13.44	10.25	10.28
CAF035	05/28/2014	0.333	0.384	0.409	0.437	0.455	14.97	13.64	13.25	10.4	10.42
CAF035	05/29/2014	0.331	0.383	0.408	0.438	0.456	13.72	13.59	12.55	10.54	10.54
CAF035	05/30/2014	0.331	0.382	0.408	0.438	0.456	13.72	13.35	12.42	10.6	10.65
CAF035	05/31/2014	0.333	0.382	0.408	0.438	0.456	14.66	13.34	12.26	10.69	10.75
CAF035	06/01/2014	0.334	0.382	0.407	0.438	0.456	15.38	13.55	12.28	10.7	10.83
CAF035	06/02/2014	0.335	0.383	0.407	0.438	0.453	16.04	13.87	12.46	10.8	10.92
CAF035	06/03/2014	0.336	0.383	0.407	0.438	0.453	16.74	14.2	12.62	10.91	10.97
CAF035	06/04/2014	0.336	0.384	0.407	0.438	0.454	17.03	14.56	12.78	11.05	11.11
CAF035	06/05/2014	0.335	0.384	0.407	0.438	0.454	17.17	14.84	13	11.22	11.22
CAF035	06/06/2014	0.333	0.385	0.407	0.439	0.454	16.76	14.99	13.2	11.39	11.35
CAF035	06/07/2014	0.332	0.385	0.407	0.439	0.455	16.68	15.05	13.31	11.55	11.47
CAF035	06/08/2014	0.331	0.384	0.407	0.439	0.455	16.69	15.08	13.4	11.67	11.6
CAF035	06/09/2014	0.331	0.385	0.406	0.439	0.456	16.99	15.14	13.45	11.78	11.72
CAF035	06/10/2014	0.33	0.385	0.406	0.44	0.456	16.74	15.16	13.53	11.88	11.82
CAF035	06/11/2014	0.329	0.385	0.406	0.439	0.457	16.5	15.2	13.6	11.97	11.92
CAF035	06/12/2014	0.329	0.385	0.406	0.439	0.457	16.84	15.22	13.61	12.06	12.01
CAF035	06/13/2014	0.328	0.385	0.406	0.44	0.458	16.6	15.3	13.7	12.15	12.1
CAF035	06/14/2014	0.325	0.384	0.406	0.44	0.458	15.92	15.26	13.7	12.22	12.2
CAF035	06/15/2014	0.323	0.384	0.405	0.44	0.458	15.08	15.03	13.7	12.3	12.28
CAF035	06/16/2014	0.322	0.383	0.405	0.439	0.459	15.05	14.8	13.62	12.3	12.33
CAF035	06/17/2014	0.32	0.383	0.405	0.434	0.459	14.58	14.67	13.52	12.3	12.4
CAF035	06/18/2014	0.318	0.382	0.404	0.431	0.459	13.64	14.4	13.42	12.3	12.4
CAF035	06/19/2014	0.32	0.381	0.404	0.43	0.459	14.02	14.13	13.25	12.2	12.4
CAF035	06/20/2014	0.325	0.381	0.403	0.43	0.46	15.05	14.15	13.12	12.18	12.4
CAF035	06/21/2014	0.326	0.384	0.402	0.43	0.463	15.33	14.27	13.1	12.1	12.4
CAF035	06/22/2014	NA	0.386	0.402	0.43	0.464	NA	14.42	13.19	12.1	12.4
CAF035	09/25/2014	NA	0.234	0.195	0.249	0.437	NA	18.17	16.5	15.57	15.87
CAF035	09/26/2014	0.215	0.234	0.195	0.249	0.437	18.47	18.1	16.5	15.6	15.9
CAF035	09/27/2014	0.215	0.234	0.195	0.248	0.437	18.27	18.08	16.5	15.6	15.9
CAF035	09/28/2014	0.215	0.234	0.195	0.249	0.437	18.17	17.97	16.5	15.6	15.9
CAF035	09/29/2014	0.215	0.234	0.195	0.249	0.437	18.28	17.9	16.42	15.6	15.9
CAF035	09/30/2014	0.214	0.234	0.195	0.249	0.437	17.36	17.84	16.4	15.6	15.93
CAF035	10/01/2014	0.212	0.234	0.195	0.249	0.437	15.87	17.5	16.3	15.5	16
CAF035	10/02/2014	0.211	0.233	0.195	0.25	0.437	15.01	16.98	16.06	15.47	15.97
CAF035	10/03/2014	0.21	0.232	0.195	0.25	0.436	14.67	16.54	15.77	15.36	15.9
CAF035	10/04/2014	0.21	0.232	0.195	0.25	0.436	14.73	16.22	15.5	15.23	15.9
CAF035	10/05/2014	0.211	0.231	0.195	0.25	0.436	15.29	16.1	15.32	15.08	15.81
CAF035	10/06/2014	0.212	0.231	0.195	0.25	0.435	15.96	16.19	15.2	14.97	15.76
CAF035	10/07/2014	0.213	0.232	0.195	0.25	0.435	16.6	16.4	15.22	14.9	15.7
CAF035	10/08/2014	0.213	0.232	0.195	0.251	0.435	16.85	16.63	15.3	14.9	15.63
CAF035	10/09/2014	0.212	0.232	0.195	0.251	0.434	16.28	16.7	15.39	14.9	15.6
CAF035	10/10/2014	0.212	0.232	0.195	0.251	0.434	16.05	16.6	15.4	14.9	15.6
CAF035	10/11/2014	0.212	0.232	0.195	0.252	0.434	16.15	16.56	15.3	14.8	15.6
CAF035	10/12/2014	0.211	0.232	0.195	0.252	0.434	15.34	16.45	15.3	14.8	15.54
CAF035	10/13/2014	0.211	0.231	0.195	0.252	0.434	14.99	16.23	15.17	14.79	15.5
CAF035	10/14/2014	0.211	0.231	0.195	0.252	0.433	14.94	16.05	15.05	14.7	15.5
CAF035	10/15/2014	0.21	0.231	0.195	0.252	0.433	14.43	15.9	14.94	14.63	15.49
CAF035	10/16/2014	0.208	0.23	0.195	0.252	0.432	13.16	15.61	14.8	14.57	15.4
CAF035	10/17/2014	0.208	0.23	0.194	0.251	0.432	12.5	15.15	14.57	14.46	15.4
CAF035	10/18/2014	0.208	0.229	0.194	0.25	0.432	12.74	14.8	14.29	14.34	15.3
CAF035	10/19/2014	0.209	0.229	0.194	0.25	0.431	13.32	14.7	14.12	14.18	15.24
CAF035	10/20/2014	0.209	0.229	0.194	0.25	0.431	13.82	14.78	14.01	14.07	15.16
CAF035	10/21/2014	0.21	0.229	0.194	0.25	0.43	14.17	14.95	14	14	15.1
CAF035	10/22/2014	0.209	0.229	0.194	0.25	0.43	13.28	14.97	14	13.92	15
CAF035	10/23/2014	0.208	0.229	0.194	0.25	0.43	13.02	14.76	13.96	13.9	14.98
CAF035	10/24/2014	0.208	0.229	0.193	0.25	0.429	12.31	14.55	13.85	13.82	14.9
CAF035	10/25/2014	0.207	0.229	0.193	0.25	0.429	11.9	14.27	13.68	13.74	14.88
CAF035	10/26/2014	0.207	0.228	0.193	0.249	0.429	11.83	14.06	13.5	13.64	14.8
CAF035	10/27/2014	0.206	0.228	0.193	0.249	0.428	11.01	13.82	13.35	13.53	14.72
CAF035	10/28/2014	0.206	0.228	0.193	0.249	0.428	10.49	13.5	13.14	13.42	14.66
CAF035	10/29/2014	0.207	0.227	0.193	0.249	0.427	10.23	13.17	12.92	13.27	14.58
CAF035	10/30/2014	0.207	0.227	0.193	0.248	0.427	10.65	13	12.7	13.14	14.49
CAF035	10/31/2014	0.208	0.227	0.193	0.248	0.426	11.14	13	12.59	13	14.39
CAF035	11/01/2014	0.209	0.227	0.193	0.248	0.426	11.38	13.08	12.5	12.9	14.3
CAF035	11/02/2014	0.208	0.227	0.193	0.248	0.425	10.36	13.05	12.5	12.8	14.2
CAF035	11/03/2014	0.207	0.227	0.192	0.248	0.425	9.767	12.77	12.39	12.75	14.13
CAF035	11/04/2014	0.207	0.227	0.192	0.248	0.424	9.646	12.49	12.21	12.64	14.07
CAF035	11/05/2014	0.208	0.227	0.192	0.248	0.424	9.933	12.34	12.04	12.53	13.99
CAF035	11/06/2014	0.209	0.227	0.192	0.247	0.423	10.52	12.36	11.92	12.41	13.9
CAF035	11/07/2014	0.209	0.227	0.192	0.247	0.423	10.49	12.47	11.9	12.31	13.81
CAF035	11/08/2014	0.209	0.227	0.192	0.247	0.422	9.892	12.39	11.9	12.27	13.73
CAF035	11/09/2014	0.208	0.226	0.192	0.247	0.422	9.654	12.24	11.79	12.2	13.68
CAF035	11/10/2014	0.208	0.226	0.192	0.247	0.421	8.983	12.05	11.67	12.11	13.6
CAF035	11/11/2014	0.207	0.226	0.192	0.247	0.421	7.783	11.73	11.5	12.03	13.53
CAF035	11/12/2014	0.204	0.225	0.192	0.247	0.42	5.875	11.14	11.24	11.9	13.47
CAF035	11/13/2014	0.203	0.224	0.191	0.247	0.42	4.446	10.38	10.81	11.72	13.37
CAF035	11/14/2014	0.202	0.223	0.191	0.246	0.42	3.754	9.654	10.33	11.48	13.26
CAF035	11/15/2014	0.202	0.222	0.191	0.246	0.419	3.117	9.079	9.867	11.2	13.11
CAF035	11/16/2014	0.201	0.222	0.19	0.245	0.418	2.525	8.562	9.45	10.92	12.95
CAF035	11/17/2014	0.201	0.221	0.19	0.245	0.417	2.15	8.1	9.05	10.64	12.76
CAF035	11/18/2014	0.201	0.221	0.19	0.245	0.416	2.071	7.733	8.692	10.36	12.57
CAF035	11/19/2014	0.201	0.22	0.19	0.244	0.415	2.271	7.483	8.392	10.09	12.37
CAF035	11/20/2014	0.201	0.22	0.189	0.244	0.414	2.479	7.35	8.158	9.854	12.18
CAF035	11/21/2014	0.202	0.22	0.189	0.244	0.413	2.833	7.3	7.983	9.642	11.99
CAF035	11/22/2014	0.225	0.22	0.189	0.244	0.411	3.858	7.329	7.858	9.454	11.82
CAF035	11/23/2014	0.226	0.22	0.189	0.244	0.411	4.242	7.562	7.808	9.321	11.65
CAF035	11/24/2014	0.224	0.22	0.189	0.244	0.41	4	7.7	7.9	9.208	11.52
CAF035	11/25/2014	0.228	0.22	0.189	0.243	0.409	4.292	7.7	7.879	9.138	11.38
CAF035	11/26/2014	0.248	0.221	0.189	0.244	0.408	5.167	7.817	7.833	9.071	11.28
CAF035	11/27/2014	0.249	0.221	0.19	0.243	0.407	5.963	8.096	7.913	9	11.19
CAF035	11/28/2014	0.249	0.221	0.19	0.244	0.407	6.796	8.45	8.042	9	11.1
CAF035	11/29/2014	0.262	0.222	0.19	0.243	0.407	6.758	8.817	8.221	9	11.04
CAF035	11/30/2014	0.269	0.222	0.19	0.243	0.406	5.396	8.825	8.35	9.054	11
CAF035	12/01/2014	0.266	0.222	0.19	0.244	0.406	4.396	8.463	8.275	9.096	11
CAF035	12/02/2014	0.263	0.222	0.19	0.243	0.406	3.775	8.042	8.096	9	10.92
CAF035	12/03/2014	0.26	0.221	0.19	0.243	0.405	3.371	7.683	7.875	8.925	10.9
CAF035	12/04/2014	0.257	0.221	0.189	0.243	0.405	3.087	7.396	7.65	8.792	10.8
CAF035	12/05/2014	0.284	0.221	0.189	0.243	0.404	2.988	7.154	7.45	8.663	10.72
CAF035	12/06/2014	0.318	0.221	0.189	0.243	0.404	3.612	7	7.254	8.533	10.63
CAF035	12/07/2014	0.316	0.221	0.189	0.243	0.403	3.979	7.062	7.158	8.408	10.53
CAF035	12/08/2014	0.312	0.221	0.189	0.243	0.402	4.287	7.146	7.1	8.3	10.42
CAF035	12/09/2014	0.31	0.222	0.189	0.242	0.402	4.908	7.3	7.142	8.237	10.33
CAF035	12/10/2014	0.309	0.222	0.189	0.242	0.401	5.575	7.562	7.221	8.2	10.24
CAF035	12/11/2014	0.308	0.223	0.189	0.243	0.401	6.142	7.863	7.346	8.2	10.2
CAF035	12/12/2014	0.325	0.223	0.189	0.243	0.401	6.575	8.179	7.496	8.2	10.12
CAF035	12/13/2014	0.338	0.224	0.19	0.243	0.4	6.354	8.396	7.654	8.288	10.1
CAF035	12/14/2014	0.327	0.225	0.19	0.243	0.4	5.642	8.362	7.7	8.3	10.1
CAF035	12/15/2014	0.322	0.228	0.19	0.243	0.4	4.987	8.129	7.7	8.3	10.1
CAF035	12/16/2014	0.318	0.232	0.19	0.243	0.4	4.413	7.846	7.587	8.3	10.07
CAF035	12/17/2014	0.316	0.236	0.19	0.243	0.4	4.225	7.571	7.438	8.263	10
CAF035	12/18/2014	0.315	0.24	0.19	0.242	0.399	4.354	7.404	7.267	8.187	9.992
CAF035	12/19/2014	0.333	0.243	0.189	0.242	0.399	4.704	7.379	7.192	8.1	9.9
CAF035	12/20/2014	0.341	0.264	0.189	0.242	0.398	4.55	7.4	7.1	8.017	9.867
CAF035	12/21/2014	0.348	0.354	0.19	0.242	0.444	4.833	7.246	7	7.958	9.8
CAF035	12/22/2014	0.336	0.355	0.191	0.242	0.45	5.292	7.383	6.904	7.9	9.733
CAF035	12/23/2014	0.331	0.356	0.192	0.242	0.449	4.842	7.5	7	7.808	9.7
CAF035	12/24/2014	0.342	0.358	0.193	0.242	0.448	4.496	7.408	6.988	7.8	9.604
CAF035	12/25/2014	0.341	0.363	0.197	0.242	0.447	4.154	7.263	6.888	7.775	9.575
CAF035	12/26/2014	0.333	0.361	0.217	0.242	0.445	3.8	7.108	6.783	7.7	9.5
CAF035	12/27/2014	0.329	0.359	0.241	0.242	0.443	3.475	6.933	6.671	7.612	9.45
CAF035	12/28/2014	0.325	0.357	0.247	0.241	0.439	3.187	6.746	6.55	7.525	9.396
CAF035	12/29/2014	0.324	0.356	0.249	0.242	0.43	3.046	6.558	6.408	7.421	9.3
CAF035	12/30/2014	0.323	0.354	0.25	0.241	0.423	2.925	6.421	6.275	7.321	9.279
CAF035	12/31/2014	0.32	0.353	0.25	0.241	0.417	2.7	6.275	6.162	7.212	9.187
CAF035	01/01/2015	0.317	0.352	0.251	0.241	0.414	2.475	6.142	6.05	7.117	9.1
CAF035	01/02/2015	0.314	0.351	0.252	0.241	0.412	2.279	5.996	5.933	7.017	9.004
CAF035	01/03/2015	0.311	0.35	0.253	0.241	0.41	2.162	5.85	5.808	6.913	8.946
CAF035	01/04/2015	0.308	0.349	0.255	0.241	0.409	2.1	5.725	5.683	6.808	8.842
CAF035	01/05/2015	0.316	0.354	0.255	0.241	0.441	2.025	5.6	5.554	6.662	8.8
CAF035	01/06/2015	0.336	0.361	0.278	0.241	0.441	2.012	5.446	5.392	6.517	8.729
CAF035	01/07/2015	0.332	0.36	0.297	0.241	0.44	2.742	5.404	5.3	6.413	8.696
CAF035	01/08/2015	0.329	0.359	0.304	0.241	0.44	3.096	5.554	5.3	6.321	8.663
CAF035	01/09/2015	0.326	0.358	0.307	0.241	0.439	2.954	5.679	5.325	6.3	8.546
CAF035	01/10/2015	0.325	0.356	0.308	0.241	0.439	2.8	5.7	5.4	6.283	8.5
CAF035	01/11/2015	0.324	0.355	0.31	0.242	0.438	2.825	5.7	5.4	6.2	8.408
CAF035	01/12/2015	0.324	0.355	0.311	0.242	0.438	3	5.7	5.329	6.2	8.337
CAF035	01/13/2015	0.324	0.354	0.311	0.242	0.438	2.95	5.7	5.371	6.2	8.258
CAF035	01/14/2015	0.323	0.353	0.312	0.243	0.438	2.892	5.7	5.304	6.137	8.2
CAF035	01/15/2015	0.321	0.353	0.312	0.243	0.437	2.692	5.679	5.3	6.1	8.2
CAF035	01/16/2015	0.325	0.352	0.312	0.243	0.437	2.7	5.6	5.3	6.1	8.108
CAF035	01/17/2015	0.334	0.353	0.312	0.244	0.437	2.842	5.6	5.267	6.058	8.042
CAF035	01/18/2015	0.348	0.373	0.389	0.382	0.44	2.833	5.408	5.104	5.979	8
CAF035	01/19/2015	0.339	0.377	0.41	0.433	0.441	3.333	5.454	5	5.9	7.904
CAF035	01/20/2015	0.336	0.377	0.411	0.432	0.441	3.375	5.587	5.075	5.804	7.833
CAF035	01/21/2015	0.332	0.377	0.411	0.432	0.441	3.262	5.671	5.1	5.8	7.8
CAF035	01/22/2015	0.329	0.377	0.412	0.432	0.441	2.896	5.65	5.1	5.8	7.729
CAF035	01/23/2015	0.327	0.377	0.413	0.433	0.441	2.767	5.567	5.1	5.8	7.7
CAF035	01/24/2015	0.327	0.377	0.412	0.432	0.441	3.558	5.542	5.1	5.8	7.7
CAF035	01/25/2015	0.328	0.378	0.412	0.433	0.441	4.404	5.763	5.1	5.704	7.7
CAF035	01/26/2015	0.328	0.378	0.412	0.433	0.44	5.029	6.042	5.212	5.721	7.696
CAF035	01/27/2015	0.328	0.379	0.412	0.433	0.44	5.396	6.325	5.363	5.8	7.692
CAF035	01/28/2015	0.327	0.38	0.414	0.435	0.441	5.458	6.55	5.537	5.85	7.7
CAF035	01/29/2015	0.325	0.381	0.414	0.435	0.441	5.279	6.679	5.662	5.908	7.7
CAF035	01/30/2015	0.323	0.38	0.414	0.436	0.441	4.958	6.7	5.771	6	7.7
CAF035	01/31/2015	0.321	0.38	0.414	0.436	0.441	4.471	6.65	5.8	6	7.7
CAF035	02/01/2015	0.319	0.378	0.414	0.436	0.441	4.104	6.529	5.8	6.004	7.7
CAF035	02/02/2015	0.318	0.376	0.414	0.437	0.441	3.692	6.358	5.729	6.004	7.7
CAF035	02/03/2015	0.321	0.375	0.414	0.437	0.441	3.854	6.217	5.654	6	7.7
CAF035	02/04/2015	0.325	0.375	0.414	0.437	0.441	4.167	6.2	5.6	6	7.662
CAF035	02/05/2015	0.326	0.374	0.414	0.437	0.441	4.433	6.25	5.6	6	7.6
CAF035	02/06/2015	0.329	0.375	0.414	0.437	0.441	5.242	6.371	5.6	5.992	7.6
CAF035	02/07/2015	0.341	0.375	0.414	0.437	0.441	5.783	6.612	5.679	6	7.6
CAF035	02/08/2015	0.343	0.38	0.417	0.438	0.441	6.137	6.867	5.821	6	7.6
CAF035	02/09/2015	0.354	0.384	0.419	0.437	0.442	6.438	7.079	5.958	6.075	7.6
CAF035	02/10/2015	0.354	0.387	0.421	0.439	0.442	6.592	7.292	6.108	6.146	7.6
CAF035	02/11/2015	0.348	0.388	0.421	0.439	0.442	6.446	7.442	6.242	6.225	7.6
CAF035	02/12/2015	0.344	0.387	0.421	0.439	0.442	6.667	7.5	6.333	6.304	7.662
CAF035	02/13/2015	0.342	0.387	0.422	0.439	0.443	6.833	7.65	6.429	6.4	7.7
CAF035	02/14/2015	0.339	0.387	0.422	0.439	0.443	6.654	7.7	6.512	6.467	7.7
CAF035	02/15/2015	0.337	0.388	0.423	0.44	0.443	6.721	7.767	6.6	6.521	7.792
CAF035	02/16/2015	0.335	0.388	0.423	0.441	0.444	6.388	7.8	6.637	6.6	7.8
CAF035	02/17/2015	0.332	0.388	0.423	0.441	0.444	5.825	7.746	6.7	6.608	7.804
CAF035	02/18/2015	0.33	0.388	0.423	0.441	0.444	5.554	7.579	6.612	6.7	7.9
CAF035	02/19/2015	0.329	0.388	0.422	0.441	0.444	5.425	7.446	6.571	6.7	7.9
CAF035	02/20/2015	0.328	0.388	0.422	0.441	0.444	5.596	7.35	6.5	6.612	7.9
CAF035	02/21/2015	0.327	0.388	0.422	0.442	0.444	5.592	7.3	6.475	6.6	7.9
CAF035	02/22/2015	0.325	0.389	0.422	0.442	0.444	4.763	7.263	6.4	6.6	7.9
CAF035	02/23/2015	0.323	0.388	0.422	0.443	0.444	4.096	7.004	6.354	6.6	7.9
CAF035	02/24/2015	0.321	0.388	0.422	0.443	0.444	3.925	6.733	6.212	6.533	7.9
CAF035	02/25/2015	0.321	0.388	0.421	0.443	0.444	4.104	6.562	6.058	6.463	7.888
CAF035	02/26/2015	0.321	0.388	0.421	0.443	0.444	4.525	6.5	5.95	6.4	7.8
CAF035	02/27/2015	0.32	0.387	0.421	0.443	0.444	4.683	6.554	5.9	6.3	7.8
CAF035	02/28/2015	0.32	0.385	0.421	0.443	0.444	4.908	6.6	5.9	6.3	7.8
CAF035	03/01/2015	0.319	0.385	0.421	0.443	0.443	4.663	6.621	5.9	6.212	7.788
CAF035	03/02/2015	0.318	0.384	0.421	0.443	0.443	4.387	6.583	5.9	6.2	7.7
CAF035	03/03/2015	0.317	0.382	0.421	0.443	0.443	4.246	6.488	5.842	6.2	7.7
CAF035	03/04/2015	0.316	0.381	0.421	0.444	0.443	4.175	6.4	5.8	6.2	7.7
CAF035	03/05/2015	0.315	0.38	0.421	0.444	0.443	4.221	6.358	5.737	6.108	7.7
CAF035	03/06/2015	0.316	0.379	0.421	0.444	0.443	4.783	6.35	5.7	6.1	7.642
CAF035	03/07/2015	0.317	0.379	0.421	0.444	0.443	5.625	6.504	5.7	6.1	7.6
CAF035	03/08/2015	0.317	0.379	0.421	0.444	0.442	6.258	6.771	5.796	6.1	7.6
CAF035	03/09/2015	0.318	0.379	0.42	0.444	0.442	6.783	7.05	5.933	6.1	7.6
CAF035	03/10/2015	0.318	0.379	0.42	0.444	0.442	7.267	7.329	6.096	6.175	7.6
CAF035	03/11/2015	0.319	0.379	0.42	0.444	0.442	7.871	7.621	6.275	6.254	7.6
CAF035	03/12/2015	0.318	0.379	0.414	0.445	0.442	8.05	7.9	6.475	6.363	7.667
CAF035	03/13/2015	0.318	0.378	0.412	0.445	0.443	8.233	8.133	6.662	6.471	7.7
CAF035	03/14/2015	0.318	0.378	0.411	0.445	0.443	8.642	8.333	6.846	6.596	7.75
CAF035	03/15/2015	0.318	0.378	0.41	0.445	0.443	8.679	8.55	7.012	6.725	7.813
CAF035	03/16/2015	0.329	0.378	0.408	0.445	0.443	8.454	8.679	7.158	6.846	7.9
CAF035	03/17/2015	0.334	0.377	0.408	0.446	0.444	8.567	8.746	7.271	6.958	7.971
CAF035	03/18/2015	0.349	0.378	0.409	0.446	0.444	7.95	8.775	7.375	7.067	8.033
CAF035	03/19/2015	0.342	0.379	0.416	0.447	0.445	7.863	8.7	7.4	7.154	8.1
CAF035	03/20/2015	0.338	0.38	0.417	0.447	0.445	8.038	8.7	7.4	7.2	8.163
CAF035	03/21/2015	0.336	0.381	0.417	0.447	0.446	8.425	8.725	7.438	7.271	8.2
CAF035	03/22/2015	0.333	0.382	0.418	0.447	0.446	8.179	8.8	7.5	7.3	8.225
CAF035	03/23/2015	0.336	0.382	0.418	0.447	0.446	8.075	8.8	7.554	7.383	8.3
CAF035	03/24/2015	0.35	0.385	0.42	0.447	0.447	7.313	8.767	7.6	7.4	8.3
CAF035	03/25/2015	0.346	0.389	0.423	0.446	0.447	6.596	8.517	7.525	7.421	8.325
CAF035	03/26/2015	0.345	0.389	0.423	0.446	0.447	7.229	8.317	7.421	7.4	8.4
CAF035	03/27/2015	0.344	0.389	0.423	0.446	0.447	8.583	8.479	7.4	7.4	8.4
CAF035	03/28/2015	0.35	0.391	0.424	0.446	0.448	9.658	8.858	7.471	7.4	8.4
CAF035	03/29/2015	0.346	0.392	0.424	0.446	0.448	8.933	9.175	7.671	7.479	8.4
CAF035	03/30/2015	0.343	0.391	0.424	0.446	0.448	9.358	9.258	7.813	7.567	8.4
CAF035	03/31/2015	0.341	0.391	0.425	0.446	0.448	9.804	9.429	7.929	7.633	8.483
CAF035	04/01/2015	0.337	0.391	0.425	0.446	0.448	8.637	9.554	8.058	7.729	8.5
CAF035	04/02/2015	0.333	0.391	0.425	0.447	0.449	7.983	9.354	8.1	7.8	8.563
CAF035	04/03/2015	0.331	0.391	0.424	0.447	0.449	7.567	9.133	8.029	7.888	8.6
CAF035	04/04/2015	0.33	0.391	0.424	0.447	0.449	8.108	9	7.938	7.9	8.6
CAF035	04/05/2015	0.329	0.39	0.423	0.447	0.449	8.25	9	7.9	7.838	8.6
CAF035	04/06/2015	0.328	0.39	0.423	0.447	0.449	8.3	9.071	7.9	7.8	8.608
CAF035	04/07/2015	0.326	0.39	0.424	0.447	0.449	7.583	9.013	7.9	7.829	8.654
CAF035	04/08/2015	0.327	0.39	0.424	0.447	0.449	8.121	8.9	7.9	7.817	8.7
CAF035	04/09/2015	0.327	0.39	0.424	0.447	0.449	8.358	8.971	7.9	7.8	8.7
CAF035	04/10/2015	0.326	0.389	0.424	0.447	0.449	8.679	9.058	7.9	7.8	8.7
CAF035	04/11/2015	0.327	0.389	0.424	0.447	0.449	9.317	9.217	7.954	7.833	8.7
CAF035	04/12/2015	0.324	0.388	0.424	0.448	0.447	8.517	9.337	8.058	7.9	8.767
CAF035	04/13/2015	0.323	0.386	0.424	0.447	0.447	8.363	9.267	8.1	7.917	8.796
CAF035	04/14/2015	0.323	0.385	0.424	0.447	0.448	8.808	9.258	8.1	8	8.779
CAF035	04/15/2015	0.32	0.384	0.425	0.448	0.448	8.046	9.267	8.1	8	8.825
CAF035	04/16/2015	0.32	0.383	0.425	0.449	0.448	8.508	9.2	8.1	8	8.879
CAF035	04/17/2015	0.322	0.383	0.424	0.448	0.448	9.767	9.304	8.1	8.013	8.862
CAF035	04/18/2015	0.323	0.383	0.423	0.448	0.448	10.8	9.658	8.2	8.1	8.892
CAF035	04/19/2015	0.324	0.383	0.422	0.448	0.448	11.25	10.07	8.404	8.15	8.975
CAF035	04/20/2015	0.325	0.383	0.42	0.448	0.448	11.73	10.39	8.629	8.263	8.962
CAF035	04/21/2015	0.326	0.383	0.419	0.448	0.448	12.37	10.71	8.854	8.392	9.017
CAF035	04/22/2015	0.326	0.383	0.418	0.448	0.448	12.84	11.07	9.096	8.542	9.067
CAF035	04/23/2015	0.323	0.383	0.416	0.448	0.448	12	11.29	9.337	8.704	9.138
CAF035	04/24/2015	0.321	0.382	0.415	0.448	0.449	11.36	11.27	9.487	8.858	9.237
CAF035	04/25/2015	0.319	0.382	0.413	0.448	0.449	11.06	11.17	9.504	8.979	9.337
CAF035	04/26/2015	0.317	0.381	0.412	0.448	0.449	10.78	11.07	9.504	9.063	9.4
CAF035	04/27/2015	0.318	0.381	0.41	0.449	0.449	11.23	11	9.5	9.1	9.496
CAF035	04/28/2015	0.319	0.381	0.41	0.448	0.45	12.06	11.14	9.567	9.108	9.508
CAF035	04/29/2015	NA	0.383	0.409	0.448	0.453	NA	11.48	9.683	9.2	9.5
