CAF075	10/03/2007	0.191	0.198	0.227	0.339	NA	10.7	11.6	11.76	11.8	NA
CAF075	10/04/2007	0.191	0.198	0.227	0.339	NA	10.4	11.52	11.68	11.79	NA
CAF075	10/05/2007	0.19	0.197	0.227	0.34	NA	9.88	11.33	11.57	11.7	NA
CAF075	10/06/2007	0.19	0.197	0.226	0.34	NA	9.19	10.96	11.45	11.62	NA
CAF075	10/07/2007	0.19	0.196	0.226	0.34	NA	9.1	10.68	11.26	11.53	NA
CAF075	10/08/2007	0.19	0.196	0.226	0.34	NA	9.5	10.6	11.1	11.43	NA
CAF075	10/09/2007	0.191	0.197	0.226	0.34	NA	10.26	10.71	11	11.34	NA
CAF075	10/10/2007	0.192	0.197	0.226	0.34	NA	10.74	10.95	11	11.26	NA
CAF075	10/11/2007	0.192	0.197	0.226	0.34	NA	10.41	11.05	11	11.2	NA
CAF075	10/12/2007	0.192	0.197	0.226	0.34	NA	10.4	11	11	11.16	NA
CAF075	10/13/2007	0.192	0.197	0.226	0.34	NA	9.95	10.93	11	11.1	NA
CAF075	10/14/2007	0.191	0.197	0.226	0.34	NA	9.78	10.79	10.92	11.1	NA
CAF075	10/15/2007	0.192	0.196	0.226	0.34	NA	9.78	10.67	10.85	11.05	NA
CAF075	10/16/2007	0.221	0.196	0.226	0.34	NA	10.01	10.67	10.8	11	NA
CAF075	10/17/2007	0.328	0.196	0.225	0.34	NA	9.6	10.65	10.72	10.95	NA
CAF075	10/18/2007	0.309	0.196	0.225	0.34	NA	8.86	10.38	10.68	10.9	NA
CAF075	10/19/2007	0.334	0.195	0.225	0.34	NA	8.47	10.07	10.56	10.86	NA
CAF075	10/20/2007	0.321	0.195	0.225	0.34	NA	8.39	9.88	10.43	10.8	NA
CAF075	10/21/2007	0.312	0.195	0.224	0.34	NA	7.89	9.68	10.31	10.72	NA
CAF075	10/22/2007	0.305	0.194	0.224	0.34	NA	7.99	9.46	10.16	10.64	NA
CAF075	10/23/2007	0.3	0.194	0.224	0.34	NA	8.53	9.48	10.05	10.58	NA
CAF075	10/24/2007	0.296	0.195	0.224	0.34	NA	9.18	9.66	10	10.48	NA
CAF075	10/25/2007	0.293	0.195	0.224	0.34	NA	9.53	9.92	10	10.4	NA
CAF075	10/26/2007	0.289	0.195	0.224	0.34	NA	8.41	9.87	10	10.4	NA
CAF075	10/27/2007	0.286	0.194	0.224	0.34	NA	7.24	9.39	9.98	10.38	NA
CAF075	10/28/2007	0.283	0.194	0.224	0.34	NA	6.79	8.93	9.82	10.3	NA
CAF075	10/29/2007	0.281	0.193	0.224	0.34	NA	6.96	8.68	9.64	10.23	NA
CAF075	10/30/2007	0.279	0.193	0.223	0.34	NA	7.2	8.65	9.48	10.12	NA
CAF075	10/31/2007	0.277	0.193	0.223	0.34	NA	6.64	8.55	9.38	10.04	NA
CAF075	11/01/2007	0.275	0.193	0.223	0.34	NA	6.3	8.29	9.25	9.96	NA
CAF075	11/02/2007	0.274	0.193	0.223	0.34	NA	5.8	8.06	9.11	9.87	NA
CAF075	11/03/2007	0.272	0.192	0.223	0.34	NA	5.33	7.73	8.95	9.77	NA
CAF075	11/04/2007	0.271	0.192	0.222	0.339	NA	5.62	7.52	8.78	9.67	NA
CAF075	11/05/2007	0.27	0.192	0.222	0.34	NA	5.92	7.58	8.65	9.57	NA
CAF075	11/06/2007	0.268	0.192	0.222	0.339	NA	5.96	7.59	8.57	9.46	NA
CAF075	11/07/2007	0.268	0.192	0.222	0.339	NA	6.13	7.58	8.5	9.38	NA
CAF075	11/08/2007	0.267	0.192	0.222	0.339	NA	6.47	7.63	8.45	9.3	NA
CAF075	11/09/2007	0.266	0.192	0.222	0.339	NA	6.92	7.78	8.4	9.22	NA
CAF075	11/10/2007	0.265	0.193	0.222	0.339	NA	7.11	7.95	8.46	9.19	NA
CAF075	11/11/2007	0.264	0.193	0.222	0.339	NA	6.69	7.98	8.5	9.13	NA
CAF075	11/12/2007	0.277	0.192	0.222	0.339	NA	5.98	7.77	8.49	9.1	NA
CAF075	11/13/2007	0.36	0.191	0.222	0.339	NA	5.81	7.54	8.4	9.1	NA
CAF075	11/14/2007	0.34	0.191	0.221	0.339	NA	5.27	7.33	8.29	9.04	NA
CAF075	11/15/2007	0.331	0.191	0.221	0.339	NA	4.91	7.01	8.16	8.99	NA
CAF075	11/16/2007	0.338	0.19	0.221	0.339	NA	5.3	6.9	8.03	8.9	NA
CAF075	11/17/2007	0.378	0.19	0.221	0.339	NA	6.08	7.01	7.91	8.83	NA
CAF075	11/18/2007	0.377	0.191	0.221	0.339	NA	6.58	7.3	7.9	8.75	NA
CAF075	11/19/2007	0.379	0.192	0.22	0.339	NA	6	7.35	7.95	8.7	NA
CAF075	11/20/2007	0.375	0.192	0.221	0.339	NA	5.44	7.1	7.91	8.7	NA
CAF075	11/21/2007	0.375	0.191	0.22	0.339	NA	5.06	6.84	7.85	8.62	NA
CAF075	11/22/2007	0.373	0.191	0.22	0.339	NA	4.59	6.59	7.73	8.6	NA
CAF075	11/23/2007	0.369	0.191	0.22	0.339	NA	4.06	6.25	7.59	8.51	NA
CAF075	11/24/2007	0.366	0.191	0.22	0.339	NA	3.67	5.93	7.42	8.43	NA
CAF075	11/25/2007	0.363	0.192	0.22	0.339	NA	3.33	5.63	7.24	8.34	NA
CAF075	11/26/2007	0.36	0.194	0.219	0.338	NA	3.09	5.38	7.05	8.24	NA
CAF075	11/27/2007	0.356	0.195	0.217	0.336	NA	2.9	5.15	6.87	8.13	NA
CAF075	11/28/2007	0.353	0.2	0.217	0.336	NA	2.79	4.98	6.72	8.01	NA
CAF075	11/29/2007	0.351	0.206	0.217	0.336	NA	2.7	4.85	6.56	7.89	NA
CAF075	11/30/2007	0.35	0.212	0.217	0.336	NA	2.7	4.73	6.44	7.78	NA
CAF075	12/01/2007	0.349	0.218	0.216	0.336	NA	2.64	4.65	6.3	7.67	NA
CAF075	12/02/2007	0.348	0.225	0.216	0.335	NA	2.6	4.59	6.2	7.58	NA
CAF075	12/03/2007	0.454	0.307	0.216	0.335	NA	2.06	4.32	6.08	7.48	NA
CAF075	12/04/2007	0.432	0.409	0.216	0.335	NA	2.54	4.12	5.88	7.37	NA
CAF075	12/05/2007	0.411	0.412	0.216	0.335	NA	3.4	4.38	5.71	7.25	NA
CAF075	12/06/2007	0.403	0.411	0.216	0.335	NA	3.46	4.64	5.7	7.15	NA
CAF075	12/07/2007	0.398	0.41	0.216	0.335	NA	3.37	4.7	5.7	7.08	NA
CAF075	12/08/2007	0.394	0.409	0.216	0.335	NA	3.19	4.7	5.7	7.02	NA
CAF075	12/09/2007	0.39	0.407	0.216	0.335	NA	2.88	4.63	5.7	7	NA
CAF075	12/10/2007	0.387	0.406	0.216	0.335	NA	2.62	4.48	5.61	6.91	NA
CAF075	12/11/2007	0.385	0.405	0.216	0.335	NA	2.48	4.34	5.53	6.88	NA
CAF075	12/12/2007	0.382	0.403	0.216	0.335	NA	2.4	4.22	5.43	6.8	NA
CAF075	12/13/2007	0.381	0.402	0.217	0.335	NA	2.34	4.13	5.34	6.72	NA
CAF075	12/14/2007	0.379	0.401	0.217	0.335	NA	2.3	4.07	5.26	6.66	NA
CAF075	12/15/2007	0.377	0.4	0.217	0.335	NA	2.3	4	5.2	6.58	NA
CAF075	12/16/2007	0.376	0.399	0.217	0.334	NA	2.3	4	5.1	6.5	NA
CAF075	12/17/2007	0.375	0.398	0.218	0.334	NA	2.3	3.9	5.07	6.45	NA
CAF075	12/18/2007	0.376	0.397	0.218	0.334	NA	2.33	3.9	5	6.38	NA
CAF075	12/19/2007	0.418	0.402	0.218	0.334	NA	2.3	3.89	4.98	6.3	NA
CAF075	12/20/2007	0.44	0.427	0.219	0.335	NA	2.36	3.8	4.89	6.26	NA
CAF075	12/21/2007	0.424	0.431	0.221	0.336	NA	2.41	3.8	4.8	6.2	NA
CAF075	12/22/2007	0.416	0.429	0.222	0.336	NA	2.25	3.8	4.77	6.14	NA
CAF075	12/23/2007	0.415	0.428	0.223	0.336	NA	2.14	3.73	4.7	6.09	NA
CAF075	12/24/2007	0.446	0.436	0.225	0.336	NA	1.91	3.63	4.66	6.02	NA
CAF075	12/25/2007	0.43	0.437	0.229	0.336	NA	1.9	3.51	4.56	5.97	NA
CAF075	12/26/2007	0.423	0.436	0.245	0.336	NA	1.9	3.5	4.5	5.9	NA
CAF075	12/27/2007	0.419	0.435	0.267	0.336	NA	1.9	3.47	4.41	5.82	NA
CAF075	12/28/2007	0.416	0.434	0.285	0.336	NA	1.9	3.4	4.4	5.76	NA
CAF075	12/29/2007	0.415	0.434	0.296	0.336	NA	1.9	3.4	4.34	5.7	NA
CAF075	12/30/2007	0.413	0.433	0.303	0.336	NA	1.9	3.4	4.3	5.65	NA
CAF075	12/31/2007	0.412	0.433	0.308	0.336	NA	1.9	3.4	4.3	5.6	NA
CAF075	01/01/2008	0.411	0.433	0.312	0.336	NA	1.9	3.32	4.22	5.57	NA
CAF075	01/02/2008	0.409	0.432	0.314	0.336	NA	1.9	3.3	4.2	5.5	NA
CAF075	01/03/2008	0.408	0.431	0.316	0.336	NA	1.9	3.3	4.2	5.48	NA
CAF075	01/04/2008	0.423	0.431	0.318	0.336	NA	1.83	3.3	4.13	5.41	NA
CAF075	01/05/2008	0.434	0.437	0.32	0.336	NA	1.78	3.21	4.1	5.39	NA
CAF075	01/06/2008	0.428	0.438	0.325	0.336	NA	1.8	3.2	4.09	5.33	NA
CAF075	01/07/2008	0.424	0.439	0.333	0.336	NA	1.8	3.2	4	5.3	NA
CAF075	01/08/2008	0.422	0.438	0.34	0.336	NA	1.8	3.2	4	5.24	NA
CAF075	01/09/2008	0.42	0.438	0.345	0.336	NA	1.8	3.15	4	5.2	NA
CAF075	01/10/2008	0.419	0.438	0.348	0.336	NA	1.8	3.1	3.97	5.2	NA
CAF075	01/11/2008	0.438	0.444	0.351	0.335	NA	1.76	3.1	3.9	5.13	NA
CAF075	01/12/2008	0.438	0.446	0.383	0.336	NA	1.7	3.04	3.9	5.1	NA
CAF075	01/13/2008	0.438	0.447	0.404	0.336	NA	1.7	3	3.85	5.06	NA
CAF075	01/14/2008	0.433	0.446	0.413	0.336	NA	1.78	3	3.8	5	NA
CAF075	01/15/2008	0.429	0.445	0.415	0.336	NA	1.8	3	3.8	5	NA
CAF075	01/16/2008	0.425	0.444	0.416	0.336	NA	1.8	3	3.8	4.92	NA
CAF075	01/17/2008	0.422	0.443	0.416	0.336	NA	1.8	3	3.8	4.9	NA
CAF075	01/18/2008	0.42	0.442	0.416	0.336	NA	1.7	3	3.8	4.88	NA
CAF075	01/19/2008	0.418	0.442	0.416	0.336	NA	1.7	3	3.8	4.82	NA
CAF075	01/20/2008	0.417	0.441	0.416	0.336	NA	1.7	3	3.8	4.8	NA
CAF075	01/21/2008	0.415	0.441	0.416	0.336	NA	1.7	3	3.7	4.8	NA
CAF075	01/22/2008	0.414	0.44	0.416	0.336	NA	1.7	3	3.7	4.78	NA
CAF075	01/23/2008	0.413	0.44	0.415	0.337	NA	1.7	3	3.7	4.72	NA
CAF075	01/24/2008	0.411	0.439	0.415	0.337	NA	1.63	2.91	3.7	4.7	NA
CAF075	01/25/2008	0.41	0.438	0.415	0.337	NA	1.6	2.9	3.7	4.7	NA
CAF075	01/26/2008	0.41	0.438	0.414	0.337	NA	1.6	2.9	3.63	4.67	NA
CAF075	01/27/2008	0.412	0.438	0.414	0.337	NA	1.53	2.85	3.6	4.61	NA
CAF075	01/28/2008	0.412	0.438	0.413	0.337	NA	1.5	2.8	3.6	4.6	NA
CAF075	01/29/2008	0.412	0.438	0.413	0.338	NA	1.5	2.8	3.55	4.6	NA
CAF075	01/30/2008	0.412	0.438	0.413	0.338	NA	1.5	2.8	3.5	4.55	NA
CAF075	01/31/2008	0.412	0.437	0.413	0.337	NA	1.5	2.8	3.5	4.51	NA
CAF075	02/01/2008	0.412	0.438	0.412	0.338	NA	1.59	2.8	3.5	4.5	NA
CAF075	02/02/2008	0.412	0.438	0.412	0.338	NA	1.6	2.8	3.5	4.5	NA
CAF075	02/03/2008	0.412	0.438	0.412	0.338	NA	1.6	2.8	3.5	4.45	NA
CAF075	02/04/2008	0.412	0.438	0.412	0.339	NA	1.6	2.8	3.41	4.43	NA
CAF075	02/05/2008	0.412	0.438	0.412	0.339	NA	1.6	2.8	3.4	4.4	NA
CAF075	02/06/2008	0.412	0.438	0.412	0.339	NA	1.7	2.8	3.4	4.4	NA
CAF075	02/07/2008	0.412	0.438	0.412	0.339	NA	1.7	2.8	3.4	4.4	NA
CAF075	02/08/2008	0.412	0.438	0.413	0.34	NA	1.7	2.8	3.4	4.38	NA
CAF075	02/09/2008	0.421	0.441	0.413	0.341	NA	1.7	2.8	3.4	4.33	NA
CAF075	02/10/2008	0.433	0.447	0.419	0.341	NA	1.62	2.72	3.4	4.3	NA
CAF075	02/11/2008	0.435	0.45	0.426	0.341	NA	1.6	2.7	3.32	4.3	NA
CAF075	02/12/2008	0.447	0.45	0.426	0.342	NA	1.56	2.7	3.3	4.29	NA
CAF075	02/13/2008	0.449	0.453	0.433	0.342	NA	1.52	2.6	3.3	4.27	NA
CAF075	02/14/2008	0.436	0.451	0.434	0.343	NA	1.6	2.6	3.3	4.2	NA
CAF075	02/15/2008	0.432	0.45	0.433	0.344	NA	1.6	2.67	3.3	4.2	NA
CAF075	02/16/2008	0.429	0.45	0.433	0.346	NA	1.6	2.7	3.3	4.2	NA
CAF075	02/17/2008	0.428	0.449	0.432	0.357	NA	1.69	2.7	3.3	4.2	NA
CAF075	02/18/2008	0.429	0.449	0.432	0.372	NA	1.7	2.7	3.3	4.18	NA
CAF075	02/19/2008	0.427	0.449	0.432	0.385	NA	1.7	2.7	3.3	4.17	NA
CAF075	02/20/2008	0.426	0.448	0.431	0.394	NA	1.7	2.7	3.3	4.16	NA
CAF075	02/21/2008	0.427	0.448	0.431	0.4	NA	1.7	2.7	3.3	4.13	NA
CAF075	02/22/2008	0.434	0.449	0.431	0.403	NA	1.7	2.7	3.3	4.11	NA
CAF075	02/23/2008	0.44	0.451	0.432	0.406	NA	1.7	2.7	3.3	4.11	NA
CAF075	02/24/2008	0.445	0.453	0.434	0.409	NA	1.7	2.7	3.3	4.11	NA
CAF075	02/25/2008	0.45	0.456	0.439	0.415	NA	1.68	2.69	3.21	4.1	NA
CAF075	02/26/2008	0.458	0.46	0.444	0.43	NA	1.61	2.6	3.2	4.09	NA
CAF075	02/27/2008	0.452	0.459	0.444	0.435	NA	1.7	2.6	3.12	4	NA
CAF075	02/28/2008	0.448	0.458	0.445	0.436	NA	1.91	2.6	3.1	3.98	NA
CAF075	02/29/2008	0.442	0.456	0.444	0.436	NA	2.1	2.66	3.1	3.91	NA
CAF075	03/01/2008	NA	NA	NA	NA	NA	NA	NA	NA	NA	NA
CAF075	11/07/2012	0.237	0.158	0.209	0.279	0.202	9.91	10	10.1	10.2	10.4
CAF075	11/08/2012	0.236	0.158	0.209	0.279	0.202	9.15	9.79	10.1	10.2	10.4
CAF075	11/09/2012	0.235	0.157	0.209	0.279	0.201	8	9.13	10.01	10.2	10.4
CAF075	11/10/2012	0.234	0.156	0.209	0.279	0.202	7.02	8.52	9.81	10.16	10.35
CAF075	11/11/2012	0.233	0.156	0.209	0.28	0.202	6.05	7.9	9.57	10.09	10.3
CAF075	11/12/2012	0.232	0.155	0.208	0.279	0.202	5.31	7.31	9.26	9.97	10.25
CAF075	11/13/2012	0.233	0.154	0.208	0.278	0.201	4.84	6.79	8.95	9.85	10.17
CAF075	11/14/2012	0.238	0.153	0.207	0.278	0.201	4.63	6.33	8.65	9.7	10.07
CAF075	11/15/2012	0.244	0.154	0.208	0.278	0.201	4.91	6.28	8.39	9.52	9.95
CAF075	11/16/2012	0.247	0.161	0.207	0.279	0.201	5.2	6.37	8.22	9.36	9.83
CAF075	11/17/2012	0.249	0.18	0.207	0.278	0.201	5.34	6.45	8.1	9.23	9.72
CAF075	11/18/2012	0.25	0.214	0.208	0.278	0.201	5.62	6.58	8.01	9.12	9.61
CAF075	11/19/2012	0.269	0.247	0.206	0.277	0.201	5.49	6.57	8	9.01	9.51
CAF075	11/20/2012	0.3	0.321	0.206	0.277	0.201	5.71	6.53	7.91	8.94	9.45
CAF075	11/21/2012	0.305	0.381	0.207	0.277	0.201	6.17	6.74	7.9	8.86	9.37
CAF075	11/22/2012	0.298	0.388	0.207	0.277	0.201	5.92	6.81	7.9	8.8	9.3
CAF075	11/23/2012	0.292	0.389	0.207	0.277	0.2	5.39	6.55	7.82	8.74	9.24
CAF075	11/24/2012	0.293	0.388	0.206	0.277	0.2	5.32	6.33	7.71	8.7	9.2
CAF075	11/25/2012	0.296	0.394	0.207	0.277	0.2	5.38	6.32	7.6	8.6	9.1
CAF075	11/26/2012	0.293	0.396	0.207	0.277	0.2	5.03	6.21	7.52	8.54	9.1
CAF075	11/27/2012	0.29	0.395	0.207	0.277	0.2	4.45	5.9	7.4	8.46	9
CAF075	11/28/2012	0.287	0.394	0.207	0.277	0.2	4.22	5.63	7.25	8.39	8.95
CAF075	11/29/2012	0.286	0.393	0.207	0.277	0.2	4.4	5.5	7.06	8.28	8.89
CAF075	11/30/2012	0.284	0.389	0.207	0.276	0.2	4.89	5.65	6.98	8.19	8.8
CAF075	12/01/2012	0.286	0.389	0.207	0.276	0.2	5.39	5.93	6.93	8.1	8.71
CAF075	12/02/2012	0.311	0.403	0.206	0.275	0.2	5.6	6.1	7	8.03	8.68
CAF075	12/03/2012	0.309	0.419	0.207	0.276	0.2	5.48	6.15	7	8	8.6
CAF075	12/04/2012	0.304	0.417	0.207	0.275	0.2	5.44	6.1	7	7.99	8.6
CAF075	12/05/2012	0.308	0.421	0.207	0.275	0.2	5.58	6.14	7	7.92	8.51
CAF075	12/06/2012	0.306	0.422	0.208	0.275	0.199	5.41	6.15	7	7.9	8.5
CAF075	12/07/2012	0.306	0.422	0.208	0.274	0.199	4.88	5.89	6.96	7.9	8.47
CAF075	12/08/2012	0.314	0.432	0.21	0.275	0.199	4.43	5.56	6.85	7.83	8.4
CAF075	12/09/2012	0.31	0.432	0.211	0.275	0.199	3.95	5.3	6.7	7.79	8.4
CAF075	12/10/2012	0.303	0.428	0.212	0.275	0.199	3.62	5.05	6.55	7.7	8.32
CAF075	12/11/2012	0.304	0.428	0.215	0.275	0.199	3.4	4.82	6.37	7.6	8.28
CAF075	12/12/2012	0.304	0.428	0.218	0.274	0.199	3.2	4.62	6.19	7.5	8.2
CAF075	12/13/2012	0.312	0.436	0.225	0.274	0.199	3.1	4.44	6.04	7.39	8.12
CAF075	12/14/2012	0.311	0.437	0.24	0.274	0.199	3.07	4.34	5.88	7.29	8.03
CAF075	12/15/2012	0.309	0.436	0.262	0.274	0.199	2.95	4.25	5.76	7.18	7.95
CAF075	12/16/2012	0.308	0.435	0.28	0.274	0.199	2.9	4.17	5.66	7.06	7.85
CAF075	12/17/2012	0.304	0.431	0.291	0.274	0.199	2.9	4.07	5.57	6.97	7.77
CAF075	12/18/2012	0.308	0.436	0.304	0.274	0.199	2.81	4	5.46	6.89	7.67
CAF075	12/19/2012	0.307	0.437	0.318	0.275	0.199	2.7	3.91	5.38	6.78	7.59
CAF075	12/20/2012	0.305	0.437	0.325	0.275	0.199	2.56	3.84	5.3	6.7	7.5
CAF075	12/21/2012	0.304	0.436	0.33	0.275	0.199	2.5	3.77	5.2	6.6	7.41
CAF075	12/22/2012	0.301	0.434	0.335	0.274	0.199	2.42	3.7	5.13	6.51	7.33
CAF075	12/23/2012	0.301	0.433	0.339	0.274	0.199	2.4	3.65	5.07	6.43	7.25
CAF075	12/24/2012	0.295	0.431	0.341	0.273	0.199	2.4	3.6	5	6.35	7.17
CAF075	12/25/2012	0.296	0.431	0.345	0.274	0.199	2.4	3.54	4.93	6.27	7.07
CAF075	12/26/2012	0.296	0.432	0.351	0.274	0.199	2.4	3.5	4.9	6.2	7
CAF075	12/27/2012	0.295	0.431	0.356	0.273	0.199	2.49	3.5	4.82	6.12	6.9
CAF075	12/28/2012	0.296	0.431	0.361	0.273	0.199	2.5	3.5	4.8	6.06	6.88
CAF075	12/29/2012	0.298	0.432	0.366	0.274	0.199	2.5	3.5	4.75	6	6.8
CAF075	12/30/2012	0.297	0.432	0.37	0.274	0.199	2.5	3.5	4.7	5.93	6.73
CAF075	12/31/2012	0.298	0.432	0.373	0.274	0.198	2.5	3.5	4.7	5.9	6.7
CAF075	01/01/2013	0.298	0.432	0.376	0.274	0.198	2.46	3.44	4.7	5.85	6.62
CAF075	01/02/2013	0.297	0.432	0.378	0.274	0.198	2.4	3.4	4.61	5.8	6.58
CAF075	01/03/2013	0.297	0.432	0.38	0.274	0.198	2.36	3.4	4.6	5.77	6.5
CAF075	01/04/2013	0.297	0.432	0.381	0.274	0.198	2.3	3.37	4.6	5.7	6.5
CAF075	01/05/2013	0.297	0.432	0.383	0.274	0.198	2.27	3.3	4.52	5.69	6.4
CAF075	01/06/2013	0.298	0.432	0.384	0.274	0.198	2.2	3.3	4.5	5.61	6.4
CAF075	01/07/2013	0.294	0.43	0.384	0.274	0.198	2.2	3.2	4.45	5.58	6.3
CAF075	01/08/2013	0.295	0.429	0.384	0.273	0.198	2.12	3.19	4.4	5.51	6.26
CAF075	01/09/2013	0.31	0.442	0.401	0.272	0.198	2.08	3.06	4.36	5.48	6.19
CAF075	01/10/2013	0.312	0.447	0.449	0.273	0.198	2.1	2.9	4.23	5.4	6.1
CAF075	01/11/2013	0.309	0.446	0.45	0.274	0.198	2.05	2.98	4.2	5.32	6.1
CAF075	01/12/2013	0.308	0.445	0.449	0.274	0.198	2	2.95	4.19	5.26	6.02
CAF075	01/13/2013	0.307	0.444	0.448	0.274	0.198	1.91	2.9	4.1	5.2	5.96
CAF075	01/14/2013	0.304	0.442	0.446	0.274	0.198	1.9	2.9	4.1	5.14	5.9
CAF075	01/15/2013	0.302	0.441	0.444	0.274	0.198	1.88	2.9	4.1	5.1	5.85
CAF075	01/16/2013	0.302	0.441	0.443	0.275	0.198	1.8	2.81	4.02	5.06	5.76
CAF075	01/17/2013	0.301	0.44	0.441	0.275	0.198	1.8	2.8	4	5.01	5.7
CAF075	01/18/2013	0.3	0.44	0.44	0.276	0.198	1.8	2.8	4	5	5.7
CAF075	01/19/2013	0.299	0.439	0.439	0.276	0.198	1.8	2.8	3.95	4.91	5.61
CAF075	01/20/2013	0.299	0.438	0.439	0.277	0.198	1.8	2.71	3.9	4.9	5.6
CAF075	01/21/2013	0.299	0.437	0.437	0.277	0.198	1.8	2.7	3.9	4.87	5.5
CAF075	01/22/2013	0.299	0.437	0.436	0.279	0.198	1.76	2.7	3.9	4.8	5.5
CAF075	01/23/2013	0.297	0.436	0.433	0.279	0.197	1.68	2.64	3.16	4.8	5.45
CAF075	01/24/2013	0.295	0.434	0.433	0.281	0.197	1.6	2.6	3.8	4.74	5.4
CAF075	01/25/2013	0.292	0.431	0.432	0.282	0.197	1.6	2.6	3.8	4.7	5.39
CAF075	01/26/2013	0.3	0.441	0.432	0.283	0.198	1.55	2.52	3.71	4.68	5.3
CAF075	01/27/2013	0.303	0.445	0.436	0.287	0.197	1.5	2.5	3.7	4.62	5.25
CAF075	01/28/2013	0.302	0.445	0.44	0.29	0.197	1.5	2.5	3.68	4.6	5.2
CAF075	01/29/2013	0.302	0.444	0.443	0.293	0.197	1.5	2.5	3.6	4.56	5.14
CAF075	01/30/2013	0.312	0.454	0.456	0.297	0.197	1.48	2.38	3.58	4.5	5.1
CAF075	01/31/2013	0.312	0.454	0.463	0.34	0.197	1.52	2.31	3.5	4.46	5.04
CAF075	02/01/2013	0.31	0.451	0.461	0.405	0.198	1.79	2.46	3.5	4.4	4.96
CAF075	02/02/2013	0.308	0.449	0.459	0.424	0.198	1.9	2.6	3.5	4.4	4.9
CAF075	02/03/2013	0.308	0.447	0.457	0.431	0.199	2.02	2.7	3.52	4.4	4.84
CAF075	02/04/2013	0.307	0.446	0.455	0.435	0.203	2.2	2.77	3.6	4.39	4.8
CAF075	02/05/2013	0.305	0.443	0.453	0.438	0.211	2.48	2.93	3.63	4.4	4.8
CAF075	02/06/2013	0.306	0.442	0.452	0.439	0.217	2.7	3.08	3.7	4.4	4.8
CAF075	02/07/2013	0.305	0.441	0.449	0.439	0.22	2.7	3.17	3.79	4.4	4.8
CAF075	02/08/2013	0.301	0.44	0.446	0.438	0.222	2.7	3.2	3.8	4.41	4.8
CAF075	02/09/2013	0.301	0.438	0.446	0.439	0.223	2.66	3.17	3.88	4.48	4.8
CAF075	02/10/2013	0.302	0.438	0.446	0.439	0.224	2.48	3.1	3.9	4.5	4.8
CAF075	02/11/2013	0.302	0.437	0.446	0.44	0.223	2.31	3.02	3.9	4.5	4.8
CAF075	02/12/2013	0.302	0.436	0.447	0.441	0.224	2.21	2.95	3.88	4.5	4.8
CAF075	02/13/2013	0.304	0.437	0.447	0.441	0.224	2.48	2.98	3.8	4.5	4.8
CAF075	02/14/2013	0.305	0.438	0.447	0.442	0.224	2.73	3.17	3.83	4.5	4.8
CAF075	02/15/2013	0.304	0.437	0.447	0.442	0.225	2.66	3.2	3.9	4.5	4.8
CAF075	02/16/2013	0.304	0.437	0.446	0.442	0.225	2.8	3.26	3.9	4.5	4.8
CAF075	02/17/2013	0.304	0.437	0.446	0.443	0.225	3	3.37	3.91	4.5	4.8
CAF075	02/18/2013	0.304	0.437	0.446	0.443	0.225	2.92	3.4	4	4.5	4.8
CAF075	02/19/2013	0.301	0.437	0.444	0.443	0.225	2.71	3.31	4	4.5	4.8
CAF075	02/20/2013	0.301	0.436	0.445	0.443	0.225	2.7	3.26	4	4.51	4.8
CAF075	02/21/2013	0.302	0.437	0.444	0.443	0.226	2.67	3.25	4	4.52	4.8
CAF075	02/22/2013	0.303	0.435	0.443	0.441	0.226	2.43	3.16	4	4.52	4.8
CAF075	02/23/2013	0.31	0.442	0.445	0.44	0.226	2.3	3.02	3.94	4.52	4.8
CAF075	02/24/2013	0.311	0.446	0.455	0.442	0.226	2.2	2.9	3.9	4.5	4.8
CAF075	02/25/2013	0.308	0.444	0.456	0.448	0.227	2.1	2.87	3.83	4.5	4.8
CAF075	02/26/2013	0.309	0.445	0.457	0.452	0.228	2.1	2.8	3.8	4.48	4.8
CAF075	02/27/2013	0.309	0.445	0.458	0.455	0.229	2.08	2.8	3.79	4.42	4.79
CAF075	02/28/2013	0.31	0.444	0.452	0.452	0.229	2.22	2.8	3.7	4.4	4.7
CAF075	03/01/2013	0.311	0.445	0.456	0.454	0.23	2.56	2.92	3.7	4.4	4.7
CAF075	03/02/2013	0.311	0.445	0.459	0.459	0.23	3.17	3.21	3.74	4.38	4.7
CAF075	03/03/2013	0.311	0.444	0.459	0.461	0.231	3.59	3.52	3.83	4.38	4.65
CAF075	03/04/2013	0.311	0.444	0.459	0.461	0.231	3.33	3.59	3.94	4.4	4.6
CAF075	03/05/2013	0.309	0.443	0.457	0.46	0.231	2.92	3.45	4	4.4	4.7
CAF075	03/06/2013	0.305	0.441	0.454	0.458	0.231	2.83	3.32	4	4.42	4.7
CAF075	03/07/2013	0.305	0.438	0.452	0.457	0.231	3.11	3.38	4	4.46	4.7
CAF075	03/08/2013	0.306	0.439	0.453	0.457	0.231	3.24	3.49	4	4.48	4.7
CAF075	03/09/2013	0.305	0.439	0.452	0.456	0.231	3.07	3.5	4.02	4.5	4.7
CAF075	03/10/2013	0.304	0.439	0.451	0.456	0.231	2.98	3.5	4.1	4.5	4.7
CAF075	03/11/2013	0.304	0.438	0.451	0.455	0.231	3.12	3.5	4.1	4.5	4.7
CAF075	03/12/2013	0.304	0.436	0.45	0.454	0.231	3.44	3.62	4.1	4.5	4.7
CAF075	03/13/2013	0.305	0.436	0.449	0.454	0.231	3.99	3.85	4.12	4.5	4.73
CAF075	03/14/2013	0.306	0.435	0.449	0.453	0.231	4.74	4.25	4.24	4.53	4.8
CAF075	03/15/2013	0.307	0.435	0.449	0.453	0.231	5.29	4.6	4.39	4.59	4.8
CAF075	03/16/2013	0.306	0.433	0.447	0.452	0.231	5.45	4.88	4.55	4.65	4.8
CAF075	03/17/2013	0.305	0.431	0.447	0.451	0.231	5.2	4.93	4.71	4.72	4.89
CAF075	03/18/2013	0.306	0.432	0.448	0.451	0.231	4.51	4.7	4.8	4.8	4.94
CAF075	03/19/2013	0.304	0.433	0.447	0.45	0.231	4.05	4.44	4.8	4.9	5
CAF075	03/20/2013	0.303	0.43	0.445	0.447	0.231	4.03	4.28	4.75	4.9	5.09
CAF075	03/21/2013	0.304	0.43	0.448	0.448	0.23	4.25	4.36	4.7	4.93	5.1
CAF075	03/22/2013	0.305	0.433	0.449	0.448	0.23	3.85	4.24	4.7	4.96	5.1
CAF075	03/23/2013	0.305	0.434	0.449	0.448	0.23	3.57	4.06	4.7	4.99	5.11
CAF075	03/24/2013	0.305	0.435	0.45	0.448	0.23	3.45	3.95	4.61	4.98	5.2
CAF075	03/25/2013	0.305	0.435	0.45	0.448	0.23	3.42	3.88	4.6	4.92	5.2
CAF075	03/26/2013	0.304	0.436	0.451	0.448	0.23	3.69	3.88	4.5	4.9	5.17
CAF075	03/27/2013	0.304	0.436	0.452	0.449	0.23	4.39	4.2	4.51	4.9	5.1
CAF075	03/28/2013	0.305	0.435	0.451	0.449	0.23	5.09	4.6	4.62	4.9	5.1
CAF075	03/29/2013	0.305	0.434	0.451	0.449	0.23	5.74	5.02	4.75	4.9	5.1
CAF075	03/30/2013	0.305	0.433	0.451	0.448	0.23	6.13	5.33	4.95	4.99	5.16
CAF075	03/31/2013	0.305	0.432	0.45	0.448	0.23	6.48	5.62	5.11	5.06	5.2
CAF075	04/01/2013	0.306	0.431	0.45	0.448	0.23	6.83	5.9	5.27	5.13	5.28
CAF075	04/02/2013	0.306	0.431	0.449	0.448	0.23	7.11	6.15	5.45	5.25	5.38
CAF075	04/03/2013	0.306	0.43	0.449	0.448	0.23	7.25	6.36	5.63	5.35	5.44
CAF075	04/04/2013	0.306	0.429	0.448	0.448	0.23	7.49	6.55	5.78	5.45	5.51
CAF075	04/05/2013	0.311	0.433	0.447	0.447	0.231	7.6	6.68	5.94	5.55	5.62
CAF075	04/06/2013	0.311	0.434	0.448	0.446	0.231	7.7	6.77	6.05	5.67	5.7
CAF075	04/07/2013	0.316	0.437	0.448	0.446	0.231	7.57	6.8	6.17	5.77	5.8
CAF075	04/08/2013	0.317	0.443	0.453	0.447	0.231	7.2	6.69	6.25	5.88	5.9
CAF075	04/09/2013	0.314	0.442	0.458	0.452	0.232	6.83	6.54	6.3	5.97	6
CAF075	04/10/2013	0.313	0.441	0.459	0.456	0.233	6.86	6.47	6.3	6.01	6.08
CAF075	04/11/2013	0.312	0.44	0.458	0.456	0.233	6.81	6.46	6.3	6.1	6.1
CAF075	04/12/2013	0.311	0.44	0.457	0.456	0.233	6.55	6.34	6.3	6.1	6.16
CAF075	04/13/2013	0.314	0.44	0.456	0.454	0.233	6.57	6.28	6.3	6.14	6.2
CAF075	04/14/2013	0.313	0.442	0.456	0.454	0.233	6.19	6.19	6.29	6.19	6.3
CAF075	04/15/2013	0.312	0.442	0.457	0.455	0.233	5.95	6	6.2	6.2	6.3
CAF075	04/16/2013	0.311	0.442	0.457	0.455	0.233	5.67	5.84	6.17	6.2	6.3
CAF075	04/17/2013	0.31	0.442	0.456	0.454	0.233	5.45	5.66	6.1	6.2	6.33
CAF075	04/18/2013	0.309	0.441	0.456	0.454	0.233	5.5	5.57	6	6.17	6.37
CAF075	04/19/2013	0.31	0.441	0.455	0.453	0.233	5.71	5.58	5.96	6.11	6.3
CAF075	04/20/2013	0.314	0.442	0.454	0.453	0.233	6.09	5.73	5.9	6.1	6.3
CAF075	04/21/2013	0.314	0.442	0.456	0.453	0.233	6.3	5.87	5.99	6.1	6.3
CAF075	04/22/2013	0.313	0.442	0.456	0.454	0.233	6.28	5.94	6	6.1	6.3
CAF075	04/23/2013	0.312	0.441	0.456	0.454	0.233	6.32	5.98	6.02	6.1	6.3
CAF075	04/24/2013	0.312	0.441	0.456	0.454	0.233	6.4	6	6.1	6.1	6.3
CAF075	04/25/2013	0.312	0.439	0.455	0.453	0.233	6.83	6.17	6.1	6.11	6.37
CAF075	04/26/2013	0.312	0.438	0.455	0.453	0.233	7.44	6.5	6.18	6.16	6.4
CAF075	04/27/2013	0.313	0.436	0.454	0.453	0.233	8.11	6.91	6.34	6.2	6.4
CAF075	04/28/2013	0.313	0.435	0.453	0.452	0.233	8.18	7.18	6.52	6.25	6.43
CAF075	04/29/2013	0.312	0.434	0.453	0.452	0.233	8.24	7.36	6.66	6.34	6.5
CAF075	04/30/2013	0.311	0.434	0.452	0.451	0.233	7.59	7.3	6.79	6.42	6.55
CAF075	05/01/2013	0.309	0.434	0.451	0.45	0.233	7	6.97	6.8	6.5	6.62
CAF075	05/02/2013	0.309	0.434	0.451	0.449	0.233	7.33	6.88	6.8	6.57	6.7
CAF075	05/03/2013	0.31	0.433	0.45	0.449	0.233	8.08	7.14	6.8	6.6	6.72
CAF075	05/04/2013	0.311	0.431	0.449	0.448	0.233	8.85	7.59	6.91	6.6	6.8
CAF075	05/05/2013	0.311	0.43	0.448	0.447	0.232	9.32	7.98	7.08	6.69	6.8
CAF075	05/06/2013	0.312	0.429	0.447	0.447	0.232	10	8.37	7.29	6.75	6.9
CAF075	05/07/2013	0.313	0.427	0.447	0.446	0.232	10.84	8.8	7.5	6.86	6.93
CAF075	05/08/2013	0.314	0.425	0.446	0.446	0.232	11.6	9.27	7.75	6.97	7.02
CAF075	05/09/2013	0.315	0.423	0.445	0.445	0.232	12.33	9.76	8.03	7.11	7.14
CAF075	05/10/2013	0.315	0.421	0.444	0.444	0.232	12.82	10.2	8.34	7.26	7.25
CAF075	05/11/2013	0.316	0.419	0.444	0.444	0.232	13.34	10.62	8.63	7.43	7.38
CAF075	05/12/2013	0.316	0.417	0.443	0.444	0.233	13.76	11.05	8.91	7.61	7.53
CAF075	05/13/2013	0.316	0.416	0.442	0.443	0.233	13.99	11.4	9.21	7.79	7.67
CAF075	05/14/2013	0.315	0.415	0.441	0.443	0.233	13.58	11.54	9.5	7.99	7.84
CAF075	05/15/2013	0.313	0.414	0.44	0.442	0.233	13.1	11.37	9.67	8.16	7.98
CAF075	05/16/2013	0.312	0.413	0.44	0.441	0.233	12.99	11.24	9.77	8.33	8.14
CAF075	05/17/2013	0.311	0.412	0.439	0.44	0.233	12.87	11.2	9.81	8.46	8.25
CAF075	05/18/2013	0.31	0.411	0.439	0.439	0.233	12.78	11.2	9.9	8.55	8.37
CAF075	05/19/2013	0.309	0.41	0.437	0.44	0.233	12.39	11.06	9.9	8.65	8.47
CAF075	05/20/2013	0.309	0.41	0.437	0.439	0.233	12.54	11	9.91	8.71	8.56
CAF075	05/21/2013	0.309	0.408	0.436	0.439	0.233	13.08	11.17	10	8.8	8.66
CAF075	05/22/2013	0.308	0.407	0.435	0.438	0.233	12.58	11.25	10.07	8.86	8.7
CAF075	05/23/2013	0.306	0.407	0.435	0.438	0.233	11.65	10.9	10.1	8.91	8.75
CAF075	05/24/2013	0.305	0.407	0.434	0.437	0.233	11.54	10.62	10.05	8.99	8.8
CAF075	05/25/2013	0.304	0.407	0.433	0.436	0.233	11.18	10.42	9.99	9	8.9
CAF075	05/26/2013	0.304	0.406	0.433	0.436	0.233	11.41	10.37	9.9	9	8.9
CAF075	05/27/2013	0.304	0.405	0.432	0.435	0.233	11.73	10.44	9.9	9	8.9
CAF075	05/28/2013	0.304	0.404	0.431	0.435	0.233	12.04	10.62	9.9	9	8.94
CAF075	05/29/2013	0.304	0.403	0.431	0.434	0.233	12.04	10.75	9.97	9.05	9
CAF075	05/30/2013	0.303	0.403	0.43	0.433	0.233	11.9	10.7	10	9.1	9
CAF075	05/31/2013	0.302	0.401	0.43	0.432	0.233	11.89	10.76	10.08	9.1	9.02
CAF075	06/01/2013	0.301	0.4	0.429	0.432	0.233	12.18	10.86	10.1	9.15	9.1
CAF075	06/02/2013	0.301	0.398	0.429	0.433	0.232	12.51	10.97	10.14	9.2	9.1
CAF075	06/03/2013	0.299	0.397	0.428	0.433	0.232	12.54	11.1	10.21	9.21	9.1
CAF075	06/04/2013	0.298	0.395	0.428	0.433	0.232	12.79	11.24	10.3	9.29	9.2
CAF075	06/05/2013	0.297	0.392	0.427	0.432	0.232	13.36	11.48	10.39	9.31	9.2
CAF075	06/06/2013	0.295	0.388	0.427	0.431	0.232	13.97	11.83	10.54	9.4	9.27
CAF075	06/07/2013	0.293	0.384	0.426	0.431	0.232	14.51	12.27	10.72	9.48	9.3
CAF075	06/08/2013	0.289	0.379	0.425	0.431	0.232	14.49	12.56	10.95	9.58	9.38
CAF075	06/09/2013	0.284	0.374	0.424	0.431	0.232	14.51	12.68	11.14	9.7	9.47
CAF075	06/10/2013	0.279	0.37	0.423	0.429	0.232	14.45	12.79	11.27	9.83	9.54
CAF075	06/11/2013	0.273	0.364	0.422	0.429	0.232	14.4	12.8	11.4	9.94	9.64
CAF075	06/12/2013	0.267	0.359	0.421	0.428	0.232	14.23	12.79	11.49	10.04	9.72
CAF075	06/13/2013	0.262	0.354	0.42	0.428	0.232	14.23	12.78	11.53	10.14	9.8
CAF075	06/14/2013	0.256	0.348	0.419	0.428	0.232	14.07	12.74	11.6	10.22	9.89
CAF075	06/15/2013	0.251	0.341	0.417	0.427	0.232	14.1	12.7	11.6	10.3	9.96
CAF075	06/16/2013	0.247	0.333	0.416	0.426	0.232	14.34	12.78	11.65	10.37	10
CAF075	06/17/2013	0.243	0.323	0.413	0.425	0.232	14.74	12.93	11.7	10.4	10.1
CAF075	06/18/2013	0.24	0.315	0.411	0.424	0.232	15.12	13.16	11.81	10.5	10.14
CAF075	06/19/2013	0.24	0.312	0.41	0.424	0.232	14.88	13.29	11.92	10.56	10.2
CAF075	06/20/2013	0.24	0.314	0.41	0.423	0.232	14.01	13.05	12	10.63	10.29
CAF075	06/21/2013	0.24	0.313	0.41	0.424	0.232	13.35	12.63	11.98	10.7	10.35
CAF075	06/22/2013	0.24	0.311	0.408	0.423	0.232	13.44	12.4	11.9	10.74	10.4
CAF075	06/23/2013	0.239	0.308	0.407	0.422	0.232	13.61	12.4	11.8	10.76	10.42
CAF075	06/24/2013	0.24	0.306	0.405	0.422	0.232	13.97	12.53	11.8	10.79	10.5
CAF075	06/25/2013	0.24	0.306	0.404	0.421	0.232	14.06	12.67	11.81	10.8	10.5
CAF075	06/26/2013	0.241	0.305	0.403	0.42	0.232	14.3	12.76	11.9	10.8	10.5
CAF075	06/27/2013	0.241	0.304	0.401	0.419	0.232	14.63	12.94	11.93	10.81	10.56
CAF075	06/28/2013	0.241	0.299	0.397	0.419	0.232	15.31	13.23	12.03	10.89	10.6
CAF075	06/29/2013	0.241	0.294	0.394	0.418	0.232	16.08	13.64	12.17	10.92	10.62
CAF075	06/30/2013	0.24	0.289	0.39	0.417	0.232	16.53	14.03	12.36	11.01	10.7
CAF075	07/01/2013	0.238	0.284	0.384	0.417	0.232	16.85	14.3	12.56	11.13	10.77
CAF075	07/02/2013	0.236	0.278	0.379	0.415	0.232	17.42	14.62	12.76	11.23	10.85
CAF075	07/03/2013	0.234	0.271	0.373	0.414	0.232	17.82	15	12.97	11.35	10.95
CAF075	07/04/2013	0.23	0.264	0.365	0.412	0.232	17.59	15.16	13.16	11.48	11.07
CAF075	07/05/2013	0.227	0.257	0.357	0.411	0.232	17.04	15.07	13.33	11.62	11.18
CAF075	07/06/2013	0.224	0.251	0.347	0.409	0.232	16.51	14.91	12.74	11.74	11.3
CAF075	07/07/2013	0.221	0.244	0.341	0.407	0.232	16.29	14.7	13.4	11.85	11.4
CAF075	07/08/2013	0.218	0.237	0.331	0.405	0.232	16.27	14.64	13.4	11.9	11.5
CAF075	07/09/2013	0.215	0.23	0.322	0.403	0.232	16.22	14.63	13.4	11.98	11.58
CAF075	07/10/2013	0.212	0.223	0.306	0.4	0.232	16.25	14.6	13.4	12	11.61
CAF075	07/11/2013	0.21	0.215	NA	0.397	0.232	16.38	14.63	NA	12.03	11.7
CAF075	07/19/2013	0.197	0.171	0.228	0.365	0.228	16.2	14.52	13.4	12.2	11.9
CAF075	07/20/2013	0.196	0.167	0.227	0.359	0.228	16.23	14.55	13.4	12.2	11.99
CAF075	07/21/2013	0.195	0.163	0.222	0.353	0.227	16.2	14.6	13.48	12.2	12
CAF075	07/22/2013	0.194	0.16	0.219	0.347	0.226	16.17	14.6	13.5	12.27	12
CAF075	07/23/2013	0.194	0.156	0.216	0.34	0.225	16.28	14.64	13.5	12.3	12.05
CAF075	07/24/2013	0.193	0.154	0.213	0.334	0.224	16.47	14.73	13.54	12.3	12.1
CAF075	07/25/2013	0.193	0.151	0.211	0.329	0.223	16.58	14.83	13.6	12.32	12.1
CAF075	07/26/2013	0.192	0.149	0.21	0.324	0.221	16.55	14.88	13.63	12.39	12.1
CAF075	07/27/2013	0.192	0.147	0.209	0.32	0.22	16.52	14.9	13.7	12.4	12.2
CAF075	07/28/2013	0.191	0.146	0.208	0.318	0.219	16.4	14.89	13.7	12.42	12.2
CAF075	07/29/2013	0.191	0.144	0.208	0.316	0.219	16.18	14.83	13.7	12.47	12.2
CAF075	07/30/2013	0.191	0.143	0.207	0.313	0.218	16.15	14.77	13.7	12.5	12.28
CAF075	07/31/2013	0.191	0.142	0.207	0.312	0.217	16.26	14.79	13.7	12.5	12.3
CAF075	08/01/2013	0.191	0.141	0.207	0.311	0.217	16.4	14.86	13.7	12.5	12.3
CAF075	08/02/2013	0.19	0.141	0.207	0.312	0.218	16.2	14.84	13.75	12.54	12.3
CAF075	08/03/2013	0.19	0.14	0.207	0.313	0.218	15.72	14.65	13.75	12.6	12.35
CAF075	08/04/2013	0.19	0.14	0.207	0.311	0.217	15.65	14.48	13.7	12.6	12.4
CAF075	08/05/2013	0.19	0.14	0.207	0.31	0.217	15.87	14.49	13.63	12.6	12.4
CAF075	08/06/2013	0.19	0.14	0.207	0.308	0.216	16.1	14.58	13.6	12.6	12.4
CAF075	08/07/2013	0.191	0.139	0.207	0.306	0.215	16.36	14.76	13.67	12.6	12.4
CAF075	08/08/2013	0.191	0.139	0.207	0.305	0.215	16.44	14.88	13.7	12.6	12.4
CAF075	08/09/2013	0.191	0.139	0.207	0.304	0.215	16.63	14.97	13.74	12.6	12.4
CAF075	08/10/2013	0.191	0.139	0.207	0.303	0.214	17.08	15.14	13.8	12.66	12.5
CAF075	08/11/2013	0.191	0.139	0.207	0.303	0.214	17.5	15.42	13.87	12.7	12.5
CAF075	08/12/2013	0.192	0.139	0.207	0.303	0.214	17.63	15.58	13.98	12.74	12.5
CAF075	08/13/2013	0.192	0.139	0.207	0.303	0.214	17.71	15.73	14.09	12.8	12.6
CAF075	08/14/2013	0.192	0.139	0.207	0.304	0.213	17.79	15.8	14.19	12.87	12.6
CAF075	08/15/2013	0.192	0.14	0.207	0.305	0.213	17.97	15.94	14.26	12.92	12.69
CAF075	08/16/2013	0.192	0.14	0.207	0.307	0.213	18.05	16.03	14.35	13	12.7
CAF075	08/17/2013	0.192	0.14	0.207	0.309	0.213	18.17	16.09	14.42	13.05	12.8
CAF075	08/18/2013	0.192	0.14	0.207	0.311	0.213	18.13	16.2	14.5	13.1	12.82
CAF075	08/19/2013	0.192	0.14	0.207	0.313	0.213	17.89	16.17	14.6	13.2	12.9
CAF075	08/20/2013	0.192	0.14	0.207	0.314	0.213	17.69	16.07	14.6	13.2	12.94
CAF075	08/21/2013	0.191	0.14	0.207	0.317	0.214	17.36	15.93	14.6	13.26	13
CAF075	08/22/2013	0.191	0.14	0.207	0.318	0.214	17.48	15.88	14.6	13.3	13.02
CAF075	08/23/2013	0.191	0.14	0.207	0.318	0.214	17.61	15.9	14.6	13.3	13.1
CAF075	08/24/2013	0.192	0.14	0.207	0.319	0.214	17.62	15.96	14.6	13.3	13.1
CAF075	08/25/2013	0.192	0.14	0.207	0.319	0.214	17.75	15.99	14.6	13.32	13.1
CAF075	08/26/2013	0.192	0.14	0.207	0.32	0.214	17.94	16.13	14.65	13.39	13.17
CAF075	08/27/2013	0.192	0.14	0.207	0.32	0.214	17.7	16.13	14.7	13.4	13.2
CAF075	08/28/2013	0.192	0.14	0.208	0.321	0.214	17.76	16.09	14.7	13.49	13.2
CAF075	08/29/2013	0.193	0.14	0.208	0.308	0.215	17.69	16.1	14.42	13.5	13.25
CAF075	08/30/2013	0.193	0.14	0.208	0.308	0.215	17.77	16.13	14.75	13.5	13.3
CAF075	08/31/2013	0.193	0.14	0.208	0.308	0.215	17.79	16.17	14.8	13.52	13.3
CAF075	09/01/2013	0.193	0.14	0.208	0.308	0.215	18.02	16.27	14.8	13.59	13.3
CAF075	09/02/2013	0.193	0.14	0.208	0.308	0.215	18.19	16.38	14.86	13.6	13.37
CAF075	09/03/2013	0.193	0.14	0.208	0.309	0.215	17.92	16.36	14.9	13.61	13.4
CAF075	09/04/2013	0.193	0.139	0.209	0.309	0.216	17.82	16.27	14.9	13.68	13.4
CAF075	09/05/2013	0.193	0.14	0.209	0.31	0.216	18.09	16.35	14.9	13.7	13.4
CAF075	09/06/2013	0.193	0.14	0.209	0.31	0.216	17.8	16.34	14.97	13.7	13.5
CAF075	09/07/2013	0.192	0.139	0.209	0.31	0.216	17.13	16.08	14.95	13.7	13.5
CAF075	09/08/2013	0.192	0.139	0.209	0.31	0.216	16.93	15.89	14.9	13.73	13.5
CAF075	09/09/2013	0.192	0.139	0.209	0.311	0.216	16.68	15.78	14.82	13.72	13.5
CAF075	09/10/2013	0.192	0.139	0.209	0.311	0.216	16.95	15.8	14.8	13.7	13.5
CAF075	09/11/2013	0.192	0.139	0.209	0.311	0.216	17.34	15.95	14.75	13.7	13.5
CAF075	09/12/2013	0.193	0.139	0.209	0.311	0.216	17.67	16.11	14.8	13.7	13.5
CAF075	09/13/2013	0.193	0.139	0.209	0.312	0.216	17.81	16.24	14.82	13.7	13.5
CAF075	09/14/2013	0.193	0.139	0.209	0.313	0.216	17.92	16.33	14.9	13.71	13.5
CAF075	09/15/2013	0.193	0.139	0.209	0.314	0.216	18.21	16.45	14.92	13.78	13.57
CAF075	09/16/2013	0.193	0.139	0.209	0.315	0.216	18.48	16.63	15.01	13.8	13.6
CAF075	09/17/2013	0.192	0.139	0.209	0.315	0.216	17.42	16.46	15.1	13.8	13.6
CAF075	09/18/2013	0.191	0.138	0.21	0.315	0.216	16.18	15.91	15.05	13.85	13.6
CAF075	09/19/2013	0.19	0.137	0.21	0.315	0.217	15.15	15.25	14.87	13.88	13.64
CAF075	09/20/2013	0.19	0.136	0.209	0.315	0.217	14.8	14.77	14.62	13.81	13.63
CAF075	09/21/2013	0.19	0.136	0.209	0.315	0.217	14.9	14.63	14.42	13.75	13.6
CAF075	09/22/2013	0.19	0.135	0.208	0.315	0.217	14.59	14.49	14.27	13.67	13.6
CAF075	09/23/2013	0.189	0.135	0.208	0.315	0.217	14.15	14.13	14.13	13.6	13.5
CAF075	09/24/2013	0.189	0.135	0.207	0.315	0.216	13.81	13.81	13.95	13.5	13.49
CAF075	09/25/2013	0.188	0.134	0.207	0.315	0.216	13.44	13.5	13.78	13.41	13.4
CAF075	09/26/2013	0.188	0.134	0.206	0.315	0.216	12.88	13.14	13.58	13.33	13.35
CAF075	09/27/2013	0.188	0.134	0.206	0.315	0.216	12.43	12.81	13.39	13.22	13.28
CAF075	09/28/2013	0.188	0.133	0.206	0.314	0.216	12.03	12.44	13.18	13.1	13.2
CAF075	09/29/2013	0.188	0.134	0.206	0.314	0.216	12.08	12.26	12.98	12.99	13.11
CAF075	09/30/2013	0.189	0.134	0.206	0.314	0.216	11.65	12.02	12.81	12.87	13.02
CAF075	10/01/2013	0.189	0.133	0.206	0.314	0.216	11.12	11.71	12.63	12.75	12.93
CAF075	10/02/2013	0.189	0.133	0.206	0.314	0.216	10.53	11.4	12.43	12.63	12.84
CAF075	10/03/2013	0.189	0.133	0.206	0.313	0.216	10.04	11.07	12.23	12.5	12.75
CAF075	10/04/2013	0.189	0.132	0.205	0.312	0.216	9.54	10.8	12.02	12.37	12.65
CAF075	10/05/2013	0.189	0.132	0.205	0.312	0.216	9.25	10.54	11.82	12.25	12.54
CAF075	10/06/2013	0.189	0.132	0.205	0.312	0.216	9.45	10.46	11.64	12.12	12.43
CAF075	10/07/2013	0.19	0.132	0.205	0.312	0.216	9.75	10.55	11.51	11.97	12.32
CAF075	10/08/2013	0.19	0.132	0.205	0.312	0.215	9.72	10.53	11.42	11.85	12.21
CAF075	10/09/2013	0.19	0.132	0.204	0.312	0.215	9.16	10.33	11.34	11.75	12.1
CAF075	10/10/2013	0.19	0.132	0.204	0.311	0.215	8.82	10.04	11.21	11.66	12.01
CAF075	10/11/2013	0.19	0.132	0.204	0.311	0.215	8.87	9.87	11.05	11.55	11.91
CAF075	10/12/2013	0.191	0.132	0.204	0.311	0.215	9.28	9.89	10.93	11.45	11.83
CAF075	10/13/2013	0.191	0.132	0.204	0.311	0.215	9.32	9.96	10.88	11.35	11.74
CAF075	10/14/2013	0.191	0.132	0.203	0.311	0.215	8.88	9.85	10.8	11.27	11.66
CAF075	10/15/2013	0.19	0.132	0.203	0.312	0.215	8.21	9.6	10.71	11.2	11.59
CAF075	10/16/2013	0.19	0.132	0.203	0.311	0.215	8.03	9.35	10.56	11.11	11.5
CAF075	10/17/2013	0.19	0.132	0.203	0.311	0.215	8.08	9.28	10.43	11.02	11.42
CAF075	10/18/2013	0.19	0.132	0.203	0.31	0.215	7.84	9.16	10.33	10.92	11.34
CAF075	10/19/2013	0.19	0.132	0.203	0.31	0.215	7.74	9	10.22	10.82	11.25
CAF075	10/20/2013	0.191	0.132	0.203	0.31	0.215	7.73	8.96	10.11	10.74	11.17
CAF075	10/21/2013	0.191	0.132	0.203	0.31	0.215	7.89	8.9	10.02	10.65	11.09
CAF075	10/22/2013	0.191	0.132	0.203	0.31	0.214	8.27	8.99	9.95	10.58	11
CAF075	10/23/2013	0.192	0.132	0.203	0.31	0.214	8.63	9.17	9.9	10.5	10.92
CAF075	10/24/2013	0.192	0.133	0.203	0.31	0.214	8.79	9.28	9.9	10.42	10.85
CAF075	10/25/2013	0.192	0.133	0.203	0.31	0.214	8.72	9.34	9.92	10.4	10.8
CAF075	10/26/2013	0.192	0.133	0.203	0.31	0.214	8.55	9.28	9.9	10.36	10.74
CAF075	10/27/2013	0.192	0.133	0.203	0.31	0.214	8.26	9.16	9.9	10.3	10.7
CAF075	10/28/2013	0.192	0.132	0.203	0.31	0.214	8.04	8.97	9.85	10.29	10.7
CAF075	10/29/2013	0.191	0.132	0.203	0.31	0.214	7.3	8.73	9.77	10.22	10.62
CAF075	10/30/2013	0.191	0.132	0.203	0.31	0.214	6.35	8.27	9.64	10.17	10.6
CAF075	10/31/2013	0.191	0.132	0.202	0.31	0.214	6.06	7.86	9.43	10.1	10.52
CAF075	11/01/2013	0.191	0.131	0.202	0.31	0.214	6.19	7.69	9.23	9.99	10.46
CAF075	11/02/2013	0.191	0.131	0.202	0.31	0.214	6.51	7.68	9.07	9.89	10.38
CAF075	11/03/2013	0.191	0.131	0.202	0.309	0.214	6.51	7.68	9	9.79	10.29
CAF075	11/04/2013	0.191	0.131	0.202	0.309	0.214	6.05	7.5	8.9	9.69	10.2
CAF075	11/05/2013	0.191	0.131	0.202	0.309	0.214	5.53	7.18	8.78	9.61	10.13
CAF075	11/06/2013	0.19	0.182	0.202	0.309	0.214	5.03	6.26	8.57	9.52	10.06
CAF075	11/07/2013	0.197	0.388	0.362	0.31	0.214	4.67	3.89	7.19	9.27	9.97
CAF075	11/08/2013	0.217	0.387	0.391	0.309	0.214	5.01	5.04	7.23	9.03	9.84
CAF075	11/09/2013	0.215	0.376	0.385	0.309	0.214	5.13	5.72	7.44	8.9	9.72
CAF075	11/10/2013	0.214	0.368	0.381	0.309	0.214	5.34	6	7.55	8.85	9.62
CAF075	11/11/2013	0.214	0.362	0.377	0.309	0.213	5.79	6.34	7.6	8.8	9.53
CAF075	11/12/2013	0.214	0.357	0.373	0.309	0.213	6.11	6.6	7.7	8.77	9.5
CAF075	11/13/2013	0.214	0.35	0.371	0.308	0.213	6.28	6.77	7.76	8.7	9.4
CAF075	11/14/2013	0.214	0.343	0.37	0.308	0.214	6.17	6.87	7.8	8.7	9.4
CAF075	11/15/2013	0.214	0.34	0.368	0.308	0.213	5.96	6.8	7.88	8.7	9.3
CAF075	11/16/2013	0.232	0.347	0.365	0.309	0.213	5.45	6.61	7.8	8.7	9.3
CAF075	11/17/2013	0.244	0.361	0.363	0.309	0.213	4.99	6.3	7.75	8.64	9.3
CAF075	11/18/2013	0.244	0.359	0.362	0.309	0.213	5.05	6.2	7.63	8.6	9.22
CAF075	11/19/2013	0.245	0.356	0.361	0.309	0.213	5.2	6.15	7.53	8.52	9.2
CAF075	11/20/2013	0.246	0.353	0.36	0.309	0.213	5.36	6.2	7.5	8.47	9.13
CAF075	11/21/2013	0.246	0.351	0.359	0.309	0.213	4.48	6.04	7.4	8.4	9.1
CAF075	11/22/2013	0.245	0.349	0.359	0.309	0.213	3.72	5.63	7.32	8.35	9.05
CAF075	11/23/2013	0.245	0.347	0.358	0.309	0.213	3.23	5.25	7.12	8.28	9
CAF075	11/24/2013	0.244	0.346	0.358	0.309	0.213	2.87	4.93	6.91	8.17	8.91
CAF075	11/25/2013	0.244	0.344	0.357	0.31	0.213	2.64	4.65	6.71	8.06	8.83
CAF075	11/26/2013	0.244	0.343	0.357	0.31	0.213	2.46	4.43	6.52	7.94	8.76
CAF075	11/27/2013	0.243	0.342	0.356	0.31	0.213	2.34	4.26	6.35	7.83	8.7
CAF075	11/28/2013	0.243	0.341	0.356	0.31	0.213	2.27	4.12	6.17	7.69	8.59
CAF075	11/29/2013	0.243	0.34	0.355	0.31	0.213	2.16	3.99	6.04	7.57	8.49
CAF075	11/30/2013	0.243	0.338	0.355	0.31	0.213	2.1	3.89	5.92	7.46	8.4
CAF075	12/01/2013	0.252	0.34	0.353	0.311	0.213	2.03	3.8	5.79	7.35	8.3
CAF075	12/02/2013	0.265	0.352	0.352	0.312	0.212	2	3.7	5.67	7.25	8.2
CAF075	12/03/2013	0.258	0.366	0.351	0.312	0.212	2	3.7	5.58	7.14	8.13
CAF075	12/04/2013	0.255	0.365	0.351	0.312	0.213	2	3.7	5.5	7.05	8.04
CAF075	12/05/2013	0.254	0.363	0.351	0.312	0.213	2.06	3.65	5.4	6.97	7.96
CAF075	12/06/2013	0.252	0.361	0.351	0.312	0.213	2.08	3.6	5.37	6.89	7.88
CAF075	12/07/2013	0.251	0.358	0.351	0.312	0.213	1.96	3.54	5.3	6.81	7.8
CAF075	12/08/2013	0.25	0.355	0.351	0.313	0.213	1.82	3.44	5.22	6.73	7.72
CAF075	12/09/2013	0.249	0.354	0.351	0.313	0.213	1.58	3.29	5.15	6.65	7.64
CAF075	12/10/2013	0.249	0.352	0.351	0.313	0.212	1.39	3.15	5.06	6.58	7.57
CAF075	12/11/2013	0.248	0.351	0.351	0.313	0.212	1.3	3.03	4.96	6.49	7.5
CAF075	12/12/2013	0.248	0.349	0.351	0.313	0.212	1.22	2.93	4.87	6.4	7.4
CAF075	12/13/2013	0.247	0.348	0.351	0.314	0.212	1.2	2.9	4.76	6.32	7.33
CAF075	12/14/2013	0.247	0.347	0.351	0.313	0.212	1.2	2.8	4.7	6.24	7.25
CAF075	12/15/2013	0.246	0.345	0.351	0.313	0.212	1.2	2.8	4.6	6.16	7.18
CAF075	12/16/2013	0.246	0.344	0.351	0.313	0.212	1.2	2.78	4.57	6.09	7.09
CAF075	12/17/2013	0.246	0.343	0.351	0.313	0.212	1.2	2.7	4.5	6	7
CAF075	12/18/2013	0.246	0.342	0.35	0.313	0.212	1.29	2.7	4.46	5.93	6.92
CAF075	12/19/2013	0.246	0.342	0.35	0.313	0.212	1.3	2.7	4.4	5.88	6.9
CAF075	12/20/2013	0.246	0.341	0.35	0.313	0.212	1.3	2.7	4.4	5.81	6.8
CAF075	12/21/2013	0.246	0.34	0.35	0.314	0.212	1.3	2.7	4.33	5.76	6.77
CAF075	12/22/2013	0.246	0.34	0.35	0.314	0.212	1.3	2.7	4.3	5.7	6.7
CAF075	12/23/2013	0.246	0.368	0.349	0.314	0.212	1.3	2.57	4.27	5.64	6.64
CAF075	12/24/2013	0.246	0.381	0.348	0.315	0.211	1.3	2.53	4.2	5.6	6.6
CAF075	12/25/2013	0.246	0.376	0.349	0.314	0.211	1.3	2.6	4.15	5.53	6.52
CAF075	12/26/2013	0.246	0.372	0.349	0.314	0.211	1.39	2.6	4.1	5.5	6.5
CAF075	12/27/2013	0.246	0.369	0.349	0.314	0.211	1.4	2.6	4.1	5.42	6.43
CAF075	12/28/2013	0.246	0.367	0.349	0.314	0.211	1.4	2.6	4.1	5.4	6.4
CAF075	12/29/2013	0.247	0.364	0.349	0.314	0.211	1.4	2.6	4.02	5.35	6.33
CAF075	12/30/2013	0.247	0.362	0.35	0.315	0.211	1.44	2.6	4	5.3	6.28
CAF075	12/31/2013	0.247	0.361	0.35	0.314	0.211	1.5	2.6	4	5.29	6.2
CAF075	01/01/2014	0.247	0.359	0.35	0.314	0.211	1.5	2.56	4	5.22	6.17
CAF075	01/02/2014	0.247	0.358	0.35	0.315	0.211	1.5	2.5	4	5.2	6.1
CAF075	01/03/2014	0.247	0.359	0.35	0.315	0.211	1.5	2.5	3.92	5.19	6.1
CAF075	01/04/2014	0.247	0.361	0.35	0.315	0.211	1.5	2.5	3.9	5.11	6.1
CAF075	01/05/2014	0.247	0.361	0.35	0.315	0.211	1.5	2.5	3.9	5.1	6
CAF075	01/06/2014	0.246	0.362	0.35	0.315	0.211	1.4	2.43	3.85	5.03	6
CAF075	01/07/2014	0.246	0.362	0.35	0.315	0.211	1.3	2.4	3.8	5	5.97
CAF075	01/08/2014	0.246	0.361	0.35	0.315	0.211	1.3	2.35	3.8	4.98	5.9
CAF075	01/09/2014	0.246	0.361	0.351	0.315	0.211	1.3	2.3	3.78	4.92	5.88
CAF075	01/10/2014	0.246	0.362	0.351	0.316	0.211	1.3	2.3	3.7	4.9	5.8
CAF075	01/11/2014	0.246	0.387	0.35	0.316	0.211	1.3	2.21	3.68	4.83	5.8
CAF075	01/12/2014	0.248	0.404	0.355	0.316	0.211	1.3	2.1	3.6	4.8	5.71
CAF075	01/13/2014	0.25	0.407	0.365	0.316	0.211	1.3	2.1	3.51	4.73	5.7
CAF075	01/14/2014	0.254	0.409	0.371	0.316	0.211	1.34	2.14	3.5	4.7	5.67
CAF075	01/15/2014	0.256	0.408	0.376	0.316	0.211	1.4	2.2	3.5	4.67	5.6
CAF075	01/16/2014	0.257	0.406	0.378	0.316	0.211	1.4	2.2	3.5	4.6	5.6
CAF075	01/17/2014	0.257	0.403	0.379	0.316	0.211	1.4	2.2	3.5	4.6	5.5
CAF075	01/18/2014	0.257	0.4	0.38	0.316	0.211	1.5	2.2	3.5	4.59	5.5
CAF075	01/19/2014	0.257	0.398	0.381	0.316	0.211	1.5	2.2	3.5	4.53	5.5
CAF075	01/20/2014	0.257	0.396	0.381	0.316	0.21	1.5	2.22	3.45	4.5	5.4
CAF075	01/21/2014	0.257	0.394	0.381	0.316	0.21	1.5	2.3	3.4	4.5	5.4
CAF075	01/22/2014	0.257	0.393	0.38	0.316	0.21	1.5	2.3	3.4	4.5	5.37
CAF075	01/23/2014	0.257	0.391	0.38	0.316	0.21	1.53	2.3	3.4	4.48	5.3
CAF075	01/24/2014	0.257	0.389	0.38	0.317	0.21	1.6	2.3	3.4	4.43	5.3
CAF075	01/25/2014	0.257	0.387	0.38	0.317	0.21	1.6	2.3	3.4	4.4	5.25
CAF075	01/26/2014	0.256	0.386	0.38	0.317	0.21	1.6	2.3	3.4	4.4	5.2
CAF075	01/27/2014	0.256	0.385	0.38	0.317	0.21	1.63	2.3	3.4	4.4	5.2
CAF075	01/28/2014	0.256	0.383	0.38	0.317	0.21	1.7	2.3	3.4	4.38	5.19
CAF075	01/29/2014	0.256	0.385	0.381	0.317	0.21	1.7	2.29	3.4	4.33	5.1
CAF075	01/30/2014	0.256	0.404	0.41	0.317	0.21	1.7	2.12	3.32	4.3	5.1
CAF075	01/31/2014	0.258	0.399	0.406	0.318	0.21	1.7	2.2	3.3	4.3	5.1
CAF075	02/01/2014	0.259	0.397	0.402	0.318	0.21	1.7	2.2	3.3	4.3	5.1
CAF075	02/02/2014	0.26	0.395	0.4	0.318	0.21	1.7	2.2	3.3	4.29	5.02
CAF075	02/03/2014	0.262	0.395	0.399	0.318	0.21	1.7	2.2	3.3	4.25	5
CAF075	02/04/2014	0.263	0.394	0.398	0.318	0.21	1.7	2.2	3.3	4.2	5
CAF075	02/05/2014	0.264	0.393	0.398	0.318	0.21	1.7	2.2	3.3	4.2	4.92
CAF075	02/06/2014	0.264	0.392	0.398	0.318	0.21	1.74	2.2	3.3	4.2	4.9
CAF075	02/07/2014	0.264	0.392	0.398	0.318	0.21	1.8	2.2	3.3	4.2	4.9
CAF075	02/08/2014	0.264	0.391	0.398	0.318	0.21	1.8	2.2	3.3	4.19	4.9
CAF075	02/09/2014	0.264	0.39	0.398	0.318	0.21	1.8	2.2	3.3	4.12	4.88
CAF075	02/10/2014	0.263	0.389	0.398	0.318	0.21	1.8	2.2	3.23	4.1	4.8
CAF075	02/11/2014	0.264	0.405	0.416	0.318	0.21	1.8	2.07	3.2	4.1	4.8
CAF075	02/12/2014	0.269	0.44	0.474	0.353	0.21	1.8	1.49	2.67	3.91	4.77
CAF075	02/13/2014	0.277	0.442	0.476	0.409	0.21	1.75	1.39	2.44	3.61	4.66
CAF075	02/14/2014	0.302	0.441	0.475	0.423	0.21	1.69	1.59	2.67	3.7	4.6
CAF075	02/15/2014	0.312	0.441	0.476	0.439	0.21	1.67	1.66	2.7	3.7	4.5
CAF075	02/16/2014	0.317	0.443	0.481	0.452	0.21	1.62	1.71	2.7	3.7	4.5
CAF075	02/17/2014	0.318	0.437	0.474	0.447	0.21	1.68	1.8	2.8	3.7	4.5
CAF075	02/18/2014	0.32	0.44	0.479	0.455	0.21	1.73	1.91	2.8	3.7	4.48
CAF075	02/19/2014	0.316	0.439	0.48	0.459	0.21	1.98	2.05	2.8	3.7	4.4
CAF075	02/20/2014	0.309	0.432	0.475	0.454	0.21	1.96	2.1	2.9	3.7	4.4
CAF075	02/21/2014	0.308	0.431	0.472	0.45	0.211	1.9	2.1	2.9	3.7	4.32
CAF075	02/22/2014	0.307	0.429	0.471	0.449	0.212	1.95	2.1	2.9	3.7	4.3
CAF075	02/23/2014	0.305	0.426	0.469	0.447	0.213	1.98	2.1	2.9	3.7	4.3
CAF075	02/24/2014	0.304	0.424	0.467	0.444	0.214	2	2.1	2.93	3.7	4.3
CAF075	02/25/2014	0.303	0.423	0.465	0.443	0.216	2	2.1	3	3.7	4.3
CAF075	02/26/2014	0.303	0.422	0.464	0.442	0.217	2	2.1	3	3.7	4.22
CAF075	02/27/2014	0.304	0.421	0.463	0.442	0.218	2	2.1	3	3.7	4.2
CAF075	02/28/2014	0.304	0.424	0.463	0.441	0.219	2	2.1	3	3.7	4.2
CAF075	03/01/2014	0.305	0.427	0.464	0.441	0.219	2	2.1	3	3.7	4.2
CAF075	03/02/2014	0.305	0.426	0.465	0.442	0.22	2	2.1	3	3.7	4.2
CAF075	03/03/2014	0.313	0.431	0.466	0.442	0.221	2	2.1	3	3.7	4.2
CAF075	03/04/2014	0.319	0.441	0.481	0.465	0.226	1.97	2.01	2.96	3.7	4.19
CAF075	03/05/2014	0.313	0.435	0.478	0.469	0.232	2.69	2.18	2.9	3.68	4.1
CAF075	03/06/2014	0.317	0.435	0.478	0.468	0.232	3.63	2.6	2.98	3.64	4.1
CAF075	03/07/2014	0.316	0.433	0.479	0.471	0.233	4.27	3.08	3.14	3.63	4.1
CAF075	03/08/2014	0.312	0.427	0.476	0.466	0.233	4.52	3.41	3.32	3.69	4.1
CAF075	03/09/2014	0.316	0.427	0.474	0.461	0.232	4.92	3.65	3.49	3.75	4.1
CAF075	03/10/2014	0.316	0.428	0.477	0.467	0.233	5.64	4.07	3.69	3.81	4.19
CAF075	03/11/2014	0.313	0.425	0.475	0.465	0.233	5.4	4.3	3.89	3.91	4.24
CAF075	03/12/2014	0.311	0.422	0.473	0.461	0.233	5.2	4.3	4.05	4.02	4.33
CAF075	03/13/2014	0.309	0.419	0.47	0.458	0.233	5.12	4.33	4.15	4.11	4.43
CAF075	03/14/2014	0.308	0.416	0.468	0.452	0.232	5.17	4.39	4.25	4.19	4.5
CAF075	03/15/2014	0.308	0.416	0.466	0.448	0.232	4.98	4.38	4.32	4.28	4.59
CAF075	03/16/2014	0.307	0.416	0.465	0.447	0.232	4.92	4.3	4.4	4.33	4.67
CAF075	03/17/2014	0.308	0.414	0.464	0.446	0.232	5.16	4.39	4.4	4.4	4.7
CAF075	03/18/2014	0.308	0.416	0.464	0.445	0.232	4.8	4.37	4.47	4.45	4.79
CAF075	03/19/2014	0.307	0.416	0.464	0.445	0.232	4.55	4.27	4.5	4.5	4.86
CAF075	03/20/2014	0.307	0.416	0.464	0.445	0.232	4.5	4.19	4.5	4.53	4.9
CAF075	03/21/2014	0.305	0.415	0.463	0.444	0.232	4.21	4.07	4.5	4.6	4.9
CAF075	03/22/2014	0.304	0.415	0.463	0.444	0.232	4.05	3.98	4.42	4.6	5
CAF075	03/23/2014	0.304	0.414	0.462	0.443	0.232	4.05	3.9	4.4	4.6	5
CAF075	03/24/2014	0.303	0.413	0.461	0.442	0.231	4.32	3.99	4.4	4.6	5
CAF075	03/25/2014	0.303	0.411	0.46	0.441	0.231	4.6	4.08	4.4	4.6	5
CAF075	03/26/2014	0.303	0.41	0.459	0.441	0.231	4.84	4.23	4.43	4.6	5
CAF075	03/27/2014	0.304	0.408	0.458	0.44	0.231	5.21	4.43	4.5	4.61	5.1
CAF075	03/28/2014	0.303	0.406	0.457	0.439	0.231	5.32	4.57	4.58	4.69	5.1
CAF075	03/29/2014	0.304	0.405	0.457	0.438	0.231	5.46	4.65	4.65	4.7	5.1
CAF075	03/30/2014	0.307	0.406	0.456	0.437	0.231	5.73	4.86	4.73	4.77	5.12
CAF075	03/31/2014	0.307	0.408	0.457	0.437	0.231	5.56	4.9	4.84	4.8	5.2
CAF075	04/01/2014	0.307	0.408	0.457	0.438	0.231	5.66	4.97	4.9	4.89	5.22
CAF075	04/02/2014	0.307	0.408	0.458	0.438	0.231	5.8	5.08	4.98	4.9	5.3
CAF075	04/03/2014	0.306	0.406	0.459	0.437	0.231	5.7	5.1	5.03	4.99	5.33
CAF075	04/04/2014	0.307	0.406	0.458	0.438	0.231	6.04	5.2	5.1	5.01	5.4
CAF075	04/05/2014	0.306	0.404	0.457	0.437	0.231	6.13	5.3	5.17	5.09	5.45
CAF075	04/06/2014	0.307	0.403	0.457	0.437	0.231	6.38	5.4	5.22	5.13	5.5
CAF075	04/07/2014	0.307	0.403	0.457	0.436	0.231	6.65	5.58	5.31	5.2	5.54
CAF075	04/08/2014	0.309	0.402	0.456	0.436	0.231	7.45	5.88	5.42	5.27	5.6
CAF075	04/09/2014	0.31	0.4	0.456	0.436	0.231	8.17	6.34	5.57	5.33	5.67
CAF075	04/10/2014	0.309	0.398	0.456	0.435	0.231	7.92	6.6	5.78	5.43	5.72
CAF075	04/11/2014	0.309	0.396	0.455	0.435	0.231	7.77	6.68	5.95	5.53	5.81
CAF075	04/12/2014	0.308	0.396	0.455	0.435	0.231	7.65	6.72	6.06	5.64	5.93
CAF075	04/13/2014	0.307	0.395	0.454	0.434	0.231	7.39	6.74	6.15	5.75	6.01
CAF075	04/14/2014	0.306	0.395	0.454	0.434	0.231	7.25	6.7	6.2	5.83	6.1
CAF075	04/15/2014	0.306	0.393	0.454	0.433	0.231	7.44	6.7	6.26	5.9	6.13
CAF075	04/16/2014	0.306	0.392	0.453	0.433	0.231	7.24	6.7	6.3	5.98	6.22
CAF075	04/17/2014	0.305	0.388	0.453	0.433	0.231	7.19	6.6	6.35	6.01	6.3
CAF075	04/18/2014	0.305	0.391	0.452	0.432	0.231	7.23	6.6	6.4	6.1	6.39
CAF075	04/19/2014	0.304	0.39	0.451	0.432	0.231	7.02	6.57	6.4	6.1	6.4
CAF075	04/20/2014	0.304	0.388	0.451	0.43	0.231	7.13	6.56	6.4	6.17	6.48
CAF075	04/21/2014	0.305	0.388	0.45	0.43	0.231	7.62	6.7	6.4	6.2	6.5
CAF075	04/22/2014	0.305	0.387	0.45	0.43	0.231	7.95	6.91	6.47	6.2	6.5
CAF075	04/23/2014	0.304	0.386	0.449	0.429	0.231	7.49	6.96	6.55	6.28	6.59
CAF075	04/24/2014	0.303	0.385	0.449	0.429	0.231	7.13	6.76	6.6	6.3	6.6
CAF075	04/25/2014	0.304	0.382	0.449	0.428	0.231	7.17	6.7	6.6	6.37	6.67
CAF075	04/26/2014	0.305	0.388	0.449	0.428	0.231	7.09	6.69	6.6	6.4	6.7
CAF075	04/27/2014	0.306	0.39	0.449	0.428	0.231	6.99	6.64	6.6	6.4	6.7
CAF075	04/28/2014	0.305	0.386	0.45	0.428	0.231	6.73	6.55	6.6	6.4	6.78
CAF075	04/29/2014	0.305	0.382	0.45	0.428	0.231	6.78	6.47	6.51	6.41	6.8
CAF075	04/30/2014	0.306	0.383	0.451	0.428	0.231	7.46	6.6	6.5	6.43	6.8
CAF075	05/01/2014	0.308	0.38	0.451	0.428	0.231	8.44	7	6.57	6.46	6.8
CAF075	05/02/2014	0.311	0.375	0.45	0.428	0.231	9.52	7.37	6.67	6.5	6.8
CAF075	05/03/2014	0.314	NA	NA	NA	0.231	10.22	NA	NA	NA	6.86
