CAF275	10/26/2011	NA	NA	NA	NA	NA	NA	NA	NA	NA	NA
CAF275	10/27/2011	0.209	0.236	0.291	0.333	0.311	7.6	10.45	11.36	11.6	11.7
CAF275	10/28/2011	0.209	0.236	0.291	0.333	0.311	7.33	10.19	11.18	11.52	11.7
CAF275	10/29/2011	0.209	0.236	0.29	0.332	0.311	7.58	9.88	10.94	11.37	11.6
CAF275	10/30/2011	0.209	0.236	0.29	0.332	0.31	7.7	9.78	10.75	11.24	11.52
CAF275	10/31/2011	0.21	0.236	0.29	0.332	0.31	8.17	9.7	10.62	11.13	11.42
CAF275	11/01/2011	0.209	0.236	0.289	0.331	0.31	7.37	9.72	10.52	11.01	11.33
CAF275	11/02/2011	0.208	0.235	0.289	0.331	0.31	6.17	9.39	10.42	10.92	11.23
CAF275	11/03/2011	0.208	0.235	0.288	0.33	0.309	5.83	8.98	10.21	10.83	11.15
CAF275	11/04/2011	0.208	0.235	0.288	0.33	0.309	6.04	8.75	9.98	10.71	11.06
CAF275	11/05/2011	0.207	0.235	0.287	0.33	0.309	5.34	8.55	9.8	10.57	10.96
CAF275	11/06/2011	0.207	0.235	0.287	0.329	0.309	4.72	8.24	9.6	10.45	10.85
CAF275	11/07/2011	0.206	0.234	0.286	0.329	0.308	4.26	7.91	9.38	10.33	10.75
CAF275	11/08/2011	0.206	0.234	0.285	0.328	0.308	4	7.6	9.15	10.17	10.64
CAF275	11/09/2011	0.207	0.234	0.285	0.328	0.307	4.31	7.41	8.94	10.03	10.53
CAF275	11/10/2011	0.207	0.234	0.284	0.327	0.307	4.52	7.31	8.77	9.87	10.4
CAF275	11/11/2011	0.207	0.234	0.284	0.327	0.307	4.72	7.3	8.65	9.72	10.28
CAF275	11/12/2011	0.207	0.233	0.285	0.327	0.307	4.82	7.3	8.55	9.58	10.16
CAF275	11/13/2011	0.207	0.233	0.285	0.327	0.307	4.45	7.2	8.48	9.47	10.06
CAF275	11/14/2011	0.207	0.233	0.285	0.327	0.307	4.55	7.1	8.37	9.37	9.96
CAF275	11/15/2011	0.207	0.233	0.285	0.326	0.306	4.2	7	8.29	9.27	9.86
CAF275	11/16/2011	0.207	0.233	0.285	0.326	0.305	3.38	6.8	8.18	9.17	9.77
CAF275	11/17/2011	0.206	0.233	0.284	0.326	0.306	2.84	6.49	8.03	9.06	9.68
CAF275	11/18/2011	0.206	0.233	0.284	0.325	0.306	2.7	6.21	7.84	8.94	9.59
CAF275	11/19/2011	0.206	0.232	0.283	0.325	0.305	2.7	6.02	7.65	8.77	9.48
CAF275	11/20/2011	0.207	0.232	0.283	0.324	0.305	2.7	5.87	7.5	8.6	9.37
CAF275	11/21/2011	0.207	0.232	0.283	0.324	0.305	2.7	5.78	7.36	8.5	9.27
CAF275	11/22/2011	0.206	0.233	0.283	0.323	0.304	2.72	5.67	7.25	8.36	9.16
CAF275	11/23/2011	0.209	0.233	0.283	0.323	0.304	3.88	5.65	7.12	8.22	9.06
CAF275	11/24/2011	0.213	0.233	0.283	0.322	0.304	4.51	5.91	7.1	8.12	8.96
CAF275	11/25/2011	0.216	0.233	0.283	0.322	0.304	4.39	6.09	7.16	8.02	8.87
CAF275	11/26/2011	0.218	0.233	0.283	0.321	0.303	3.75	6.09	7.2	8	8.8
CAF275	11/27/2011	0.221	0.233	0.282	0.321	0.303	3.2	5.92	7.16	7.94	8.7
CAF275	11/28/2011	0.224	0.233	0.283	0.321	0.303	3.44	5.79	7.07	7.84	8.67
CAF275	11/29/2011	0.226	0.233	0.282	0.321	0.303	3.55	5.78	7	7.8	8.6
CAF275	11/30/2011	0.229	0.233	0.282	0.321	0.303	3.57	5.7	6.95	7.73	8.53
CAF275	12/01/2011	0.231	0.233	0.282	0.321	0.302	3.27	5.68	6.9	7.68	8.49
CAF275	12/02/2011	0.233	0.233	0.282	0.32	0.302	2.79	5.54	6.84	7.6	8.4
CAF275	12/03/2011	0.234	0.233	0.282	0.32	0.301	2.42	5.34	6.74	7.54	8.36
CAF275	12/04/2011	0.235	0.233	0.282	0.32	0.301	2.08	5.14	6.62	7.4	8.3
CAF275	12/05/2011	0.235	0.233	0.281	0.32	0.301	1.81	4.94	6.47	7.33	8.22
CAF275	12/06/2011	0.235	0.233	0.281	0.32	0.301	1.58	4.75	6.34	7.21	8.15
CAF275	12/07/2011	0.236	0.233	0.28	0.32	0.301	1.43	4.57	6.2	7.1	8.08
CAF275	12/08/2011	0.236	0.233	0.28	0.32	0.301	1.28	4.43	6.07	6.95	8
CAF275	12/09/2011	0.235	0.233	0.28	0.319	0.3	1.09	4.27	5.95	6.84	7.9
CAF275	12/10/2011	0.235	0.233	0.28	0.319	0.3	1	4.13	5.82	6.7	7.82
CAF275	12/11/2011	0.235	0.233	0.279	0.319	0.3	0.95	4.01	5.68	6.57	7.73
CAF275	12/12/2011	0.235	0.233	0.279	0.318	0.3	0.87	3.91	5.57	6.45	7.65
CAF275	12/13/2011	0.235	0.233	0.279	0.318	0.3	0.78	3.81	5.47	6.35	7.56
CAF275	12/14/2011	0.234	0.233	0.279	0.318	0.299	0.7	3.71	5.36	6.24	7.48
CAF275	12/15/2011	0.234	0.233	0.279	0.318	0.299	0.7	3.62	5.27	6.15	7.4
CAF275	12/16/2011	0.234	0.233	0.278	0.318	0.299	0.7	3.57	5.19	6.07	7.3
CAF275	12/17/2011	0.233	0.234	0.278	0.317	0.299	0.77	3.5	5.1	5.94	7.22
CAF275	12/18/2011	0.233	0.234	0.278	0.317	0.299	0.8	3.5	5.04	5.86	7.15
CAF275	12/19/2011	0.233	0.234	0.278	0.317	0.298	0.8	3.45	5	5.79	7.08
CAF275	12/20/2011	0.233	0.234	0.278	0.317	0.298	0.8	3.4	4.91	5.7	7
CAF275	12/21/2011	0.233	0.234	0.278	0.317	0.298	0.88	3.4	4.9	5.7	6.92
CAF275	12/22/2011	0.233	0.234	0.278	0.316	0.298	0.77	3.4	4.82	5.63	6.88
CAF275	12/23/2011	0.233	0.234	0.278	0.316	0.298	0.59	3.3	4.8	5.53	6.8
CAF275	12/24/2011	0.233	0.234	0.278	0.316	0.298	0.45	3.22	4.71	5.5	6.73
CAF275	12/25/2011	0.232	0.234	0.278	0.316	0.298	0.49	3.13	4.65	5.45	6.7
CAF275	12/26/2011	0.232	0.234	0.277	0.316	0.297	0.5	3.1	4.6	5.38	6.6
CAF275	12/27/2011	0.232	0.234	0.277	0.316	0.297	0.5	3.1	4.5	5.3	6.57
CAF275	12/28/2011	0.231	0.235	0.278	0.315	0.296	0.58	3.02	4.5	5.3	6.5
CAF275	12/29/2011	0.231	0.235	0.278	0.314	0.292	0.6	3	4.41	5.3	6.45
CAF275	12/30/2011	0.237	0.264	0.277	0.314	0.297	0.6	2.88	4.35	5.3	6.4
CAF275	12/31/2011	0.26	0.304	0.281	0.313	0.296	0.67	2.8	4.22	5.29	6.33
CAF275	01/01/2012	0.275	0.3	0.283	0.313	0.296	0.8	2.87	4.2	5.1	6.3
CAF275	01/02/2012	0.276	0.297	0.284	0.312	0.296	0.95	2.9	4.2	5	6.21
CAF275	01/03/2012	0.278	0.295	0.285	0.312	0.297	1.14	2.96	4.2	4.93	6.2
CAF275	01/04/2012	0.279	0.293	0.285	0.312	0.297	1.32	3.01	4.2	4.9	6.11
CAF275	01/05/2012	0.282	0.292	0.286	0.312	0.297	2.18	3.16	4.2	4.9	6.1
CAF275	01/06/2012	0.283	0.291	0.286	0.312	0.296	2.3	3.4	4.27	4.9	6.07
CAF275	01/07/2012	0.281	0.29	0.286	0.312	0.296	1.88	3.5	4.37	4.9	6
CAF275	01/08/2012	0.279	0.289	0.286	0.312	0.296	1.69	3.42	4.4	4.9	6
CAF275	01/09/2012	0.278	0.288	0.286	0.313	0.296	1.6	3.4	4.4	4.9	6
CAF275	01/10/2012	0.278	0.288	0.286	0.313	0.296	1.77	3.4	4.4	4.9	6
CAF275	01/11/2012	0.279	0.287	0.286	0.313	0.295	1.74	3.4	4.4	4.9	5.98
CAF275	01/12/2012	0.278	0.286	0.286	0.313	0.295	1.52	3.36	4.4	4.84	5.9
CAF275	01/13/2012	0.276	0.285	0.286	0.313	0.296	1.32	3.26	4.31	4.8	5.9
CAF275	01/14/2012	0.274	0.284	0.286	0.313	0.295	1.19	3.2	4.3	4.8	5.9
CAF275	01/15/2012	0.272	0.283	0.286	0.313	0.296	1.1	3.1	4.24	4.8	5.9
CAF275	01/16/2012	0.271	0.282	0.286	0.313	0.295	1.1	3.07	4.2	4.8	5.84
CAF275	01/17/2012	0.269	0.282	0.286	0.313	0.295	1.1	3	4.15	4.73	5.8
CAF275	01/18/2012	0.268	0.281	0.285	0.313	0.295	1.1	3	4.1	4.69	5.8
CAF275	01/19/2012	0.267	0.28	0.286	0.313	0.295	1.05	2.93	4.1	4.6	5.8
CAF275	01/20/2012	0.266	0.28	0.286	0.313	NA	1	2.9	4.1	4.6	NA
CAF275	01/21/2012	0.263	0.282	NA	0.312	NA	1	2.88	NA	4.6	NA
CAF275	01/22/2012	0.264	0.293	NA	0.312	NA	1	2.8	NA	4.53	NA
CAF275	01/23/2012	0.266	0.294	NA	0.312	NA	1	2.8	NA	4.5	NA
CAF275	01/24/2012	0.268	0.294	NA	0.312	NA	1	2.8	NA	4.46	NA
CAF275	01/25/2012	0.268	0.312	NA	0.311	NA	1	2.75	NA	4.4	NA
CAF275	01/26/2012	0.272	0.326	NA	0.31	NA	1	2.7	NA	4.4	NA
CAF275	01/27/2012	0.285	0.329	NA	0.311	NA	1	2.7	NA	4.4	NA
CAF275	01/28/2012	0.292	0.325	NA	0.311	NA	1	2.7	NA	4.39	NA
CAF275	01/29/2012	0.293	0.322	NA	0.311	NA	1.09	2.7	NA	4.3	NA
CAF275	01/30/2012	0.295	0.339	NA	0.338	NA	1.1	2.54	NA	4.15	NA
CAF275	01/31/2012	0.303	0.341	NA	0.36	NA	1	2.43	NA	4	NA
CAF275	02/01/2012	0.306	0.341	NA	0.362	NA	1	2.47	NA	4	NA
CAF275	02/02/2012	0.309	0.343	NA	0.365	NA	1	2.43	NA	4	NA
CAF275	02/03/2012	0.309	0.343	NA	0.365	NA	1	2.49	NA	4	NA
CAF275	02/04/2012	0.308	0.342	NA	0.365	NA	1	2.5	NA	4	NA
CAF275	02/05/2012	0.308	0.342	NA	0.364	NA	1	2.5	NA	4	NA
CAF275	02/06/2012	0.306	0.341	NA	0.364	NA	1.06	2.5	NA	4	NA
CAF275	02/07/2012	0.305	0.339	NA	0.362	NA	1.06	2.5	NA	4	NA
CAF275	02/08/2012	0.304	0.337	NA	0.361	NA	1.1	2.5	NA	3.98	NA
CAF275	02/09/2012	0.303	0.336	NA	0.36	NA	1.1	2.5	NA	3.9	NA
CAF275	02/10/2012	0.305	0.336	NA	0.359	NA	1.1	2.5	NA	3.9	NA
CAF275	02/11/2012	0.312	0.34	NA	0.358	NA	1.36	2.56	NA	3.9	NA
CAF275	02/12/2012	0.317	0.343	NA	0.357	NA	1.85	2.66	NA	3.9	NA
CAF275	02/13/2012	0.314	0.343	NA	0.358	NA	2.17	2.84	NA	3.89	NA
CAF275	02/14/2012	0.313	0.342	NA	0.359	NA	2.06	2.95	NA	3.9	NA
CAF275	02/15/2012	0.312	0.342	NA	0.36	NA	2	3	NA	3.9	NA
CAF275	02/16/2012	0.311	0.341	NA	0.36	NA	1.9	3	NA	3.95	NA
CAF275	02/17/2012	0.308	0.34	NA	0.359	NA	1.66	3	NA	4	NA
CAF275	02/18/2012	0.309	0.339	NA	0.359	NA	2	2.98	NA	4	NA
CAF275	02/19/2012	0.309	0.338	NA	0.358	NA	2.03	3.01	NA	4	NA
CAF275	02/20/2012	0.309	0.338	NA	0.358	NA	1.79	3.01	NA	4	NA
CAF275	02/21/2012	0.322	0.343	NA	0.359	NA	1.63	2.98	NA	4	NA
CAF275	02/22/2012	0.323	0.347	NA	0.367	NA	2.68	2.96	NA	3.93	NA
CAF275	02/23/2012	0.319	0.346	NA	0.366	NA	2.81	3.23	NA	3.9	NA
CAF275	02/24/2012	0.315	0.344	NA	0.366	NA	2.33	3.3	NA	3.98	NA
CAF275	02/25/2012	0.314	0.342	NA	0.365	NA	2.26	3.3	NA	4	NA
CAF275	02/26/2012	0.313	0.341	NA	0.364	NA	2.03	3.23	NA	4	NA
CAF275	02/27/2012	0.312	0.34	NA	0.364	NA	1.8	3.17	NA	3.97	NA
CAF275	02/28/2012	0.312	0.339	NA	0.363	NA	1.67	3.1	NA	4	NA
CAF275	02/29/2012	0.311	0.338	NA	0.362	NA	1.59	3	NA	4	NA
CAF275	03/01/2012	0.31	0.337	NA	0.362	NA	1.5	2.97	NA	4	NA
CAF275	03/02/2012	0.31	0.336	NA	0.361	NA	1.5	2.9	NA	4	NA
CAF275	03/03/2012	0.31	0.336	NA	0.36	NA	1.44	2.9	NA	4	NA
CAF275	03/04/2012	0.321	0.339	NA	0.36	NA	1.53	2.81	NA	3.9	NA
CAF275	03/05/2012	0.321	0.342	NA	0.36	NA	2.81	2.93	NA	3.9	NA
CAF275	03/06/2012	0.323	0.344	NA	0.36	NA	2.88	3.22	NA	3.85	NA
CAF275	03/07/2012	0.319	0.344	NA	0.361	NA	2.21	3.3	NA	3.9	NA
CAF275	03/08/2012	0.317	0.342	NA	0.363	NA	1.9	3.18	NA	3.9	NA
CAF275	03/09/2012	0.316	0.341	NA	0.363	NA	2.41	3.12	NA	3.9	NA
CAF275	03/10/2012	0.318	0.34	NA	0.363	NA	3.3	3.31	NA	3.9	NA
CAF275	03/11/2012	0.318	0.34	NA	0.362	NA	3.74	3.57	NA	3.96	NA
CAF275	03/12/2012	0.317	0.339	NA	0.362	NA	3.27	3.77	NA	4	NA
CAF275	03/13/2012	0.317	0.339	NA	0.362	NA	2.98	3.7	NA	4	NA
CAF275	03/14/2012	0.315	0.34	NA	0.362	NA	2.86	3.7	NA	4	NA
CAF275	03/15/2012	0.322	0.341	NA	0.362	NA	3.13	3.67	NA	4.03	NA
CAF275	03/16/2012	0.334	0.349	NA	0.364	NA	3.98	3.79	NA	4.1	NA
CAF275	03/17/2012	0.327	0.348	NA	0.368	NA	4.22	4.04	NA	4.1	NA
CAF275	03/18/2012	0.323	0.346	NA	0.368	NA	3.87	4.19	NA	4.12	NA
CAF275	03/19/2012	0.32	0.344	NA	0.367	NA	3.27	4.14	NA	4.2	NA
CAF275	03/20/2012	0.317	0.343	NA	0.366	NA	2.91	3.99	NA	4.2	NA
CAF275	03/21/2012	0.322	0.343	NA	0.366	NA	2.53	3.83	NA	4.2	NA
CAF275	03/22/2012	0.334	0.35	0.343	0.369	0.35	2.13	3.61	4.24	4.2	5
CAF275	03/23/2012	0.333	0.351	0.343	0.371	0.352	1.89	3.39	4.16	4.2	4.91
CAF275	03/24/2012	0.331	0.349	0.342	0.371	0.352	1.99	3.24	4.04	4.12	4.9
CAF275	03/25/2012	0.328	0.347	0.341	0.37	0.351	3.24	3.31	4	4.09	4.9
CAF275	03/26/2012	0.345	0.351	0.341	0.37	0.352	4.55	3.71	4.02	4	4.9
CAF275	03/27/2012	0.334	0.35	0.342	0.371	0.353	4.35	4.08	4.19	4	4.82
CAF275	03/28/2012	0.334	0.348	0.34	0.369	0.351	4.84	4.27	4.35	4.09	4.8
CAF275	03/29/2012	0.334	0.348	0.34	0.369	0.35	5.14	4.52	4.49	4.17	4.85
CAF275	03/30/2012	0.352	0.353	0.343	0.37	0.352	5.46	4.76	4.66	4.22	4.9
CAF275	03/31/2012	0.34	0.352	0.343	0.371	0.354	5.61	5.01	4.84	4.38	4.9
CAF275	04/01/2012	0.338	0.351	0.342	0.37	0.353	5.46	5.16	4.98	4.4	4.9
CAF275	04/02/2012	0.335	0.35	0.342	0.37	0.352	4.77	5.12	5.1	4.49	4.99
CAF275	04/03/2012	0.332	0.348	0.341	0.369	0.35	4.91	5	5.1	4.59	5
CAF275	04/04/2012	0.329	0.346	0.339	0.368	0.35	4.97	5.06	5.12	4.6	5.08
CAF275	04/05/2012	0.327	0.348	0.34	0.367	0.349	3.92	4.94	5.19	4.66	5.1
CAF275	04/06/2012	0.332	0.35	0.342	0.368	0.349	3.66	4.68	5.1	4.7	5.16
CAF275	04/07/2012	0.332	0.35	0.342	0.369	0.349	3.44	4.48	5	4.7	5.2
CAF275	04/08/2012	0.33	0.348	0.341	0.368	0.349	4.23	4.45	4.9	4.68	5.2
CAF275	04/09/2012	0.33	0.347	0.34	0.367	0.349	5.08	4.62	4.9	4.6	5.2
CAF275	04/10/2012	0.33	0.346	0.339	0.367	0.348	6.25	4.99	5.01	4.62	5.2
CAF275	04/11/2012	0.33	0.345	0.339	0.366	0.347	6.86	5.43	5.2	4.71	5.2
CAF275	04/12/2012	0.329	0.345	0.338	0.365	0.346	7.27	5.82	5.43	4.8	5.2
CAF275	04/13/2012	0.328	0.344	0.338	0.365	0.346	7.25	6.11	5.66	4.91	5.3
CAF275	04/14/2012	0.327	0.343	0.338	0.365	0.345	7.27	6.27	5.85	5.11	5.3
CAF275	04/15/2012	0.326	0.343	0.338	0.364	0.344	7.23	6.38	6.01	5.3	5.4
CAF275	04/16/2012	0.325	0.342	0.337	0.364	0.344	7.04	6.47	6.13	5.3	5.45
CAF275	04/17/2012	0.324	0.341	0.336	0.364	0.343	6.75	6.46	6.2	5.35	5.5
CAF275	04/18/2012	0.324	0.341	0.335	0.363	0.343	7.28	6.47	6.26	5.45	5.59
CAF275	04/19/2012	0.325	0.34	0.335	0.363	0.343	7.63	6.64	6.33	5.5	5.63
CAF275	04/20/2012	0.327	0.34	0.335	0.363	0.342	8.32	6.84	6.45	5.59	5.7
CAF275	04/21/2012	0.329	0.341	0.335	0.363	0.342	8.9	7.12	6.6	5.7	5.75
CAF275	04/22/2012	0.331	0.341	0.335	0.362	0.341	10.06	7.53	6.8	5.76	5.8
CAF275	04/23/2012	0.332	0.342	0.335	0.362	0.341	11.19	8.05	7.07	5.92	5.89
CAF275	04/24/2012	0.334	0.343	0.335	0.362	0.341	12.3	8.65	7.41	6.12	5.97
CAF275	04/25/2012	0.334	0.343	0.336	0.362	0.34	12.31	9.2	7.8	6.35	6.07
CAF275	04/26/2012	0.332	0.344	0.336	0.362	0.341	12.13	9.52	8.14	6.63	6.2
CAF275	04/27/2012	0.331	0.345	0.337	0.362	0.341	10.4	9.54	8.38	6.9	6.34
CAF275	04/28/2012	0.33	0.345	0.337	0.363	0.34	9.37	9.19	8.5	7.16	6.49
CAF275	04/29/2012	0.33	0.344	0.337	0.363	0.34	9.42	8.91	8.4	7.32	6.64
CAF275	04/30/2012	0.331	0.345	0.338	0.362	0.341	10.07	8.87	8.4	7.4	6.75
CAF275	05/01/2012	0.332	0.346	0.338	0.363	0.341	9.49	8.9	8.4	7.44	6.85
CAF275	05/02/2012	0.33	0.346	0.338	0.363	0.341	8.74	8.78	8.4	7.56	6.93
CAF275	05/03/2012	0.329	0.346	0.339	0.363	0.341	8.59	8.57	8.39	7.6	7
CAF275	05/04/2012	0.332	0.347	0.339	0.364	0.341	8.47	8.42	8.3	7.6	7.1
CAF275	05/05/2012	0.332	0.347	0.34	0.364	0.341	8.21	8.32	8.25	7.6	7.1
CAF275	05/06/2012	0.331	0.347	0.34	0.364	0.341	8.21	8.23	8.2	7.6	7.2
CAF275	05/07/2012	NA	NA	NA	NA	NA	NA	NA	NA	NA	NA
CAF275	11/06/2012	NA	NA	NA	NA	NA	NA	NA	NA	NA	NA
CAF275	11/07/2012	0.25	0.205	0.216	0.217	NA	9.93	10.1	10.4	10.5	NA
CAF275	11/08/2012	0.251	0.205	0.216	0.217	NA	8.76	10.04	10.49	10.5	NA
CAF275	11/09/2012	0.249	0.205	0.216	0.217	NA	7.37	9.58	10.37	10.5	NA
CAF275	11/10/2012	0.248	0.205	0.216	0.217	NA	6.38	9.05	10.17	10.46	NA
CAF275	11/11/2012	0.248	0.204	0.216	0.217	NA	5.43	8.52	9.88	10.37	NA
CAF275	11/12/2012	0.25	0.204	0.215	0.217	NA	4.71	7.98	9.56	10.26	NA
CAF275	11/13/2012	0.252	0.202	0.215	0.217	NA	4.27	7.49	9.23	10.1	NA
CAF275	11/14/2012	0.28	0.202	0.215	0.217	NA	4.26	7.06	8.88	9.92	NA
CAF275	11/15/2012	0.29	0.202	0.215	0.217	NA	4.73	6.9	8.61	9.73	NA
CAF275	11/16/2012	0.29	0.203	0.215	0.217	NA	4.98	6.9	8.44	9.55	NA
CAF275	11/17/2012	0.292	0.204	0.215	0.216	NA	5.27	6.9	8.34	9.4	NA
CAF275	11/18/2012	0.294	0.204	0.214	0.216	NA	5.5	6.98	8.3	9.27	NA
CAF275	11/19/2012	0.307	0.204	0.214	0.215	NA	5.27	6.97	8.23	9.17	NA
CAF275	11/20/2012	0.329	0.206	0.214	0.215	NA	5.71	6.9	8.17	9.09	NA
CAF275	11/21/2012	0.331	0.213	0.214	0.215	NA	6.19	7.02	8.1	9	NA
CAF275	11/22/2012	0.324	0.225	0.214	0.215	NA	5.67	7.09	8.1	8.92	NA
CAF275	11/23/2012	0.319	0.233	0.214	0.215	NA	4.97	6.9	8.09	8.9	NA
CAF275	11/24/2012	0.324	0.24	0.214	0.215	NA	5.04	6.66	7.96	8.8	NA
CAF275	11/25/2012	0.324	0.248	0.214	0.215	NA	5.19	6.6	7.85	8.66	NA
CAF275	11/26/2012	0.318	0.258	0.214	0.215	NA	4.68	6.53	7.78	8.6	NA
CAF275	11/27/2012	0.315	0.266	0.214	0.215	NA	4.03	6.29	7.65	8.55	NA
CAF275	11/28/2012	0.313	0.269	0.214	0.215	NA	3.84	6.01	7.48	8.44	NA
CAF275	11/29/2012	0.313	0.272	0.214	0.215	NA	4.15	5.85	7.32	8.31	NA
CAF275	11/30/2012	0.317	0.275	0.213	0.214	NA	4.85	5.9	7.2	8.18	NA
CAF275	12/01/2012	0.32	0.277	0.213	0.214	NA	5.45	6.1	7.2	8.08	NA
CAF275	12/02/2012	0.334	0.302	0.213	0.214	NA	5.57	6.28	7.2	8	NA
CAF275	12/03/2012	0.331	0.32	0.214	0.214	NA	5.35	6.38	7.29	8	NA
CAF275	12/04/2012	0.329	0.321	0.213	0.213	NA	5.28	6.33	7.3	7.92	NA
CAF275	12/05/2012	0.33	0.325	0.214	0.213	NA	5.54	6.34	7.27	7.9	NA
CAF275	12/06/2012	0.327	0.326	0.214	0.213	NA	5.1	6.39	7.28	7.81	NA
CAF275	12/07/2012	0.329	0.327	0.215	0.213	NA	4.45	6.22	7.2	7.8	NA
CAF275	12/08/2012	0.327	0.332	0.217	0.213	NA	3.96	5.96	7.08	7.8	NA
CAF275	12/09/2012	0.321	0.329	0.228	0.214	NA	3.5	5.72	6.94	7.72	NA
CAF275	12/10/2012	0.324	0.333	0.239	0.213	NA	3.14	5.49	6.76	7.61	NA
CAF275	12/11/2012	0.319	0.327	0.246	0.213	NA	2.93	5.25	6.59	7.45	NA
CAF275	12/12/2012	0.328	0.33	0.25	0.213	NA	2.76	5.02	6.42	7.34	NA
CAF275	12/13/2012	0.327	0.332	0.266	0.213	NA	2.7	4.85	6.23	7.17	NA
CAF275	12/14/2012	0.324	0.331	0.286	0.213	NA	2.67	4.72	6.07	7	NA
CAF275	12/15/2012	0.321	0.33	0.294	0.213	NA	2.56	4.62	5.95	6.86	NA
CAF275	12/16/2012	0.319	0.33	0.297	0.213	NA	2.5	4.53	5.84	6.73	NA
CAF275	12/17/2012	0.325	0.329	0.3	0.212	NA	2.46	4.44	5.74	6.6	NA
CAF275	12/18/2012	0.323	0.33	0.307	0.213	NA	2.39	4.34	5.62	6.46	NA
CAF275	12/19/2012	0.321	0.331	0.31	0.213	NA	2.26	4.26	5.54	6.36	NA
CAF275	12/20/2012	0.32	0.331	0.31	0.214	NA	2.13	4.18	5.45	6.24	NA
CAF275	12/21/2012	0.319	0.329	0.31	0.213	NA	2.07	4.1	5.38	6.19	NA
CAF275	12/22/2012	0.318	0.328	0.309	0.213	NA	2	4	5.26	6.06	NA
CAF275	12/23/2012	0.318	0.328	0.309	0.213	NA	2	3.94	5.2	5.97	NA
CAF275	12/24/2012	0.318	0.328	0.307	0.212	NA	2	3.9	5.11	5.87	NA
CAF275	12/25/2012	0.317	0.326	0.308	0.212	NA	2	3.8	5.06	5.79	NA
CAF275	12/26/2012	0.317	0.325	0.309	0.212	NA	2	3.8	5	5.7	NA
CAF275	12/27/2012	0.318	0.326	0.308	0.212	NA	2.02	3.8	4.94	5.67	NA
CAF275	12/28/2012	0.318	0.325	0.308	0.212	NA	2.1	3.7	4.9	5.59	NA
CAF275	12/29/2012	0.317	0.324	0.309	0.213	NA	2.1	3.7	4.9	5.5	NA
CAF275	12/30/2012	0.317	0.324	0.309	0.213	NA	2.1	3.7	4.8	5.5	NA
CAF275	12/31/2012	0.316	0.324	0.309	0.213	NA	2.1	3.7	4.8	5.42	NA
CAF275	01/01/2013	0.316	0.324	0.309	0.213	NA	2.08	3.7	4.8	5.4	NA
CAF275	01/02/2013	0.316	0.323	0.309	0.213	NA	2	3.67	4.73	5.33	NA
CAF275	01/03/2013	0.315	0.323	0.309	0.213	NA	2	3.6	4.7	5.3	NA
CAF275	01/04/2013	0.315	0.323	0.31	0.213	NA	1.91	3.6	4.7	5.3	NA
CAF275	01/05/2013	0.312	0.322	0.31	0.213	NA	1.84	3.51	4.61	5.3	NA
CAF275	01/06/2013	0.309	0.321	0.31	0.213	NA	1.8	3.5	4.6	5.3	NA
CAF275	01/07/2013	0.313	0.323	0.308	0.212	NA	1.8	3.39	4.52	5.3	NA
CAF275	01/08/2013	0.317	0.325	0.305	0.212	NA	1.73	3.4	4.5	5.23	NA
CAF275	01/09/2013	0.346	0.333	0.311	0.212	NA	1.62	3.29	4.4	5.1	NA
CAF275	01/10/2013	0.329	0.337	0.331	0.212	NA	1.6	3.2	4.3	4.95	NA
CAF275	01/11/2013	0.324	0.335	0.33	0.212	NA	1.6	3.19	4.24	4.9	NA
CAF275	01/12/2013	0.321	0.333	0.329	0.213	NA	1.6	3.1	4.2	4.85	NA
CAF275	01/13/2013	0.319	0.332	0.328	0.213	NA	1.55	3.1	4.2	4.8	NA
CAF275	01/14/2013	0.318	0.331	0.327	0.214	NA	1.5	3.1	4.19	4.71	NA
CAF275	01/15/2013	0.318	0.33	0.326	0.216	NA	1.5	3.1	4.1	4.7	NA
CAF275	01/16/2013	0.317	0.329	0.325	0.218	NA	1.5	3.07	4.1	4.67	NA
CAF275	01/17/2013	0.316	0.328	0.324	0.222	NA	1.5	3	4.1	4.6	NA
CAF275	01/18/2013	0.316	0.328	0.324	0.227	NA	1.45	3	4.03	4.6	NA
CAF275	01/19/2013	0.315	0.327	0.323	0.232	NA	1.4	3	4	4.54	NA
CAF275	01/20/2013	0.314	0.327	0.323	0.237	NA	1.4	3	4	4.5	NA
CAF275	01/21/2013	0.314	0.326	0.322	0.242	NA	1.4	2.93	3.99	4.5	NA
CAF275	01/22/2013	0.314	0.325	0.321	0.246	NA	1.38	2.9	3.9	4.42	NA
CAF275	01/23/2013	0.313	0.325	0.32	0.248	NA	1.3	2.9	3.9	4.4	NA
CAF275	01/24/2013	0.311	0.323	0.318	0.251	NA	1.3	2.87	3.9	4.4	NA
CAF275	01/25/2013	0.341	0.325	0.315	0.253	NA	1.25	2.8	3.82	4.4	NA
CAF275	01/26/2013	0.344	0.337	0.325	0.258	NA	1.2	2.75	3.79	4.35	NA
CAF275	01/27/2013	0.328	0.334	0.33	0.313	NA	1.2	2.7	3.7	4.25	NA
CAF275	01/28/2013	0.327	0.333	0.329	0.333	NA	1.2	2.7	3.7	4.2	NA
CAF275	01/29/2013	0.328	0.333	0.327	0.338	NA	1.2	2.7	3.7	4.18	NA
CAF275	01/30/2013	0.35	0.339	0.331	0.345	NA	1.17	2.62	3.6	4.1	NA
CAF275	01/31/2013	0.336	0.336	0.332	0.356	NA	1.27	2.6	3.52	4.05	NA
CAF275	02/01/2013	0.333	0.334	0.331	0.356	NA	1.57	2.6	3.5	4	NA
CAF275	02/02/2013	0.329	0.333	0.33	0.356	NA	1.74	2.68	3.58	4	NA
CAF275	02/03/2013	0.327	0.332	0.329	0.355	NA	1.82	2.78	3.6	4	NA
CAF275	02/04/2013	0.326	0.331	0.328	0.354	NA	2.06	2.86	3.64	4	NA
CAF275	02/05/2013	0.326	0.33	0.328	0.354	NA	2.45	2.98	3.7	4	NA
CAF275	02/06/2013	0.325	0.33	0.329	0.353	NA	2.55	3.13	3.75	4	NA
CAF275	02/07/2013	0.326	0.331	0.327	0.352	NA	2.5	3.2	3.8	4.1	NA
CAF275	02/08/2013	0.327	0.331	0.326	0.352	NA	2.45	3.27	3.9	4.1	NA
CAF275	02/09/2013	0.325	0.328	0.325	0.352	NA	2.27	3.3	3.9	4.1	NA
CAF275	02/10/2013	0.324	0.327	0.326	0.351	NA	2.1	3.21	3.9	4.16	NA
CAF275	02/11/2013	0.323	0.327	0.326	0.351	NA	1.93	3.2	3.9	4.2	NA
CAF275	02/12/2013	0.323	0.327	0.325	0.35	NA	1.84	3.1	3.9	4.2	NA
CAF275	02/13/2013	0.324	0.327	0.325	0.35	NA	2.32	3.1	3.9	4.2	NA
CAF275	02/14/2013	0.324	0.328	0.326	0.349	NA	2.57	3.25	3.9	4.2	NA
CAF275	02/15/2013	0.324	0.328	0.326	0.349	NA	2.47	3.3	3.9	4.2	NA
CAF275	02/16/2013	0.324	0.328	0.325	0.349	NA	2.75	3.35	4	4.2	NA
CAF275	02/17/2013	0.324	0.328	0.326	0.349	NA	2.92	3.45	4	4.2	NA
CAF275	02/18/2013	0.322	0.328	0.327	0.349	NA	2.72	3.5	4.04	4.2	NA
CAF275	02/19/2013	0.323	0.328	0.325	0.348	NA	2.4	3.48	4.1	4.2	NA
CAF275	02/20/2013	0.322	0.327	0.326	0.348	NA	2.4	3.4	4.1	4.2	NA
CAF275	02/21/2013	0.323	0.328	0.326	0.348	NA	2.41	3.4	4.1	4.23	NA
CAF275	02/22/2013	0.327	0.33	0.324	0.347	NA	2.09	3.35	4.07	4.25	NA
CAF275	02/23/2013	0.341	0.332	0.328	0.347	NA	1.88	3.24	4	4.2	NA
CAF275	02/24/2013	0.335	0.334	0.332	0.348	NA	1.8	3.14	3.95	4.2	NA
CAF275	02/25/2013	0.335	0.334	0.332	0.351	NA	1.7	3.1	3.9	4.2	NA
CAF275	02/26/2013	0.333	0.334	0.333	0.354	NA	1.7	3	3.87	4.19	NA
CAF275	02/27/2013	0.329	0.333	0.333	0.355	NA	1.68	3	3.8	4.1	NA
CAF275	02/28/2013	0.334	0.338	0.33	0.355	NA	1.95	3	3.8	4.1	NA
CAF275	03/01/2013	0.34	0.338	0.332	0.356	NA	2.45	3.04	3.8	4.1	NA
CAF275	03/02/2013	0.335	0.335	0.333	0.358	NA	3.25	3.22	3.8	4.03	NA
CAF275	03/03/2013	0.332	0.335	0.333	0.359	NA	3.61	3.53	3.88	4.05	NA
CAF275	03/04/2013	0.329	0.334	0.334	0.359	NA	3.14	3.7	4.03	4.1	NA
CAF275	03/05/2013	0.327	0.333	0.334	0.358	NA	2.67	3.63	4.1	4.13	NA
CAF275	03/06/2013	0.327	0.333	0.331	0.357	NA	2.59	3.52	4.1	4.2	NA
CAF275	03/07/2013	0.326	0.332	0.33	0.356	NA	3.01	3.52	4.1	4.2	NA
CAF275	03/08/2013	0.326	0.331	0.331	0.356	NA	3.2	3.65	4.1	4.2	NA
CAF275	03/09/2013	0.326	0.331	0.331	0.356	NA	3.04	3.7	4.14	4.2	NA
CAF275	03/10/2013	0.325	0.331	0.33	0.355	NA	2.92	3.7	4.2	4.2	NA
CAF275	03/11/2013	0.325	0.33	0.33	0.355	NA	3.05	3.7	4.2	4.29	NA
CAF275	03/12/2013	0.326	0.33	0.329	0.355	NA	3.51	3.74	4.2	4.3	NA
CAF275	03/13/2013	0.326	0.33	0.329	0.355	NA	4.2	3.91	4.23	4.3	NA
CAF275	03/14/2013	0.327	0.331	0.33	0.355	NA	5.02	4.23	4.35	4.33	NA
CAF275	03/15/2013	0.328	0.332	0.33	0.355	NA	5.42	4.57	4.52	4.4	NA
CAF275	03/16/2013	0.328	0.333	0.33	0.354	NA	5.52	4.85	4.72	4.43	NA
CAF275	03/17/2013	0.325	0.333	0.328	0.354	NA	5.02	5	4.88	4.54	NA
CAF275	03/18/2013	0.323	0.331	0.33	0.354	NA	4.26	4.9	5	4.63	NA
CAF275	03/19/2013	0.323	0.33	0.331	0.355	NA	3.77	4.71	5	4.7	NA
CAF275	03/20/2013	0.323	0.331	0.328	0.353	NA	3.9	4.54	4.93	4.75	NA
CAF275	03/21/2013	0.323	0.328	0.329	0.353	NA	4.08	4.58	4.9	4.8	NA
CAF275	03/22/2013	0.322	0.328	0.328	0.353	NA	3.62	4.52	4.9	4.8	NA
CAF275	03/23/2013	0.322	0.328	0.328	0.353	NA	3.3	4.38	4.89	4.8	NA
CAF275	03/24/2013	0.322	0.329	0.328	0.353	NA	3.2	4.27	4.8	4.8	NA
CAF275	03/25/2013	0.322	0.33	0.328	0.353	NA	3.17	4.18	4.74	4.8	NA
CAF275	03/26/2013	0.324	0.333	0.327	0.353	0.314	3.6	4.13	4.7	4.7	5.3
CAF275	03/27/2013	0.327	0.336	0.326	0.352	0.313	4.61	4.37	4.72	4.7	5.3
CAF275	03/28/2013	0.328	0.337	0.326	0.352	0.314	5.45	4.76	4.85	4.7	5.3
CAF275	03/29/2013	0.329	0.337	0.326	0.352	0.314	6.1	5.08	5.02	4.8	5.3
CAF275	03/30/2013	0.329	0.337	0.326	0.352	0.313	6.37	5.42	5.2	4.86	5.3
CAF275	03/31/2013	0.329	0.338	0.326	0.352	0.314	6.7	5.67	5.38	4.92	5.3
CAF275	04/01/2013	0.33	0.338	0.326	0.352	0.314	7.17	5.92	5.57	5.07	5.33
CAF275	04/02/2013	0.33	0.338	0.327	0.352	0.314	7.52	6.2	5.75	5.27	5.4
CAF275	04/03/2013	0.33	0.338	0.327	0.352	0.314	7.62	6.41	5.95	5.3	5.45
CAF275	04/04/2013	0.331	0.338	0.327	0.352	0.314	7.91	6.61	6.08	5.34	5.5
CAF275	04/05/2013	0.332	0.339	0.327	0.352	0.314	7.7	6.76	6.26	5.47	5.58
CAF275	04/06/2013	0.333	0.339	0.327	0.352	0.315	7.7	6.82	6.39	5.57	5.65
CAF275	04/07/2013	0.336	0.34	0.328	0.351	0.314	7.45	6.9	6.5	5.7	5.7
CAF275	04/08/2013	0.338	0.343	0.329	0.351	0.315	6.92	6.86	6.59	5.78	5.8
CAF275	04/09/2013	0.336	0.345	0.331	0.351	0.315	6.49	6.74	6.6	5.88	5.87
CAF275	04/10/2013	0.336	0.345	0.332	0.352	0.315	6.6	6.6	6.6	5.95	5.91
CAF275	04/11/2013	0.335	0.345	0.333	0.353	0.315	6.45	6.6	6.6	6	6
CAF275	04/12/2013	0.334	0.345	0.333	0.354	0.316	6.14	6.54	6.6	6	6
CAF275	04/13/2013	0.339	0.345	0.333	0.354	0.316	6.16	6.43	6.53	6	6.1
CAF275	04/14/2013	0.337	0.347	0.335	0.355	0.317	5.73	6.35	6.5	6.04	6.1
CAF275	04/15/2013	0.335	0.346	0.335	0.356	0.318	5.52	6.23	6.46	6.1	6.1
CAF275	04/16/2013	0.334	0.346	0.335	0.358	0.319	5.25	6.12	6.4	6.02	6.16
CAF275	04/17/2013	0.332	0.345	0.335	0.358	0.32	5.05	5.97	6.34	6	6.2
CAF275	04/18/2013	0.332	0.344	0.334	0.358	0.322	5.22	5.9	6.26	6	6.2
CAF275	04/19/2013	0.334	0.343	0.334	0.358	0.323	5.45	5.9	6.2	6	6.2
CAF275	04/20/2013	0.338	0.345	0.334	0.357	0.323	5.85	5.94	6.17	5.9	6.2
CAF275	04/21/2013	0.337	0.346	0.335	0.358	0.324	6.06	6.05	6.2	5.9	6.2
CAF275	04/22/2013	0.336	0.346	0.335	0.358	0.325	5.98	6.15	6.26	5.9	6.2
CAF275	04/23/2013	0.335	0.345	0.335	0.358	0.326	6.03	6.19	6.3	5.91	6.2
CAF275	04/24/2013	0.335	0.345	0.335	0.359	0.327	6.2	6.2	6.27	6	6.2
CAF275	04/25/2013	0.335	0.345	0.335	0.359	0.328	6.75	6.26	6.37	6	6.2
CAF275	04/26/2013	0.336	0.344	0.334	0.359	0.328	7.52	6.47	6.43	6	6.2
CAF275	04/27/2013	0.337	0.344	0.334	0.359	0.328	8.27	6.84	6.56	6.05	6.2
CAF275	04/28/2013	0.336	0.344	0.334	0.358	0.328	8.28	7.12	6.71	6.15	6.2
CAF275	04/29/2013	0.336	0.344	0.334	0.358	0.328	8.34	7.32	6.92	6.22	6.28
CAF275	04/30/2013	0.334	0.344	0.334	0.358	0.329	7.49	7.39	7.05	6.34	6.3
CAF275	05/01/2013	0.332	0.343	0.334	0.358	0.329	6.81	7.22	7.03	6.44	6.39
CAF275	05/02/2013	0.332	0.342	0.334	0.358	0.329	7.3	7.1	7.1	6.5	6.4
CAF275	05/03/2013	0.334	0.342	0.333	0.358	0.329	8.27	7.18	7.03	6.52	6.5
CAF275	05/04/2013	0.335	0.342	0.333	0.358	0.329	9.12	7.48	7.11	6.6	6.5
CAF275	05/05/2013	0.335	0.342	0.333	0.358	0.329	9.62	7.83	7.31	6.65	6.54
CAF275	05/06/2013	0.336	0.342	0.333	0.357	0.329	10.29	8.13	7.51	6.75	6.6
CAF275	05/07/2013	0.337	0.342	0.333	0.357	0.329	11.07	8.54	7.72	6.89	6.66
CAF275	05/08/2013	0.338	0.343	0.333	0.357	0.329	11.72	8.96	7.98	7.07	6.72
CAF275	05/09/2013	0.338	0.343	0.333	0.358	0.328	12.42	9.4	8.25	7.25	6.81
CAF275	05/10/2013	0.338	0.343	0.333	0.358	0.328	12.9	9.82	8.54	7.46	6.92
CAF275	05/11/2013	0.339	0.343	0.333	0.358	0.328	13.53	10.16	8.84	7.7	7.04
CAF275	05/12/2013	0.34	0.343	0.332	0.358	0.328	14.03	10.64	9.14	7.92	7.16
CAF275	05/13/2013	0.339	0.344	0.332	0.358	0.329	14.25	11.02	9.41	8.18	7.3
CAF275	05/14/2013	0.337	0.343	0.333	0.358	0.328	13.58	11.27	9.72	8.42	7.45
CAF275	05/15/2013	0.335	0.343	0.332	0.359	0.329	12.97	11.26	9.93	8.62	7.61
CAF275	05/16/2013	0.334	0.342	0.332	0.359	0.329	12.85	11.2	10.02	8.83	7.76
CAF275	05/17/2013	0.333	0.341	0.332	0.359	0.329	12.75	11.14	10.1	8.98	7.92
CAF275	05/18/2013	0.332	0.341	0.331	0.359	0.329	12.61	11.1	10.15	9.09	8.04
CAF275	05/19/2013	0.33	0.34	0.331	0.359	0.329	12.13	11.08	10.2	9.2	8.16
CAF275	05/20/2013	0.33	0.339	0.33	0.359	0.329	12.32	11	10.2	9.29	8.26
CAF275	05/21/2013	0.331	0.339	0.33	0.359	0.329	13	11.09	10.2	9.35	8.36
CAF275	05/22/2013	0.328	0.338	0.329	0.359	0.329	12.25	11.2	10.32	9.41	8.44
CAF275	05/23/2013	0.326	0.337	0.329	0.358	0.328	11.2	11.04	10.4	9.5	8.52
CAF275	05/24/2013	0.326	0.336	0.329	0.358	0.328	11.08	10.78	10.3	9.52	8.6
CAF275	05/25/2013	0.325	0.335	0.328	0.358	0.328	10.79	10.6	10.22	9.6	8.64
CAF275	05/26/2013	0.325	0.335	0.327	0.358	0.328	11.1	10.5	10.15	9.6	8.7
CAF275	05/27/2013	0.325	0.334	0.327	0.358	0.328	11.47	10.5	10.1	9.6	8.77
CAF275	05/28/2013	0.325	0.334	0.327	0.357	0.328	11.81	10.64	10.12	9.6	8.8
CAF275	05/29/2013	0.324	0.334	0.326	0.357	0.328	11.82	10.75	10.2	9.6	8.8
CAF275	05/30/2013	0.323	0.333	0.326	0.357	0.328	11.63	10.8	10.21	9.6	8.86
CAF275	05/31/2013	0.321	0.332	0.326	0.357	0.327	11.63	10.8	10.3	9.68	8.9
CAF275	06/01/2013	0.321	0.332	0.326	0.357	0.327	12.01	10.83	10.3	9.7	8.9
CAF275	06/02/2013	0.32	0.331	0.325	0.357	0.327	12.41	10.95	10.36	9.7	9
CAF275	06/03/2013	0.318	0.33	0.325	0.356	0.327	12.36	11.09	10.44	9.79	9
CAF275	06/04/2013	0.317	0.33	0.325	0.356	0.326	12.73	11.19	10.52	9.82	9.05
CAF275	06/05/2013	0.316	0.329	0.324	0.356	0.326	13.5	11.4	10.62	9.9	9.1
CAF275	06/06/2013	0.315	0.328	0.324	0.356	0.326	14.31	11.71	10.75	9.94	9.15
CAF275	06/07/2013	0.314	0.327	0.324	0.357	0.326	14.96	12.1	10.95	10.03	9.2
CAF275	06/08/2013	0.31	0.327	0.324	0.357	0.326	14.83	12.42	11.18	10.13	9.29
CAF275	06/09/2013	0.306	0.325	0.323	0.357	0.326	14.88	12.58	11.34	10.27	9.36
CAF275	06/10/2013	0.3	0.323	0.323	0.357	0.326	14.72	12.7	11.55	10.37	9.45
CAF275	06/11/2013	0.294	0.321	0.323	0.357	0.326	14.69	12.79	11.67	10.48	9.54
CAF275	06/12/2013	0.286	0.318	0.322	0.357	0.325	14.43	12.8	11.78	10.58	9.63
CAF275	06/13/2013	0.279	0.315	0.322	0.357	0.325	14.48	12.8	11.83	10.68	9.72
CAF275	06/14/2013	0.271	0.311	0.321	0.357	0.325	14.35	12.85	11.9	10.74	9.8
CAF275	06/15/2013	0.264	0.306	0.32	0.357	0.325	14.43	12.87	11.95	10.8	9.9
CAF275	06/16/2013	0.26	0.301	0.32	0.357	0.325	14.79	12.92	12	10.88	9.96
CAF275	06/17/2013	0.252	0.295	0.319	0.356	0.325	15.29	13.05	12.07	10.91	10.02
CAF275	06/18/2013	0.248	0.29	0.318	0.356	0.325	15.72	13.26	12.17	11	10.1
CAF275	06/19/2013	0.245	0.288	0.317	0.356	0.324	15.3	13.45	12.29	11.07	10.17
CAF275	06/20/2013	0.244	0.288	0.316	0.356	0.324	14.07	13.35	12.4	11.15	10.24
CAF275	06/21/2013	0.243	0.287	0.316	0.355	0.324	13.26	13.05	12.4	11.2	10.3
CAF275	06/22/2013	0.242	0.284	0.315	0.355	0.324	13.48	12.81	12.31	11.28	10.4
CAF275	06/23/2013	0.241	0.281	0.313	0.355	0.324	13.76	12.76	12.23	11.3	10.41
CAF275	06/24/2013	0.241	0.279	0.312	0.354	0.323	14.16	12.8	12.16	11.3	10.5
CAF275	06/25/2013	0.241	0.28	0.312	0.354	0.323	14.2	12.9	12.25	11.3	10.5
CAF275	06/26/2013	0.241	0.279	0.312	0.353	0.323	14.55	12.92	12.3	11.3	10.5
CAF275	06/27/2013	0.242	0.278	0.311	0.353	0.322	14.92	13.1	12.31	11.31	10.6
CAF275	06/28/2013	0.242	0.275	0.31	0.352	0.323	15.78	13.3	12.43	11.4	10.6
CAF275	06/29/2013	0.243	0.271	0.309	0.352	0.322	16.72	13.65	12.58	11.42	10.64
CAF275	06/30/2013	0.243	0.268	0.309	0.352	0.322	17.21	14.05	12.78	11.51	10.7
CAF275	07/01/2013	0.242	0.264	0.307	0.351	0.322	17.63	14.36	13	11.63	10.75
CAF275	07/02/2013	0.242	0.259	0.306	0.35	0.322	18.29	14.68	13.21	11.75	10.83
CAF275	07/03/2013	0.24	0.254	0.304	0.35	0.321	18.77	15.04	13.45	11.9	10.91
CAF275	07/04/2013	0.238	0.249	0.3	0.349	0.321	18.49	15.28	13.65	12.04	11.01
CAF275	07/05/2013	0.237	0.247	0.297	0.348	0.322	17.95	15.38	13.86	12.19	11.12
CAF275	07/06/2013	0.235	0.245	0.293	0.347	0.321	17.42	15.28	13.93	12.34	11.22
CAF275	07/07/2013	0.233	0.243	0.287	0.345	0.321	17.21	15.18	13.96	12.45	11.33
CAF275	07/08/2013	0.232	0.24	0.279	0.343	0.32	17.24	15.1	14	12.51	11.42
CAF275	07/09/2013	0.231	0.238	0.266	0.341	0.319	17.2	15.1	14	12.6	11.5
CAF275	07/10/2013	0.23	0.235	0.255	0.338	0.318	17.27	15.1	14.09	12.64	11.58
CAF275	07/11/2013	0.228	0.233	0.247	0.335	0.317	17.44	15.17	14.1	12.7	11.63
CAF275	07/12/2013	0.227	0.231	0.243	0.331	0.315	17.08	15.2	14.11	12.72	11.7
CAF275	07/13/2013	0.226	0.23	0.24	0.328	0.314	16.64	15.09	14.2	12.8	11.76
CAF275	07/14/2013	0.225	0.228	0.236	0.323	0.312	16.38	14.97	14.11	12.8	11.8
CAF275	07/15/2013	0.224	0.226	0.232	0.318	0.309	16.37	14.88	14.1	12.83	11.85
CAF275	07/16/2013	0.223	0.224	0.229	0.312	0.305	16.46	14.84	14.06	12.9	11.9
CAF275	07/17/2013	0.223	0.223	0.227	0.306	0.298	16.84	14.87	14.1	12.9	11.9
CAF275	07/18/2013	0.222	0.222	0.224	0.299	0.291	17.12	14.98	14.1	12.9	11.95
CAF275	07/19/2013	0.221	0.22	0.222	0.29	0.281	17.09	15.08	14.17	12.9	12
CAF275	07/20/2013	0.22	0.219	0.22	0.281	0.269	17.2	15.1	14.2	12.91	12
CAF275	07/21/2013	0.219	0.217	0.219	0.27	0.258	17.21	15.19	14.28	13	12.03
CAF275	07/22/2013	0.218	0.216	0.217	0.259	0.25	17.2	15.2	14.3	13	12.1
CAF275	07/23/2013	0.218	0.215	0.216	0.25	0.243	17.29	15.27	14.32	13.04	12.1
CAF275	07/24/2013	0.217	0.214	0.215	0.246	0.24	17.5	15.3	14.4	13.1	12.15
CAF275	07/25/2013	0.217	0.213	0.215	0.242	0.236	17.65	15.4	14.44	13.1	12.2
CAF275	07/26/2013	0.216	0.212	0.214	0.239	0.233	17.63	15.5	14.5	13.18	12.2
CAF275	07/27/2013	0.215	0.211	0.213	0.236	0.231	17.6	15.53	14.59	13.2	12.25
CAF275	07/28/2013	0.215	0.211	0.213	0.234	0.23	17.48	15.55	14.6	13.28	12.3
CAF275	07/29/2013	0.214	0.21	0.213	0.232	0.229	17.26	15.57	14.69	13.3	12.33
CAF275	07/30/2013	0.214	0.21	0.212	0.23	0.227	17.25	15.5	14.7	13.35	12.4
CAF275	07/31/2013	0.213	0.21	0.212	0.229	0.226	17.37	15.5	14.7	13.4	12.4
CAF275	08/01/2013	0.213	0.209	0.212	0.228	0.227	17.4	15.57	14.66	13.4	12.41
CAF275	08/02/2013	0.213	0.209	0.212	0.228	0.23	16.94	15.58	14.78	13.44	12.5
CAF275	08/03/2013	0.212	0.209	0.212	0.228	0.231	16.34	15.44	14.77	13.5	12.5
CAF275	08/04/2013	0.212	0.209	0.212	0.228	0.229	16.27	15.26	14.7	13.5	12.5
CAF275	08/05/2013	0.212	0.209	0.211	0.227	0.227	16.59	15.2	14.59	13.5	12.55
CAF275	08/06/2013	0.213	0.209	0.211	0.226	0.227	16.97	15.26	14.57	13.5	12.6
CAF275	08/07/2013	0.212	0.209	0.211	0.226	0.227	17.28	15.37	14.67	13.5	12.6
CAF275	08/08/2013	0.212	0.209	0.211	0.226	0.227	17.48	15.53	14.73	13.5	12.6
CAF275	08/09/2013	0.212	0.209	0.212	0.226	0.228	17.72	15.65	14.8	13.5	12.6
CAF275	08/10/2013	0.212	0.209	0.212	0.226	0.23	18.26	15.78	14.9	13.6	12.6
CAF275	08/11/2013	0.214	0.209	0.212	0.227	0.231	18.74	16.04	15	13.63	12.7
CAF275	08/12/2013	0.215	0.21	0.212	0.227	0.233	18.9	16.31	15.17	13.7	12.7
CAF275	08/13/2013	0.215	0.21	0.213	0.227	0.235	19.01	16.46	15.33	13.8	12.75
CAF275	08/14/2013	0.215	0.21	0.213	0.228	0.236	19.12	16.58	15.45	13.9	12.8
CAF275	08/15/2013	0.215	0.21	0.213	0.228	0.238	19.32	16.7	15.56	13.98	12.87
CAF275	08/16/2013	0.215	0.211	0.213	0.228	0.24	19.4	16.86	15.64	14.08	12.91
CAF275	08/17/2013	0.215	0.211	0.213	0.229	0.241	19.58	16.93	15.79	14.16	13
CAF275	08/18/2013	0.215	0.211	0.214	0.229	0.242	19.45	17.09	15.9	14.25	13.06
CAF275	08/19/2013	0.215	0.211	0.214	0.229	0.244	19.15	17.1	15.95	14.33	13.11
CAF275	08/20/2013	0.215	0.211	0.214	0.23	0.245	19.13	17.06	16	14.4	13.2
CAF275	08/21/2013	0.215	0.211	0.214	0.23	0.246	18.81	16.96	16	14.47	13.25
CAF275	08/22/2013	0.214	0.211	0.214	0.23	0.246	18.64	16.91	16	14.5	13.3
CAF275	08/23/2013	0.213	0.211	0.214	0.23	0.247	18.54	16.88	16	14.5	13.35
CAF275	08/24/2013	0.213	0.211	0.214	0.23	0.248	18.37	16.76	16	14.57	13.4
CAF275	08/25/2013	0.213	0.211	0.214	0.23	0.248	18.32	16.77	16	14.6	13.4
CAF275	08/26/2013	0.213	0.211	0.214	0.231	0.248	18.41	16.74	16	14.6	13.49
CAF275	08/27/2013	0.212	0.211	0.215	0.231	0.249	18.05	16.7	16	14.6	13.5
CAF275	08/28/2013	0.212	0.211	0.215	0.231	0.249	18.07	16.6	16	14.6	13.5
CAF275	08/29/2013	0.213	0.211	0.215	0.231	0.25	18.15	16.56	16	14.6	13.5
CAF275	08/30/2013	0.213	0.211	0.215	0.231	0.251	18.04	16.56	15.96	14.56	13.58
CAF275	08/31/2013	0.213	0.211	0.215	0.231	0.251	18.03	16.56	15.91	14.6	13.6
CAF275	09/01/2013	0.213	0.211	0.215	0.232	0.251	18.28	16.58	15.9	14.6	13.6
CAF275	09/02/2013	0.214	0.211	0.215	0.232	0.252	18.4	16.64	15.99	14.6	13.6
CAF275	09/03/2013	0.213	0.211	0.215	0.232	0.252	18.12	16.63	16	14.61	13.6
CAF275	09/04/2013	0.213	0.211	0.215	0.232	0.252	18.05	16.6	15.93	14.7	13.64
CAF275	09/05/2013	0.213	0.211	0.216	0.232	0.252	18.3	16.6	16	14.7	13.7
CAF275	09/06/2013	0.213	0.211	0.216	0.232	0.253	17.95	16.6	16	14.7	13.7
CAF275	09/07/2013	0.212	0.211	0.216	0.232	0.253	17.3	16.49	16	14.7	13.7
CAF275	09/08/2013	0.212	0.211	0.216	0.232	0.253	17.18	16.31	15.93	14.7	13.7
CAF275	09/09/2013	0.211	0.211	0.215	0.232	0.253	16.95	16.18	15.87	14.7	13.7
CAF275	09/10/2013	0.212	0.21	0.215	0.232	0.253	17.16	16.1	15.8	14.63	13.7
CAF275	09/11/2013	0.212	0.211	0.215	0.233	0.253	17.49	16.1	15.73	14.6	13.7
CAF275	09/12/2013	0.212	0.211	0.215	0.233	0.253	17.74	16.17	15.73	14.6	13.7
CAF275	09/13/2013	0.212	0.211	0.215	0.233	0.253	17.82	16.26	15.8	14.6	13.7
CAF275	09/14/2013	0.213	0.211	0.216	0.233	0.253	17.93	16.3	15.8	14.6	13.7
CAF275	09/15/2013	0.213	0.211	0.216	0.233	0.254	18.17	16.37	15.83	14.6	13.7
CAF275	09/16/2013	0.213	0.211	0.216	0.233	0.254	18.43	16.46	15.9	14.6	13.7
CAF275	09/17/2013	0.212	0.211	0.216	0.233	0.254	17.44	16.5	15.97	14.6	13.7
CAF275	09/18/2013	0.211	0.211	0.216	0.233	0.254	16.23	16.2	15.92	14.7	13.78
CAF275	09/19/2013	0.21	0.21	0.215	0.233	0.254	15.16	15.75	15.77	14.64	13.8
CAF275	09/20/2013	0.209	0.21	0.215	0.233	0.254	14.79	15.3	15.55	14.59	13.8
CAF275	09/21/2013	0.21	0.21	0.215	0.233	0.254	14.94	15.04	15.34	14.49	13.75
CAF275	09/22/2013	0.209	0.209	0.215	0.233	0.254	14.58	14.84	15.17	14.38	13.7
CAF275	09/23/2013	0.209	0.209	0.215	0.233	0.254	14.08	14.63	15.04	14.29	13.7
CAF275	09/24/2013	0.209	0.211	0.214	0.233	0.254	13.7	14.38	14.86	14.18	13.6
CAF275	09/25/2013	0.209	0.213	0.214	0.233	0.254	13.28	14.08	14.7	14.08	13.58
CAF275	09/26/2013	0.208	0.211	0.214	0.233	0.254	12.69	13.84	14.53	13.96	13.5
CAF275	09/27/2013	0.208	0.21	0.213	0.233	0.254	12.22	13.53	14.33	13.85	13.44
CAF275	09/28/2013	0.208	0.21	0.213	0.232	0.254	11.8	13.22	14.13	13.72	13.38
CAF275	09/29/2013	0.209	0.21	0.213	0.232	0.255	11.8	12.98	13.94	13.56	13.3
CAF275	09/30/2013	0.213	0.209	0.213	0.232	0.255	11.35	12.78	13.72	13.44	13.21
CAF275	10/01/2013	0.216	0.209	0.213	0.232	0.255	10.92	12.53	13.6	13.3	13.13
CAF275	10/02/2013	0.217	0.209	0.212	0.232	0.254	10.41	12.25	13.41	13.16	13.04
CAF275	10/03/2013	0.218	0.209	0.212	0.232	0.254	10.01	11.95	13.22	13.03	12.95
CAF275	10/04/2013	0.219	0.209	0.212	0.232	0.254	9.63	11.63	13.01	12.87	12.86
CAF275	10/05/2013	0.22	0.208	0.211	0.232	0.254	9.39	11.4	12.81	12.72	12.76
CAF275	10/06/2013	0.222	0.208	0.211	0.231	0.254	9.6	11.21	12.62	12.56	12.66
CAF275	10/07/2013	0.223	0.208	0.211	0.231	0.254	9.83	11.16	12.47	12.41	12.55
CAF275	10/08/2013	0.224	0.208	0.211	0.231	0.254	9.76	11.1	12.39	12.28	12.45
CAF275	10/09/2013	0.224	0.208	0.211	0.231	0.253	9.2	10.99	12.29	12.17	12.35
CAF275	10/10/2013	0.225	0.208	0.21	0.231	0.253	8.85	10.77	12.16	12.06	12.26
CAF275	10/11/2013	0.225	0.208	0.21	0.231	0.253	8.9	10.57	12.03	11.97	12.17
CAF275	10/12/2013	0.227	0.207	0.21	0.231	0.253	9.29	10.5	11.87	11.83	12.08
CAF275	10/13/2013	0.227	0.207	0.21	0.231	0.253	9.28	10.47	11.82	11.72	11.99
CAF275	10/14/2013	0.227	0.207	0.21	0.231	0.253	8.85	10.45	11.8	11.64	11.9
CAF275	10/15/2013	0.227	0.207	0.21	0.231	0.253	8.2	10.27	11.68	11.58	11.8
CAF275	10/16/2013	0.227	0.207	0.21	0.231	0.253	8.09	10.01	11.55	11.47	11.74
CAF275	10/17/2013	0.228	0.207	0.209	0.231	0.253	8.14	9.89	11.32	11.37	11.66
CAF275	10/18/2013	0.228	0.206	0.209	0.231	0.252	7.88	9.77	11.24	11.27	11.58
CAF275	10/19/2013	0.228	0.206	0.209	0.23	0.252	7.76	9.61	11.16	11.18	11.5
CAF275	10/20/2013	0.228	0.206	0.208	0.23	0.252	7.75	9.46	11	11.09	11.4
CAF275	10/21/2013	0.228	0.206	0.208	0.23	0.252	7.85	9.4	10.94	11	11.32
CAF275	10/22/2013	0.229	0.206	0.208	0.23	0.252	8.24	9.37	10.85	10.9	11.23
CAF275	10/23/2013	0.229	0.206	0.208	0.23	0.252	8.57	9.47	10.8	10.82	11.16
CAF275	10/24/2013	0.229	0.206	0.208	0.23	0.252	8.79	9.57	10.8	10.8	11.1
CAF275	10/25/2013	0.23	0.206	0.208	0.23	0.252	8.74	9.6	10.73	10.7	11
CAF275	10/26/2013	0.229	0.206	0.208	0.23	0.252	8.55	9.57	10.8	10.7	10.97
CAF275	10/27/2013	0.229	0.206	0.208	0.23	0.252	8.25	9.55	10.8	10.7	10.9
CAF275	10/28/2013	0.229	0.206	0.208	0.23	0.252	8	9.42	10.72	10.61	10.87
CAF275	10/29/2013	0.229	0.206	0.208	0.23	0.251	7.26	9.25	10.65	10.6	10.8
CAF275	10/30/2013	0.228	0.205	0.208	0.23	0.251	6.3	8.92	10.52	10.51	10.78
CAF275	10/31/2013	0.228	0.205	0.208	0.23	0.251	6.04	8.55	10.32	10.45	10.7
CAF275	11/01/2013	0.228	0.205	0.208	0.23	0.251	6.14	8.34	10.12	10.34	10.64
CAF275	11/02/2013	0.228	0.205	0.207	0.23	0.251	6.46	8.21	9.95	10.25	10.57
CAF275	11/03/2013	0.228	0.205	0.207	0.23	0.251	6.41	8.21	9.86	10.14	10.49
CAF275	11/04/2013	0.228	0.204	0.207	0.23	0.251	5.93	8.15	9.79	10.07	10.4
CAF275	11/05/2013	0.227	0.204	0.207	0.23	0.251	5.37	7.9	9.66	9.98	10.32
CAF275	11/06/2013	0.227	0.204	0.207	0.23	0.251	4.88	7.65	9.52	9.9	10.26
CAF275	11/07/2013	0.227	0.204	0.207	0.23	0.251	5.23	7.45	9.34	9.79	10.17
CAF275	11/08/2013	0.228	0.204	0.207	0.23	0.251	5.68	7.43	9.17	9.69	10.1
CAF275	11/09/2013	0.23	0.205	0.207	0.23	0.251	5.59	7.49	9.1	9.59	10
CAF275	11/10/2013	0.232	0.205	0.207	0.23	0.251	5.67	7.4	9.1	9.5	9.92
CAF275	11/11/2013	0.235	0.205	0.207	0.229	0.251	6.07	7.43	8.97	9.42	9.85
CAF275	11/12/2013	0.237	0.205	0.207	0.23	0.25	6.31	7.53	9	9.38	9.8
CAF275	11/13/2013	0.238	0.206	0.207	0.23	0.25	6.43	7.6	9	9.3	9.7
CAF275	11/14/2013	0.239	0.206	0.207	0.23	0.25	6.22	7.65	9	9.3	9.67
CAF275	11/15/2013	0.24	0.206	0.207	0.23	0.25	5.95	7.59	9	9.27	9.6
CAF275	11/16/2013	0.249	0.206	0.207	0.229	0.25	5.37	7.45	8.96	9.2	9.58
CAF275	11/17/2013	0.273	0.206	0.207	0.229	0.25	4.9	7.2	8.85	9.18	9.5
CAF275	11/18/2013	0.277	0.207	0.207	0.23	0.25	4.96	7.01	8.69	9.1	9.49
CAF275	11/19/2013	0.278	0.207	0.207	0.229	0.25	5.08	6.9	8.55	9	9.4
CAF275	11/20/2013	0.279	0.208	0.207	0.229	0.25	5.24	6.9	8.47	8.92	9.35
CAF275	11/21/2013	0.278	0.208	0.207	0.229	0.25	4.26	6.8	8.4	8.85	9.3
CAF275	11/22/2013	0.276	0.208	0.206	0.229	0.25	3.43	6.46	8.28	8.77	9.22
CAF275	11/23/2013	0.274	0.207	0.206	0.229	0.25	2.9	6.08	8.11	8.63	9.17
CAF275	11/24/2013	0.272	0.207	0.206	0.229	0.25	2.54	5.76	7.88	8.55	9.1
CAF275	11/25/2013	0.27	0.207	0.207	0.229	0.25	2.28	5.48	7.66	8.4	9
CAF275	11/26/2013	0.268	0.207	0.206	0.229	0.249	2.1	5.21	7.45	8.24	8.92
CAF275	11/27/2013	0.266	0.206	0.206	0.229	0.249	1.99	5.03	7.3	8.08	8.82
CAF275	11/28/2013	0.264	0.206	0.206	0.229	0.249	1.89	4.86	7.15	7.9	8.72
CAF275	11/29/2013	0.263	0.206	0.206	0.229	0.249	1.78	4.73	7.01	7.77	8.61
CAF275	11/30/2013	0.261	0.206	0.206	0.229	0.249	1.7	4.57	6.83	7.63	8.51
CAF275	12/01/2013	0.263	0.205	0.205	0.229	0.249	1.68	4.5	6.7	7.46	8.4
CAF275	12/02/2013	0.296	0.205	0.205	0.228	0.249	1.6	4.4	6.62	7.35	8.3
CAF275	12/03/2013	0.299	0.205	0.205	0.228	0.249	1.64	4.3	6.51	7.22	8.2
CAF275	12/04/2013	0.296	0.205	0.206	0.228	0.249	1.7	4.22	6.4	7.09	8.1
CAF275	12/05/2013	0.293	0.205	0.206	0.228	0.249	1.78	4.2	6.27	6.95	8.01
CAF275	12/06/2013	0.291	0.205	0.206	0.228	0.249	1.74	4.2	6.21	6.87	7.92
CAF275	12/07/2013	0.287	0.205	0.205	0.228	0.249	1.63	4.12	6.12	6.78	7.84
CAF275	12/08/2013	0.284	0.205	0.206	0.228	0.249	1.41	4.05	6.08	6.69	7.76
CAF275	12/09/2013	0.281	0.205	0.206	0.228	0.249	1.17	3.91	5.98	6.59	7.69
CAF275	12/10/2013	0.277	0.204	0.206	0.228	0.249	0.96	3.76	5.86	6.49	7.6
CAF275	12/11/2013	0.274	0.204	0.205	0.228	0.248	0.9	3.63	5.71	6.39	7.51
CAF275	12/12/2013	0.271	0.204	0.205	0.228	0.248	0.8	3.48	5.62	6.28	7.44
CAF275	12/13/2013	0.268	0.204	0.206	0.228	0.248	0.8	3.38	5.48	6.2	7.36
CAF275	12/14/2013	0.266	0.204	0.205	0.228	0.248	0.8	3.38	5.46	6.11	7.29
CAF275	12/15/2013	0.264	0.204	0.205	0.228	0.248	0.8	3.3	5.4	6	7.2
CAF275	12/16/2013	0.262	0.204	0.205	0.228	0.248	0.8	3.3	5.3	5.92	7.11
CAF275	12/17/2013	0.261	0.204	0.205	0.228	0.248	0.8	3.22	5.24	5.85	7.05
CAF275	12/18/2013	0.26	0.204	0.205	0.228	0.248	0.82	3.2	5.2	5.78	6.98
CAF275	12/19/2013	0.26	0.204	0.205	0.227	0.248	0.9	3.2	5.1	5.7	6.9
CAF275	12/20/2013	0.26	0.204	0.205	0.227	0.248	0.9	3.16	5.1	5.7	6.84
CAF275	12/21/2013	0.259	0.204	0.205	0.227	0.248	0.9	3.1	5	5.6	6.79
CAF275	12/22/2013	0.259	0.204	0.205	0.227	0.248	0.9	3.1	5	5.54	6.7
CAF275	12/23/2013	0.256	0.203	0.205	0.227	0.248	0.9	3.1	4.93	5.5	6.67
CAF275	12/24/2013	0.257	0.203	0.205	0.227	0.248	0.9	3.1	4.87	5.47	6.6
CAF275	12/25/2013	0.258	0.203	0.205	0.227	0.248	0.9	3.03	4.85	5.4	6.55
CAF275	12/26/2013	0.258	0.203	0.205	0.227	0.248	0.9	3	4.8	5.36	6.5
CAF275	12/27/2013	0.258	0.203	0.205	0.227	0.248	0.93	3	4.8	5.3	6.45
CAF275	12/28/2013	0.258	0.203	0.205	0.227	0.248	1	3	4.71	5.3	6.4
CAF275	12/29/2013	0.259	0.203	0.205	0.227	0.248	1	3	4.67	5.3	6.36
CAF275	12/30/2013	0.259	0.203	0.205	0.227	0.248	0.95	2.97	4.7	5.3	6.3
CAF275	12/31/2013	0.258	0.203	0.205	0.227	0.248	0.9	2.9	4.62	5.3	6.28
CAF275	01/01/2014	0.258	0.203	0.205	0.227	0.248	0.9	2.87	4.6	5.3	6.2
CAF275	01/02/2014	0.257	0.203	0.205	0.227	0.248	0.97	2.9	4.6	5.25	6.2
CAF275	01/03/2014	0.257	0.203	0.205	0.227	0.248	1	2.9	4.53	5.15	6.13
CAF275	01/04/2014	0.257	0.203	0.205	0.227	0.248	1	2.9	4.5	5.09	6.1
CAF275	01/05/2014	0.257	0.203	0.205	0.227	0.248	0.96	2.87	4.5	5	6.1
CAF275	01/06/2014	0.257	0.203	0.206	0.227	0.248	0.88	2.77	4.5	4.98	6
CAF275	01/07/2014	0.256	0.203	0.205	0.227	0.248	0.8	2.8	4.35	4.9	6
CAF275	01/08/2014	0.255	0.203	0.205	0.227	0.248	0.8	2.74	4.4	4.9	5.97
CAF275	01/09/2014	0.255	0.203	0.205	0.227	0.247	0.8	2.7	4.36	4.9	5.9
CAF275	01/10/2014	0.254	0.203	0.205	0.227	0.247	0.8	2.7	4.3	4.85	5.9
CAF275	01/11/2014	0.252	0.203	0.205	0.227	0.247	0.8	2.7	4.3	4.8	5.84
CAF275	01/12/2014	0.253	0.203	0.205	0.227	0.247	0.8	2.64	4.2	4.76	5.8
CAF275	01/13/2014	0.253	0.202	0.204	0.227	0.247	0.8	2.6	4.2	4.7	5.8
CAF275	01/14/2014	0.253	0.202	0.204	0.227	0.247	0.81	2.6	4.12	4.68	5.71
CAF275	01/15/2014	0.253	0.202	0.204	0.227	0.247	0.9	2.6	4.1	4.6	5.7
CAF275	01/16/2014	0.254	0.202	0.205	0.227	0.247	0.9	2.6	4.1	4.6	5.7
CAF275	01/17/2014	0.254	0.202	0.204	0.227	0.247	0.9	2.6	4.07	4.6	5.6
CAF275	01/18/2014	0.256	0.202	0.205	0.227	0.247	0.9	2.6	4.1	4.52	5.6
CAF275	01/19/2014	0.257	0.202	0.205	0.227	0.247	0.9	2.6	4.04	4.5	5.6
CAF275	01/20/2014	0.259	0.202	0.205	0.227	0.247	0.9	2.57	4	4.5	5.51
CAF275	01/21/2014	0.26	0.202	0.205	0.227	0.247	0.9	2.6	3.97	4.44	5.5
CAF275	01/22/2014	0.262	0.203	0.205	0.227	0.247	0.92	2.6	4	4.4	5.5
CAF275	01/23/2014	0.267	0.203	0.205	0.227	0.247	1	2.57	4	4.4	5.49
CAF275	01/24/2014	0.267	0.203	0.205	0.227	0.247	1	2.6	4	4.4	5.4
CAF275	01/25/2014	0.269	0.203	0.205	0.227	0.247	1	2.6	3.97	4.4	5.4
CAF275	01/26/2014	0.271	0.203	0.205	0.227	0.247	1	2.6	4	4.4	5.4
CAF275	01/27/2014	0.272	0.203	0.205	0.227	0.247	1	2.6	3.91	4.4	5.39
CAF275	01/28/2014	0.273	0.203	0.205	0.227	0.247	1	2.56	3.87	4.37	5.3
CAF275	01/29/2014	0.272	0.203	0.205	0.227	0.247	1	2.5	3.87	4.3	5.3
CAF275	01/30/2014	0.267	0.203	0.205	0.227	0.247	1	2.47	3.9	4.3	5.3
CAF275	01/31/2014	0.268	0.203	0.205	0.227	0.247	1	2.5	3.9	4.28	5.3
CAF275	02/01/2014	0.27	0.203	0.205	0.227	0.247	1	2.5	3.9	4.2	5.29
CAF275	02/02/2014	0.273	0.203	0.205	0.227	0.247	1	2.5	3.87	4.2	5.2
CAF275	02/03/2014	0.276	0.203	0.205	0.227	0.247	1	2.5	3.89	4.2	5.2
CAF275	02/04/2014	0.279	0.204	0.205	0.227	0.247	1	2.5	3.8	4.2	5.2
CAF275	02/05/2014	0.282	0.204	0.205	0.227	0.247	1.07	2.5	3.8	4.15	5.2
CAF275	02/06/2014	0.283	0.205	0.205	0.227	0.247	1.1	2.5	3.8	4.1	5.16
CAF275	02/07/2014	0.283	0.206	0.205	0.227	0.247	1.03	2.45	3.8	4.1	5.1
CAF275	02/08/2014	0.282	0.207	0.205	0.227	0.247	1	2.37	3.8	4.1	5.1
CAF275	02/09/2014	0.282	0.209	0.205	0.227	0.247	1	2.37	3.8	4.1	5.1
CAF275	02/10/2014	0.281	0.212	0.205	0.227	0.247	1	2.4	3.8	4.05	5.1
CAF275	02/11/2014	0.28	0.214	0.205	0.228	0.247	1	2.37	3.78	4	5.04
CAF275	02/12/2014	0.281	0.217	0.205	0.228	0.247	1.02	2.4	3.7	4	5
CAF275	02/13/2014	0.283	0.24	0.205	0.228	0.247	1	2.31	3.63	4	5
CAF275	02/14/2014	0.29	0.276	0.205	0.227	0.247	1	2.3	3.6	3.93	4.99
CAF275	02/15/2014	0.297	0.295	0.205	0.228	0.247	1	2.27	3.52	3.9	4.9
CAF275	02/16/2014	0.306	0.307	0.205	0.228	0.247	1	2.2	3.48	3.81	4.9
CAF275	02/17/2014	0.315	0.314	0.22	0.228	0.247	1	2.2	3.5	3.8	4.9
CAF275	02/18/2014	0.33	0.328	0.26	0.228	0.247	1	2.2	3.44	3.8	4.83
CAF275	02/19/2014	0.329	0.336	0.294	0.228	0.246	1.01	2.2	3.5	3.72	4.8
CAF275	02/20/2014	0.323	0.334	0.301	0.228	0.247	1.1	2.2	3.5	3.7	4.8
CAF275	02/21/2014	0.324	0.334	0.304	0.23	0.247	1.1	2.2	3.5	3.68	4.78
CAF275	02/22/2014	0.322	0.334	0.306	0.24	0.247	1.1	2.2	3.5	3.6	4.7
CAF275	02/23/2014	0.32	0.333	0.307	0.258	0.247	1.1	2.3	3.5	3.6	4.7
CAF275	02/24/2014	0.319	0.332	0.308	0.277	0.247	1.16	2.3	3.44	3.6	4.7
CAF275	02/25/2014	0.32	0.331	0.309	0.287	0.247	1.2	2.3	3.5	3.6	4.7
CAF275	02/26/2014	0.32	0.331	0.309	0.293	0.248	1.2	2.3	3.5	3.6	4.63
CAF275	02/27/2014	0.321	0.331	0.309	0.298	0.248	1.23	2.3	3.5	3.6	4.6
CAF275	02/28/2014	0.321	0.332	0.31	0.302	0.249	1.3	2.3	3.5	3.6	4.6
CAF275	03/01/2014	0.323	0.334	0.311	0.306	0.25	1.3	2.39	3.5	3.6	4.6
CAF275	03/02/2014	0.32	0.334	0.313	0.309	0.251	1.3	2.4	3.5	3.6	4.6
CAF275	03/03/2014	0.333	0.338	0.315	0.313	0.253	1.27	2.39	3.5	3.6	4.6
CAF275	03/04/2014	0.332	0.343	0.323	0.34	0.254	1.33	2.3	3.5	3.57	4.6
CAF275	03/05/2014	0.33	0.34	0.322	0.349	0.278	2.2	2.34	3.5	3.5	4.52
CAF275	03/06/2014	0.337	0.342	0.323	0.352	0.3	3.23	2.62	3.48	3.5	4.5
CAF275	03/07/2014	0.334	0.342	0.324	0.355	0.317	3.88	3.06	3.66	3.51	4.5
CAF275	03/08/2014	0.329	0.34	0.323	0.355	0.322	4.1	3.39	3.86	3.6	4.5
CAF275	03/09/2014	0.339	0.342	0.324	0.356	0.325	4.52	3.68	4.05	3.66	4.5
CAF275	03/10/2014	0.337	0.343	0.325	0.358	0.33	5.27	4.02	4.26	3.77	4.5
CAF275	03/11/2014	0.333	0.342	0.324	0.358	0.332	4.95	4.35	4.49	3.88	4.58
CAF275	03/12/2014	0.33	0.34	0.323	0.357	0.332	4.78	4.45	4.62	4	4.6
CAF275	03/13/2014	0.328	0.339	0.322	0.357	0.332	4.74	4.5	4.78	4.1	4.67
CAF275	03/14/2014	0.327	0.338	0.322	0.356	0.331	4.82	4.52	4.88	4.2	4.71
CAF275	03/15/2014	0.328	0.338	0.321	0.356	0.331	4.6	4.6	4.98	4.33	4.8
CAF275	03/16/2014	0.327	0.337	0.321	0.356	0.331	4.57	4.6	5.01	4.4	4.8
CAF275	03/17/2014	0.329	0.337	0.321	0.355	0.331	4.82	4.61	5.1	4.4	4.89
CAF275	03/18/2014	0.328	0.338	0.321	0.355	0.33	4.42	4.7	5.15	4.49	4.9
CAF275	03/19/2014	0.327	0.338	0.322	0.355	0.33	4.21	4.61	5.2	4.54	4.97
CAF275	03/20/2014	0.326	0.337	0.322	0.355	0.33	4.14	4.6	5.2	4.6	5
CAF275	03/21/2014	0.324	0.336	0.321	0.356	0.33	3.83	4.51	5.2	4.6	5
CAF275	03/22/2014	0.323	0.336	0.321	0.355	0.33	3.66	4.41	5.16	4.6	5.08
CAF275	03/23/2014	0.322	0.335	0.321	0.355	0.33	3.73	4.32	5.1	4.6	5.1
CAF275	03/24/2014	0.322	0.334	0.32	0.355	0.329	4.03	4.36	5.1	4.6	5.1
CAF275	03/25/2014	0.322	0.334	0.32	0.354	0.329	4.31	4.43	5.1	4.6	5.1
CAF275	03/26/2014	0.322	0.333	0.32	0.354	0.329	4.55	4.53	5.12	4.6	5.1
CAF275	03/27/2014	0.322	0.333	0.319	0.354	0.329	4.93	4.66	5.2	4.69	5.1
CAF275	03/28/2014	0.322	0.333	0.319	0.354	0.328	5.02	4.84	5.28	4.7	5.17
CAF275	03/29/2014	0.326	0.333	0.319	0.353	0.328	5.19	4.93	5.37	4.75	5.2
CAF275	03/30/2014	0.329	0.335	0.319	0.353	0.328	5.51	5.07	5.45	4.8	5.2
CAF275	03/31/2014	0.327	0.336	0.32	0.353	0.327	5.3	5.2	5.52	4.87	5.2
CAF275	04/01/2014	0.327	0.336	0.321	0.354	0.327	5.43	5.2	5.62	4.9	5.28
CAF275	04/02/2014	0.326	0.336	0.321	0.354	0.327	5.61	5.33	5.7	4.95	5.3
CAF275	04/03/2014	0.325	0.336	0.321	0.354	0.327	5.5	5.4	5.73	5.02	5.3
CAF275	04/04/2014	0.326	0.336	0.321	0.354	0.328	5.91	5.45	5.81	5.14	5.35
CAF275	04/05/2014	0.325	0.335	0.321	0.354	0.327	5.93	5.58	5.9	5.27	5.4
CAF275	04/06/2014	0.326	0.335	0.321	0.354	0.327	6.15	5.67	5.99	5.3	5.4
CAF275	04/07/2014	0.326	0.335	0.321	0.355	0.327	6.4	5.79	6.02	5.3	5.48
CAF275	04/08/2014	0.327	0.335	0.321	0.354	0.327	7.3	5.99	6.15	5.3	5.5
CAF275	04/09/2014	0.328	0.336	0.321	0.354	0.327	8.06	6.33	6.3	5.33	5.52
CAF275	04/10/2014	0.327	0.336	0.321	0.354	0.327	7.86	6.64	6.51	5.45	5.6
CAF275	04/11/2014	0.326	0.336	0.321	0.355	0.327	7.7	6.75	6.67	5.55	5.65
CAF275	04/12/2014	0.325	0.335	0.321	0.355	0.327	7.58	6.8	6.76	5.68	5.7
CAF275	04/13/2014	0.324	0.335	0.321	0.355	0.327	7.37	6.78	6.9	5.76	5.79
CAF275	04/14/2014	0.324	0.335	0.321	0.355	0.327	7.34	6.8	6.93	5.85	5.84
CAF275	04/15/2014	0.323	0.334	0.321	0.355	0.327	7.56	6.85	7	5.93	5.9
CAF275	04/16/2014	0.322	0.334	0.32	0.355	0.327	7.24	6.9	7.01	6	5.98
CAF275	04/17/2014	0.322	0.333	0.32	0.354	0.327	7.22	6.88	7.1	6.07	6
CAF275	04/18/2014	0.321	0.333	0.32	0.354	0.327	7.29	6.88	7.1	6.12	6.09
CAF275	04/19/2014	0.321	0.333	0.32	0.354	0.326	7.04	6.89	7.1	6.2	6.1
CAF275	04/20/2014	0.322	0.332	0.32	0.354	0.326	7.16	6.8	7.1	6.2	6.17
CAF275	04/21/2014	0.323	0.332	0.319	0.354	0.326	7.69	6.91	7.13	6.2	6.2
CAF275	04/22/2014	0.323	0.332	0.319	0.354	0.326	7.95	7.06	7.17	6.28	6.21
CAF275	04/23/2014	0.321	0.332	0.319	0.354	0.326	7.42	7.14	7.3	6.32	6.3
CAF275	04/24/2014	0.322	0.332	0.319	0.354	0.326	7.1	7.07	7.3	6.4	6.3
CAF275	04/25/2014	0.328	0.334	0.319	0.354	0.326	7.2	7	7.3	6.41	6.36
CAF275	04/26/2014	0.328	0.336	0.32	0.354	0.325	7.15	7	7.3	6.5	6.4
CAF275	04/27/2014	0.327	0.337	0.321	0.354	0.325	7.12	7	7.33	6.5	6.4
CAF275	04/28/2014	0.327	0.337	0.322	0.354	0.325	6.84	6.97	7.3	6.5	6.47
CAF275	04/29/2014	0.326	0.337	0.322	0.355	0.325	6.93	6.87	7.3	6.51	6.5
CAF275	04/30/2014	0.327	0.337	0.323	0.355	0.325	7.62	6.95	7.3	6.6	6.5
CAF275	05/01/2014	0.328	0.337	0.323	0.355	0.325	8.62	7.17	7.35	6.6	6.5
CAF275	05/02/2014	0.33	0.337	0.323	0.355	0.326	9.67	7.52	7.5	6.61	6.56
CAF275	05/03/2014	0.331	0.338	0.324	0.355	0.326	10.14	7.99	7.71	6.71	6.6
CAF275	05/04/2014	0.33	0.338	0.323	0.356	0.326	9.97	8.27	7.9	6.84	6.62
CAF275	05/05/2014	0.33	0.338	0.323	0.356	0.326	9.87	8.42	8.11	6.96	6.7
CAF275	05/06/2014	0.33	0.338	0.324	0.356	0.327	9.7	8.5	8.24	7.15	6.77
CAF275	05/07/2014	0.329	0.337	0.323	0.356	0.327	9.48	8.5	8.32	7.26	6.85
CAF275	05/08/2014	0.329	0.337	0.324	0.357	0.327	9.7	8.51	8.46	7.38	6.91
CAF275	05/09/2014	0.33	0.337	0.324	0.357	0.327	10.01	8.64	8.5	7.44	7
CAF275	05/10/2014	0.329	0.337	0.324	0.357	0.327	9.6	8.7	8.57	7.57	7.08
CAF275	05/11/2014	0.328	0.336	0.323	0.357	0.327	9.4	8.7	8.6	7.65	7.13
CAF275	05/12/2014	0.328	0.336	0.323	0.357	0.327	9.49	8.7	8.63	7.7	7.2
CAF275	05/13/2014	0.329	0.336	0.323	0.357	0.327	10.05	8.74	8.7	7.8	7.27
CAF275	05/14/2014	0.331	0.336	0.323	0.357	0.327	10.89	8.94	8.76	7.8	7.3
CAF275	05/15/2014	0.332	0.336	0.323	0.357	0.327	11.9	9.3	8.92	7.89	7.39
CAF275	05/16/2014	0.334	0.337	0.324	0.357	0.327	12.75	9.73	9.18	8.04	7.43
CAF275	05/17/2014	0.333	0.337	0.324	0.357	0.327	12.89	10.15	9.4	8.17	7.5
CAF275	05/18/2014	0.332	0.337	0.324	0.357	0.327	12.57	10.4	9.62	8.35	7.6
CAF275	05/19/2014	0.331	0.337	0.324	0.357	0.327	12.23	10.5	9.8	8.53	7.7
CAF275	05/20/2014	0.331	0.336	0.324	0.357	0.327	12.49	10.55	9.97	8.64	7.81
CAF275	05/21/2014	0.332	0.336	0.324	0.357	0.327	12.97	10.7	10.08	8.8	7.92
CAF275	05/22/2014	0.332	0.336	0.324	0.358	0.327	13.47	10.92	10.21	8.94	8.02
CAF275	05/23/2014	0.333	0.336	0.324	0.358	0.327	14.27	11.24	10.36	9.05	8.12
CAF275	05/24/2014	0.333	0.336	0.324	0.358	0.327	14.37	11.57	10.54	9.2	8.22
CAF275	05/25/2014	0.332	0.336	0.324	0.358	0.327	14.35	11.77	10.77	9.35	8.33
CAF275	05/26/2014	0.332	0.336	0.325	0.358	0.327	14.52	11.95	10.92	9.5	8.45
CAF275	05/27/2014	0.331	0.336	0.324	0.358	0.327	14.25	12.08	11.13	9.65	8.56
CAF275	05/28/2014	0.33	0.335	0.324	0.358	0.327	14.05	12.12	11.28	9.77	8.67
CAF275	05/29/2014	0.327	0.335	0.324	0.358	0.326	12.88	12.02	11.36	9.9	8.8
CAF275	05/30/2014	0.327	0.334	0.323	0.358	0.326	12.93	11.78	11.26	9.99	8.91
CAF275	05/31/2014	0.329	0.333	0.323	0.358	0.326	13.76	11.77	11.3	10.03	9
CAF275	06/01/2014	0.33	0.333	0.324	0.358	0.326	14.39	12.01	11.35	10.1	9.09
CAF275	06/02/2014	0.332	0.334	0.323	0.358	0.326	15.08	12.29	11.47	10.13	9.16
CAF275	06/03/2014	0.336	0.334	0.324	0.358	0.326	15.84	12.64	11.65	10.24	9.22
CAF275	06/04/2014	0.336	0.334	0.324	0.358	0.326	16.2	13	11.87	10.33	9.3
CAF275	06/05/2014	0.336	0.334	0.325	0.358	0.326	16.38	13.3	12.1	10.45	9.4
CAF275	06/06/2014	0.334	0.334	0.325	0.358	0.326	16.12	13.47	12.29	10.58	9.51
CAF275	06/07/2014	0.333	0.333	0.325	0.359	0.326	16.14	13.57	12.45	10.72	9.63
CAF275	06/08/2014	0.332	0.333	0.325	0.359	0.325	16.19	13.67	12.57	10.84	9.73
CAF275	06/09/2014	0.332	0.333	0.325	0.359	0.326	16.53	13.79	12.68	10.95	9.84
CAF275	06/10/2014	0.331	0.332	0.325	0.359	0.325	16.33	13.94	12.82	11.06	9.95
CAF275	06/11/2014	0.329	0.332	0.325	0.359	0.325	16.08	13.95	12.92	11.17	10.05
CAF275	06/12/2014	0.33	0.331	0.325	0.359	0.325	16.67	13.95	13	11.22	10.1
CAF275	06/13/2014	NA	NA	NA	NA	NA	NA	NA	NA	NA	NA
