CAF310	11/10/2010	0.225	0.193	0.223	0.245	0.24	5.83	8.17	9.18	9.52	10.1
CAF310	11/11/2010	0.232	0.193	0.222	0.245	0.24	5.8	8.02	8.96	9.44	10.09
CAF310	11/12/2010	0.237	0.193	0.222	0.245	0.24	5.62	7.81	8.78	9.33	10
CAF310	11/13/2010	0.24	0.193	0.222	0.245	0.24	5.14	7.6	8.61	9.21	9.95
CAF310	11/14/2010	0.243	0.193	0.222	0.245	0.24	4.91	7.31	8.4	9.08	9.88
CAF310	11/15/2010	0.246	0.193	0.222	0.245	0.24	5.7	7.22	8.22	8.95	9.8
CAF310	11/16/2010	0.254	0.193	0.221	0.245	0.24	6.24	7.36	8.2	8.84	9.7
CAF310	11/17/2010	0.271	0.193	0.221	0.245	0.24	5.96	7.44	8.12	8.76	9.63
CAF310	11/18/2010	0.295	0.193	0.221	0.244	0.24	5.7	7.38	8.1	8.7	9.55
CAF310	11/19/2010	0.312	0.193	0.221	0.244	0.24	4.8	7.16	8.06	8.63	9.5
CAF310	11/20/2010	0.306	0.193	0.221	0.244	0.24	4.03	6.78	7.91	8.57	9.41
CAF310	11/21/2010	0.299	0.192	0.221	0.244	0.24	3.41	6.37	7.71	8.46	9.36
CAF310	11/22/2010	0.294	0.192	0.22	0.244	0.24	3.07	5.98	7.47	8.33	9.3
CAF310	11/23/2010	0.291	0.192	0.22	0.244	0.24	2.9	5.7	7.22	8.17	9.2
CAF310	11/24/2010	0.289	0.191	0.219	0.244	0.24	2.8	5.48	6.94	8.03	9.1
CAF310	11/25/2010	0.287	0.191	0.219	0.244	0.24	2.7	5.3	6.79	7.86	9
CAF310	11/26/2010	0.285	0.191	0.219	0.244	0.24	2.64	5.14	6.65	7.72	8.9
CAF310	11/27/2010	0.284	0.191	0.219	0.243	0.24	2.54	5	6.5	7.57	8.79
CAF310	11/28/2010	0.282	0.191	0.219	0.243	0.24	2.5	4.88	6.32	7.45	8.68
CAF310	11/29/2010	0.281	0.191	0.219	0.243	0.24	2.5	4.78	6.23	7.33	8.58
CAF310	11/30/2010	0.28	0.191	0.219	0.243	0.24	2.47	4.7	6.12	7.21	8.48
CAF310	12/01/2010	0.279	0.191	0.219	0.243	0.24	2.4	4.6	6.01	7.1	8.38
CAF310	12/02/2010	0.283	0.191	0.219	0.243	0.24	2.4	4.56	5.85	7	8.29
CAF310	12/03/2010	0.306	0.191	0.218	0.243	0.24	2.4	4.5	5.83	6.9	8.2
CAF310	12/04/2010	0.306	0.191	0.218	0.243	0.24	2.38	4.41	5.75	6.82	8.1
CAF310	12/05/2010	0.303	0.191	0.218	0.243	0.24	2.3	4.38	5.69	6.73	8.03
CAF310	12/06/2010	0.3	0.191	0.218	0.243	0.24	2.3	4.3	5.6	6.66	7.95
CAF310	12/07/2010	0.297	0.191	0.218	0.243	0.239	2.26	4.22	5.51	6.59	7.88
CAF310	12/08/2010	0.325	0.191	0.218	0.243	0.239	2.15	4.17	5.45	6.5	7.8
CAF310	12/09/2010	0.343	0.191	0.218	0.242	0.239	2.1	4.01	5.37	6.42	7.71
CAF310	12/10/2010	0.344	0.211	0.218	0.242	0.239	2.23	3.9	5.27	6.35	7.65
CAF310	12/11/2010	0.331	0.264	0.218	0.242	0.239	2.27	3.9	5.2	6.25	7.6
CAF310	12/12/2010	0.346	0.298	0.218	0.242	0.239	2.22	3.9	5.12	6.2	7.5
CAF310	12/13/2010	0.352	0.322	0.218	0.242	0.239	3.11	3.94	5.1	6.15	7.45
CAF310	12/14/2010	0.358	0.337	0.219	0.242	0.239	3.85	4.22	5.07	6.1	7.4
CAF310	12/15/2010	0.345	0.338	0.219	0.242	0.239	3.38	4.47	5.12	6.1	7.31
CAF310	12/16/2010	0.338	0.336	0.219	0.242	0.239	2.81	4.41	5.2	6.04	7.3
CAF310	12/17/2010	0.334	0.333	0.219	0.242	0.239	2.39	4.25	5.14	6	7.21
CAF310	12/18/2010	0.33	0.332	0.218	0.242	0.239	2.08	4.07	5.05	6	7.2
CAF310	12/19/2010	0.326	0.33	0.218	0.242	0.239	1.92	3.9	4.94	5.92	7.17
CAF310	12/20/2010	0.324	0.329	0.218	0.242	0.239	1.81	3.76	4.82	5.85	7.1
CAF310	12/21/2010	0.322	0.328	0.218	0.242	0.239	1.77	3.66	4.71	5.77	7.05
CAF310	12/22/2010	0.32	0.327	0.218	0.241	0.239	1.7	3.57	4.57	5.7	7
CAF310	12/23/2010	0.32	0.326	0.218	0.241	0.239	1.7	3.5	4.5	5.6	6.92
CAF310	12/24/2010	0.319	0.325	0.218	0.241	0.239	1.7	3.42	4.42	5.51	6.86
CAF310	12/25/2010	0.319	0.324	0.219	0.241	0.239	1.7	3.4	4.36	5.42	6.8
CAF310	12/26/2010	0.319	0.324	0.219	0.241	0.239	1.7	3.32	4.3	5.4	6.72
CAF310	12/27/2010	0.322	0.324	0.219	0.241	0.239	1.7	3.3	4.2	5.3	6.68
CAF310	12/28/2010	0.344	0.327	0.219	0.241	0.239	1.63	3.28	4.2	5.26	6.6
CAF310	12/29/2010	0.354	0.34	0.22	0.241	0.239	1.58	3.2	4.11	5.2	6.55
CAF310	12/30/2010	0.345	0.338	0.22	0.241	0.239	1.6	3.13	4.01	5.12	6.5
CAF310	12/31/2010	0.341	0.337	0.223	0.241	0.239	1.7	3.18	4	5.08	6.43
CAF310	01/01/2011	0.338	0.336	0.238	0.241	0.239	1.7	3.2	3.95	5	6.4
CAF310	01/02/2011	0.336	0.335	0.271	0.241	0.239	1.7	3.2	3.9	4.98	6.3
CAF310	01/03/2011	0.334	0.334	0.31	0.241	0.239	1.7	3.2	3.9	4.9	6.3
CAF310	01/04/2011	0.332	0.333	0.326	0.241	0.239	1.7	3.13	3.87	4.9	6.21
CAF310	01/05/2011	0.331	0.332	0.332	0.241	0.239	1.7	3.1	3.9	4.84	6.2
CAF310	01/06/2011	0.33	0.332	0.336	0.241	0.239	1.7	3.1	3.9	4.8	6.13
CAF310	01/07/2011	0.334	0.332	0.339	0.241	0.239	1.7	3.1	3.81	4.8	6.1
CAF310	01/08/2011	0.344	0.334	0.341	0.241	0.239	1.68	3.1	3.8	4.72	6.09
CAF310	01/09/2011	0.341	0.336	0.344	0.241	0.239	1.7	3.1	3.77	4.7	6
CAF310	01/10/2011	0.339	0.336	0.347	0.241	0.239	1.66	3.1	3.8	4.69	6
CAF310	01/11/2011	0.336	0.335	0.349	0.241	0.239	1.6	3.01	3.74	4.6	5.93
CAF310	01/12/2011	0.333	0.335	0.349	0.241	0.239	1.53	3	3.7	4.6	5.9
CAF310	01/13/2011	0.36	0.338	0.351	0.241	0.239	1.43	2.97	3.7	4.6	5.9
CAF310	01/14/2011	0.371	0.354	0.358	0.241	0.239	1.3	2.77	3.59	4.48	5.8
CAF310	01/15/2011	0.352	0.344	0.358	0.241	0.238	2.16	2.77	3.5	4.35	5.79
CAF310	01/16/2011	0.369	0.35	0.358	0.254	0.238	3.33	3.08	3.51	4.27	5.7
CAF310	01/17/2011	0.354	0.346	0.359	0.335	0.238	4.47	3.57	3.65	4.21	5.65
CAF310	01/18/2011	0.348	0.343	0.358	0.344	0.238	4	3.97	3.89	4.3	5.6
CAF310	01/19/2011	0.344	0.342	0.359	0.347	0.238	3.27	4.03	4.07	4.41	5.6
CAF310	01/20/2011	0.341	0.341	0.359	0.348	0.238	2.6	3.9	4.19	4.5	5.6
CAF310	01/21/2011	0.351	0.341	0.359	0.35	0.238	2.16	3.71	4.2	4.58	5.6
CAF310	01/22/2011	0.355	0.346	0.36	0.351	0.238	2.09	3.52	4.11	4.6	5.6
CAF310	01/23/2011	0.348	0.344	0.36	0.352	0.238	2.23	3.46	4.02	4.6	5.6
CAF310	01/24/2011	0.345	0.343	0.36	0.353	0.238	2.38	3.48	4	4.51	5.6
CAF310	01/25/2011	0.348	0.342	0.36	0.354	0.238	2.72	3.5	4	4.5	5.58
CAF310	01/26/2011	0.346	0.342	0.36	0.355	0.239	3.01	3.62	4	4.5	5.5
CAF310	01/27/2011	0.344	0.342	0.36	0.355	0.239	3.07	3.7	4.09	4.5	5.5
CAF310	01/28/2011	0.342	0.342	0.36	0.356	0.239	3.18	3.8	4.1	4.5	5.5
CAF310	01/29/2011	0.341	0.341	0.36	0.357	0.239	3.35	3.88	4.17	4.54	5.5
CAF310	01/30/2011	0.354	0.343	0.36	0.357	0.239	3.23	3.97	4.2	4.6	5.5
CAF310	01/31/2011	0.348	0.344	0.36	0.358	0.239	2.63	3.91	4.26	4.6	5.5
CAF310	02/01/2011	0.342	0.343	0.36	0.359	0.239	2.02	3.72	4.22	4.6	5.5
CAF310	02/02/2011	0.338	0.341	0.36	0.359	0.241	1.62	3.5	4.17	4.6	5.5
CAF310	02/03/2011	0.335	0.34	0.36	0.36	0.242	1.37	3.3	4.07	4.6	5.5
CAF310	02/04/2011	0.332	0.339	0.359	0.36	0.245	1.28	3.14	3.96	4.51	5.49
CAF310	02/05/2011	0.33	0.338	0.359	0.36	0.249	1.2	3.02	3.86	4.48	5.4
CAF310	02/06/2011	0.329	0.337	0.358	0.36	0.256	1.2	2.93	3.78	4.4	5.4
CAF310	02/07/2011	0.329	0.337	0.358	0.36	0.267	1.2	2.87	3.7	4.33	5.36
CAF310	02/08/2011	0.33	0.336	0.358	0.361	0.276	1.2	2.8	3.62	4.3	5.3
CAF310	02/09/2011	0.33	0.336	0.357	0.361	0.282	1.2	2.79	3.54	4.2	5.29
CAF310	02/10/2011	0.33	0.335	0.357	0.361	0.286	1.2	2.7	3.5	4.2	5.2
CAF310	02/11/2011	0.33	0.335	0.357	0.361	0.289	1.2	2.7	3.5	4.1	5.2
CAF310	02/12/2011	0.329	0.335	0.357	0.361	0.291	1.2	2.7	3.43	4.1	5.13
CAF310	02/13/2011	0.331	0.335	0.357	0.361	0.293	1.37	2.7	3.4	4.02	5.1
CAF310	02/14/2011	0.333	0.335	0.356	0.361	0.294	1.98	2.74	3.4	4	5.1
CAF310	02/15/2011	0.333	0.336	0.357	0.362	0.295	2.5	2.99	3.43	4	5
CAF310	02/16/2011	0.343	0.337	0.357	0.362	0.296	2.2	3.1	3.5	4	5
CAF310	02/17/2011	0.343	0.339	0.357	0.362	0.297	2.03	3.1	3.59	4	5
CAF310	02/18/2011	0.341	0.339	0.358	0.362	0.298	2	3.1	3.6	4	5
CAF310	02/19/2011	0.339	0.339	0.358	0.363	0.299	1.91	3.1	3.57	4	5
CAF310	02/20/2011	0.338	0.339	0.358	0.363	0.3	1.8	3.07	3.6	4	5
CAF310	02/21/2011	0.337	0.339	0.358	0.363	0.302	1.8	3	3.6	4	5
CAF310	02/22/2011	0.336	0.339	0.358	0.363	0.303	1.8	3	3.55	4	4.95
CAF310	02/23/2011	0.335	0.339	0.358	0.364	0.304	1.8	3	3.5	4	4.9
CAF310	02/24/2011	0.335	0.338	0.358	0.364	0.305	1.8	3	3.5	4	4.9
CAF310	02/25/2011	0.334	0.338	0.358	0.364	0.306	1.8	3	3.5	4	4.9
CAF310	02/26/2011	0.334	0.338	0.357	0.364	0.307	1.78	2.97	3.47	4	4.9
CAF310	02/27/2011	0.333	0.338	0.357	0.365	0.308	1.7	2.9	3.5	3.99	4.9
CAF310	02/28/2011	0.332	0.338	0.357	0.365	0.309	1.7	2.9	3.5	3.9	4.9
CAF310	03/01/2011	0.332	0.338	0.357	0.365	0.309	1.7	2.9	3.46	3.9	4.87
CAF310	03/02/2011	0.342	0.339	0.357	0.365	0.31	1.65	2.9	3.4	3.9	4.8
CAF310	03/03/2011	0.358	0.345	0.359	0.365	0.311	1.46	2.8	3.37	3.9	4.8
CAF310	03/04/2011	0.353	0.344	0.359	0.366	0.312	1.5	2.8	3.4	3.9	4.8
CAF310	03/05/2011	0.356	0.345	0.359	0.366	0.314	1.53	2.8	3.37	3.83	4.8
CAF310	03/06/2011	0.355	0.346	0.36	0.366	0.317	1.5	2.68	3.27	3.8	4.8
CAF310	03/07/2011	0.352	0.345	0.36	0.366	0.321	1.5	2.7	3.3	3.8	4.73
CAF310	03/08/2011	0.35	0.345	0.36	0.367	0.326	1.5	2.7	3.3	3.8	4.7
CAF310	03/09/2011	0.357	0.347	0.36	0.367	0.329	1.48	2.7	3.3	3.75	4.7
CAF310	03/10/2011	0.375	0.36	0.362	0.368	0.34	1.32	2.59	3.2	3.69	4.67
CAF310	03/11/2011	0.361	0.352	0.361	0.368	0.345	1.3	2.5	3.1	3.6	4.58
CAF310	03/12/2011	0.363	0.351	0.361	0.367	0.344	1.37	2.5	3.06	3.56	4.5
CAF310	03/13/2011	0.371	0.358	0.362	0.369	0.347	1.33	2.4	2.98	3.49	4.48
CAF310	03/14/2011	0.36	0.351	0.361	0.368	0.347	2.04	2.44	2.87	3.4	4.4
CAF310	03/15/2011	0.353	0.347	0.361	0.367	0.345	2.7	2.7	2.96	3.4	4.35
CAF310	03/16/2011	0.36	0.349	0.361	0.367	0.344	3.08	2.97	3.06	3.4	4.3
CAF310	03/17/2011	0.352	0.348	0.361	0.368	0.344	3.08	3.17	3.18	3.43	4.3
CAF310	03/18/2011	0.348	0.346	0.361	0.368	0.343	3.05	3.28	3.27	3.5	4.3
CAF310	03/19/2011	0.347	0.345	0.361	0.368	0.342	3.28	3.37	3.39	3.57	4.33
CAF310	03/20/2011	0.346	0.345	0.361	0.368	0.342	2.88	3.46	3.48	3.6	4.4
CAF310	03/21/2011	0.352	0.345	0.361	0.368	0.341	3.12	3.42	3.5	3.7	4.4
CAF310	03/22/2011	0.357	0.349	0.362	0.368	0.341	3.4	3.54	3.6	3.7	4.4
CAF310	03/23/2011	0.351	0.348	0.362	0.369	0.341	3.49	3.65	3.6	3.79	4.48
CAF310	03/24/2011	0.348	0.347	0.362	0.369	0.342	3.96	3.75	3.7	3.8	4.5
CAF310	03/25/2011	0.347	0.346	0.362	0.369	0.342	4.48	3.98	3.8	3.88	4.5
CAF310	03/26/2011	0.345	0.346	0.362	0.369	0.341	4.37	4.17	3.93	3.93	4.52
CAF310	03/27/2011	0.348	0.346	0.362	0.369	0.341	4.57	4.28	4.04	4	4.6
CAF310	03/28/2011	0.348	0.346	0.363	0.37	0.34	4.75	4.43	4.14	4.09	4.6
CAF310	03/29/2011	0.347	0.347	0.363	0.37	0.34	4.52	4.5	4.24	4.16	4.67
CAF310	03/30/2011	0.366	0.351	0.364	0.371	0.34	4.85	4.55	4.31	4.22	4.7
CAF310	03/31/2011	0.358	0.352	0.364	0.371	0.341	5.82	4.75	4.35	4.3	4.76
CAF310	04/01/2011	0.353	0.351	0.364	0.371	0.344	6.2	5.1	4.55	4.38	4.8
CAF310	04/02/2011	0.365	0.354	0.365	0.372	0.344	6.78	5.45	4.73	4.47	4.81
CAF310	04/03/2011	0.357	0.353	0.366	0.372	0.345	5.72	5.63	4.94	4.57	4.87
CAF310	04/04/2011	0.356	0.352	0.365	0.373	0.346	5.17	5.46	5.05	4.71	4.98
CAF310	04/05/2011	0.366	0.357	0.366	0.373	0.346	5.18	5.32	5.03	4.8	5.03
CAF310	04/06/2011	0.355	0.353	0.366	0.373	0.347	4.82	5.27	5.1	4.85	5.1
CAF310	04/07/2011	0.351	0.351	0.365	0.373	0.346	4.4	5.12	5.08	4.9	5.15
CAF310	04/08/2011	0.349	0.35	0.365	0.373	0.345	4.42	4.97	5	4.9	5.17
CAF310	04/09/2011	0.348	0.349	0.365	0.373	0.345	4.86	4.97	5	4.9	5.2
CAF310	04/10/2011	0.346	0.348	0.365	0.374	0.344	5.17	5.06	5	4.9	5.25
CAF310	04/11/2011	0.345	0.348	0.365	0.374	0.343	5.39	5.17	5	4.9	5.3
CAF310	04/12/2011	0.344	0.347	0.364	0.374	0.343	5.26	5.29	5.07	4.91	5.3
CAF310	04/13/2011	0.343	0.347	0.364	0.374	0.342	5.34	5.35	5.1	5	5.3
CAF310	04/14/2011	0.341	0.346	0.364	0.374	0.342	4.86	5.3	5.17	5	5.31
CAF310	04/15/2011	0.341	0.346	0.364	0.374	0.341	5.14	5.22	5.17	5	5.4
CAF310	04/16/2011	0.346	0.346	0.364	0.375	0.341	5.9	5.37	5.2	5.09	5.4
CAF310	04/17/2011	0.347	0.346	0.364	0.375	0.34	6.21	5.62	5.24	5.1	5.4
CAF310	04/18/2011	0.345	0.347	0.364	0.375	0.34	5.63	5.72	5.35	5.1	5.42
CAF310	04/19/2011	0.343	0.347	0.364	0.375	0.34	5.06	5.61	5.4	5.2	5.5
CAF310	04/20/2011	0.341	0.346	0.364	0.375	0.339	4.93	5.47	5.37	5.2	5.5
CAF310	04/21/2011	0.34	0.346	0.364	0.375	0.339	5.24	5.4	5.4	5.2	5.5
CAF310	04/22/2011	0.339	0.345	0.364	0.375	0.339	5.18	5.45	5.4	5.2	5.57
CAF310	04/23/2011	0.338	0.345	0.364	0.376	0.338	5.48	5.48	5.4	5.25	5.6
CAF310	04/24/2011	0.339	0.345	0.363	0.376	0.338	6.24	5.61	5.4	5.3	5.6
CAF310	04/25/2011	0.338	0.345	0.363	0.376	0.338	6.54	5.82	5.48	5.3	5.6
CAF310	04/26/2011	0.343	0.345	0.364	0.376	0.338	5.99	5.96	5.58	5.32	5.6
CAF310	04/27/2011	0.342	0.345	0.364	0.376	0.338	6.09	5.9	5.64	5.4	5.65
CAF310	04/28/2011	0.342	0.346	0.364	0.376	0.337	6.48	6.01	5.7	5.4	5.7
CAF310	04/29/2011	0.341	0.346	0.364	0.376	0.337	5.9	6.07	5.75	5.5	5.7
CAF310	04/30/2011	0.34	0.346	0.364	0.377	0.337	5.63	5.94	5.8	5.5	5.7
CAF310	05/01/2011	0.34	0.345	0.364	0.377	0.337	6.36	5.9	5.8	5.5	5.8
CAF310	05/02/2011	0.34	0.346	0.364	0.377	0.337	7.14	6.15	5.8	5.55	5.8
CAF310	05/03/2011	0.345	0.347	0.364	0.377	0.336	6.6	6.3	5.87	5.6	5.8
CAF310	05/04/2011	0.344	0.347	0.364	0.377	0.336	6.71	6.3	6	5.62	5.82
CAF310	05/05/2011	0.344	0.347	0.364	0.377	0.336	7.65	6.43	6	5.7	5.9
CAF310	05/06/2011	0.342	0.348	0.364	0.378	0.336	7.8	6.73	6.15	5.72	5.9
CAF310	05/07/2011	0.343	0.348	0.364	0.378	0.336	7.92	6.84	6.24	5.8	5.91
CAF310	05/08/2011	0.342	0.348	0.365	0.378	0.336	8.23	7.05	6.38	5.88	6
CAF310	05/09/2011	0.342	0.348	0.365	0.378	0.336	8.14	7.19	6.53	5.97	6.01
CAF310	05/10/2011	0.343	0.348	0.365	0.378	0.336	8.04	7.25	6.6	6	6.1
CAF310	05/11/2011	NA	NA	NA	NA	NA	NA	NA	NA	NA	NA
CAF310	05/13/2011	0.345	0.348	0.366	0.38	0.337	9.89	8.2	7.2	6.39	6.3
CAF310	05/14/2011	0.346	0.348	0.366	0.38	0.336	11.09	8.45	7.33	6.47	6.31
CAF310	05/15/2011	0.345	0.349	0.366	0.38	0.337	11.6	8.96	7.57	6.62	6.4
CAF310	05/16/2011	0.367	0.355	0.367	0.38	0.337	10.15	9.17	7.83	6.78	6.49
CAF310	05/17/2011	0.362	0.358	0.369	0.381	0.337	9.16	8.87	8	6.95	6.58
CAF310	05/18/2011	0.358	0.356	0.369	0.382	0.338	9.68	8.7	7.97	7.08	6.69
CAF310	05/19/2011	0.356	0.355	0.37	0.382	0.34	10.37	8.82	8.01	7.18	6.79
CAF310	05/20/2011	0.354	0.355	0.37	0.382	0.342	11.24	9.06	8.12	7.23	6.88
CAF310	05/21/2011	0.353	0.355	0.37	0.382	0.344	12.31	9.46	8.26	7.33	6.95
CAF310	05/22/2011	0.351	0.355	0.37	0.383	0.344	12.42	9.87	8.49	7.45	7.01
CAF310	05/23/2011	0.348	0.354	0.37	0.383	0.345	12	10.04	8.71	7.59	7.1
CAF310	05/24/2011	0.346	0.354	0.37	0.383	0.345	11.69	10.1	8.86	7.75	7.2
CAF310	05/25/2011	0.345	0.353	0.37	0.384	0.345	11.18	10.02	8.97	7.87	7.29
CAF310	05/26/2011	0.357	0.354	0.37	0.384	0.345	10.82	9.95	9.06	7.98	7.39
CAF310	05/27/2011	0.356	0.356	0.371	0.384	0.345	10.28	9.76	9.1	8.06	7.48
CAF310	05/28/2011	0.353	0.355	0.371	0.384	0.344	10.41	9.57	9.07	8.1	7.56
CAF310	05/29/2011	0.352	0.355	0.371	0.384	0.344	10.94	9.66	9.1	8.13	7.61
CAF310	05/30/2011	0.35	0.354	0.37	0.384	0.344	10.98	9.78	9.19	8.2	7.7
CAF310	05/31/2011	0.349	0.354	0.37	0.384	0.344	11.33	9.86	9.28	8.2	7.72
CAF310	06/01/2011	0.349	0.353	0.369	0.384	0.344	11.2	9.98	9.34	8.28	7.8
CAF310	06/02/2011	0.35	0.353	0.369	0.384	0.344	10.6	9.97	9.4	8.3	7.83
CAF310	06/03/2011	0.35	0.352	0.369	0.385	0.344	10.13	9.76	9.43	8.39	7.9
CAF310	06/04/2011	0.351	0.352	0.369	0.385	0.344	11.4	9.78	9.4	8.4	7.93
CAF310	06/05/2011	0.351	0.352	0.369	0.385	0.343	12.7	10.15	9.4	8.4	8
CAF310	06/06/2011	0.35	0.353	0.369	0.385	0.343	13.52	10.68	9.65	8.49	8
CAF310	06/07/2011	0.348	0.352	0.37	0.385	0.343	13.47	11.02	9.89	8.58	8.1
CAF310	06/08/2011	0.345	0.352	0.37	0.385	0.343	13.42	11.25	10.1	8.72	8.14
CAF310	06/09/2011	0.342	0.352	0.37	0.386	0.342	12.58	11.24	10.25	8.86	8.21
CAF310	06/10/2011	0.339	0.35	0.37	0.386	0.342	13.05	11.17	10.27	8.97	8.3
CAF310	06/11/2011	0.337	0.35	0.37	0.386	0.342	13.97	11.36	10.39	9.06	8.39
CAF310	06/12/2011	0.335	0.349	0.37	0.386	0.342	14.86	11.68	10.5	9.15	8.47
CAF310	06/13/2011	0.332	0.349	0.369	0.386	0.342	15	12.12	10.74	9.26	8.54
CAF310	06/14/2011	0.327	0.348	0.369	0.386	0.341	14.27	12.23	10.97	9.39	8.62
CAF310	06/15/2011	0.323	0.347	0.369	0.386	0.341	14.43	12.28	11.12	9.53	8.71
CAF310	06/16/2011	0.319	0.346	0.369	0.387	0.341	13.59	12.25	11.2	9.64	8.81
CAF310	06/17/2011	0.315	0.344	0.369	0.387	0.34	12.94	11.96	11.2	9.73	8.9
CAF310	06/18/2011	0.313	0.343	0.368	0.387	0.34	13.68	11.94	11.2	9.8	9
CAF310	06/19/2011	0.311	0.342	0.368	0.387	0.34	13.34	11.97	11.25	9.81	9.07
CAF310	06/20/2011	0.308	0.341	0.367	0.387	0.339	13.88	11.97	11.3	9.9	9.1
CAF310	06/21/2011	0.304	0.34	0.367	0.387	0.339	14.87	12.2	11.35	9.9	9.2
CAF310	06/22/2011	0.298	0.339	0.367	0.387	0.339	15.85	12.57	11.5	9.98	9.22
CAF310	06/23/2011	0.292	0.337	0.366	0.387	0.338	16.52	13.04	11.7	10.06	9.3
CAF310	06/24/2011	0.286	0.336	0.366	0.387	0.338	15.64	13.25	11.94	10.18	9.36
CAF310	06/25/2011	0.281	0.334	0.366	0.387	0.337	15.35	13.18	12.08	10.33	9.45
CAF310	06/26/2011	0.275	0.331	0.366	0.388	0.337	15.28	13.13	12.13	10.44	9.53
CAF310	06/27/2011	0.27	0.329	0.365	0.388	0.337	15.64	13.17	12.2	10.51	9.61
CAF310	06/28/2011	0.264	0.326	0.365	0.388	0.336	16.22	13.33	12.25	10.6	9.7
CAF310	06/29/2011	0.261	0.324	0.364	0.388	0.335	16.62	13.58	12.37	10.68	9.78
CAF310	06/30/2011	0.257	0.322	0.364	0.388	0.335	16.31	13.72	12.52	10.77	9.84
CAF310	07/01/2011	0.252	0.319	0.363	0.388	0.334	15.85	13.7	12.61	10.87	9.91
CAF310	07/02/2011	0.249	0.316	0.363	0.388	0.334	16.03	13.66	12.7	10.96	10
CAF310	07/03/2011	0.247	0.312	0.362	0.388	0.333	16.67	13.78	12.71	11.01	10.09
CAF310	07/04/2011	0.245	0.308	0.361	0.388	0.333	16.88	13.98	12.82	11.1	10.13
CAF310	07/05/2011	0.243	0.304	0.36	0.388	0.332	17.08	14.16	12.93	11.18	10.2
CAF310	07/06/2011	0.24	0.298	0.359	0.388	0.331	17.33	14.28	13.04	11.27	10.29
CAF310	07/07/2011	0.238	0.293	0.358	0.388	0.33	17.79	14.46	13.15	11.36	10.36
CAF310	07/08/2011	0.236	0.288	0.357	0.387	0.33	17.75	14.67	13.28	11.45	10.42
CAF310	07/09/2011	0.234	0.283	0.355	0.387	0.329	17.02	14.66	13.4	11.55	10.5
CAF310	07/10/2011	0.233	0.278	0.354	0.387	0.33	16.84	14.56	13.44	11.64	10.6
CAF310	07/11/2011	0.231	0.273	0.352	0.387	0.329	17	14.5	13.5	11.7	10.67
CAF310	07/12/2011	0.23	0.269	0.35	0.387	0.329	17.65	14.59	13.5	11.75	10.72
CAF310	07/13/2011	0.23	0.267	0.349	0.386	0.328	17.41	14.78	13.56	11.8	10.8
CAF310	07/14/2011	0.228	0.265	0.349	0.386	0.327	16.2	14.66	13.65	11.88	10.85
CAF310	07/15/2011	0.227	0.262	0.347	0.386	0.327	15.85	14.36	13.61	11.9	10.9
CAF310	07/16/2011	0.226	0.258	0.346	0.385	0.326	16.4	14.29	13.6	11.99	11
CAF310	07/17/2011	0.225	0.255	0.344	0.385	0.325	16.69	14.32	13.6	12	11
CAF310	07/18/2011	0.224	0.252	0.343	0.384	0.324	17.36	14.48	13.6	12	11.08
CAF310	07/19/2011	0.223	0.25	0.341	0.383	0.323	17.37	14.69	13.65	12	11.1
CAF310	07/20/2011	0.222	0.249	0.34	0.383	0.322	16.73	14.67	13.73	12.09	11.13
CAF310	07/21/2011	0.221	0.248	0.338	0.382	0.321	16.62	14.58	13.8	12.1	11.2
CAF310	07/22/2011	0.22	0.247	0.336	0.38	0.321	16.84	14.56	13.8	12.18	11.26
CAF310	07/23/2011	0.219	0.246	0.335	0.38	0.319	16.57	14.56	13.8	12.2	11.3
CAF310	07/24/2011	0.218	0.245	0.332	0.378	0.317	16.83	14.53	13.8	12.2	11.3
CAF310	07/25/2011	0.217	0.243	0.33	0.377	0.316	17.67	14.67	13.8	12.2	11.38
CAF310	07/26/2011	0.216	0.242	0.328	0.375	0.315	17.86	14.94	13.86	12.24	11.4
CAF310	07/27/2011	0.215	0.241	0.326	0.374	0.313	17.57	15.03	13.98	12.3	11.4
CAF310	07/28/2011	0.214	0.24	0.325	0.372	0.311	17.37	14.98	14.02	12.36	11.47
CAF310	07/29/2011	0.214	0.238	0.322	0.369	0.307	17.54	14.99	14.1	12.4	11.5
CAF310	07/30/2011	0.213	0.237	0.32	0.367	0.304	17.9	15.08	14.1	12.41	11.53
CAF310	07/31/2011	0.212	0.236	0.319	0.365	0.3	18.61	15.28	14.18	12.5	11.6
CAF310	08/01/2011	0.212	0.235	0.317	0.363	0.296	18.88	15.55	14.29	12.52	11.6
CAF310	08/02/2011	0.211	0.234	0.315	0.361	0.292	19.1	15.69	14.42	12.6	11.67
CAF310	08/03/2011	0.213	0.233	0.313	0.359	0.287	19.33	15.88	14.54	12.67	11.7
CAF310	08/04/2011	0.212	0.232	0.311	0.357	0.282	19.28	15.96	14.65	12.75	11.75
CAF310	08/05/2011	0.212	0.231	0.308	0.354	0.277	19.65	16.08	14.73	12.8	11.8
CAF310	08/06/2011	0.212	0.23	0.306	0.352	0.273	19.53	16.18	14.84	12.9	11.85
CAF310	08/07/2011	0.211	0.229	0.304	0.35	0.268	19.35	16.19	14.9	12.96	11.9
CAF310	08/08/2011	0.21	0.228	0.301	0.347	0.263	19.28	16.17	14.99	13	11.96
CAF310	08/09/2011	0.209	0.227	0.299	0.344	0.258	19.15	16.16	15	13.09	12.08
CAF310	08/10/2011	0.209	0.226	0.296	0.342	0.256	18.88	16.13	15	13.1	12.2
CAF310	08/11/2011	0.208	0.225	0.293	0.339	0.255	18.63	16.04	15.01	13.14	12.2
CAF310	08/12/2011	0.208	0.224	0.291	0.337	0.254	18.57	15.97	15	13.2	12.25
CAF310	08/13/2011	0.208	0.223	0.288	0.334	0.252	18.86	15.97	15	13.2	12.3
CAF310	08/14/2011	0.207	0.223	0.286	0.332	0.251	19.04	16.07	15.07	13.2	12.3
CAF310	08/15/2011	0.207	0.222	0.284	0.33	0.25	19	16.14	15.1	13.2	12.3
CAF310	08/16/2011	0.207	0.222	0.282	0.329	0.25	18.37	16.03	15.1	13.28	12.4
CAF310	08/17/2011	0.206	0.221	0.279	0.327	0.249	18.43	15.94	15.1	13.3	12.4
CAF310	08/18/2011	0.206	0.221	0.277	0.325	0.249	18.6	15.93	15.1	13.3	12.4
CAF310	08/19/2011	0.206	0.221	0.275	0.324	0.248	18.59	15.93	15.1	13.3	12.4
CAF310	08/20/2011	0.206	0.22	0.273	0.322	0.248	18.82	15.95	15.1	13.3	12.5
CAF310	08/21/2011	0.206	0.22	0.271	0.321	0.247	18.94	16.03	15.1	13.3	12.5
CAF310	08/22/2011	0.206	0.22	0.269	0.319	0.246	19.3	16.11	15.17	13.31	12.5
CAF310	08/23/2011	0.206	0.22	0.267	0.318	0.246	19.73	16.28	15.23	13.4	12.5
CAF310	08/24/2011	0.206	0.22	0.266	0.317	0.245	19.87	16.47	15.33	13.4	12.53
CAF310	08/25/2011	0.206	0.22	0.265	0.316	0.244	20.5	16.65	15.42	13.49	12.6
CAF310	08/26/2011	0.207	0.22	0.264	0.316	0.244	21.07	16.84	15.5	13.5	12.6
CAF310	08/27/2011	NA	NA	NA	NA	NA	NA	NA	NA	NA	NA
CAF310	11/06/2012	0.304	0.199	0.231	0.285	0.28	10.32	10.3	10.5	10.8	10.6
CAF310	11/07/2012	0.303	0.2	0.231	0.285	0.28	10.27	10.36	10.5	10.88	10.6
CAF310	11/08/2012	0.3	0.2	0.231	0.285	0.28	9.06	10.26	10.55	10.9	10.6
CAF310	11/09/2012	0.299	0.2	0.231	0.285	0.28	7.92	9.8	10.46	10.9	10.6
CAF310	11/10/2012	0.298	0.199	0.231	0.285	0.28	6.86	9.27	10.27	10.87	10.6
CAF310	11/11/2012	0.297	0.199	0.231	0.284	0.28	5.81	8.69	9.99	10.77	10.58
CAF310	11/12/2012	0.297	0.198	0.23	0.284	0.28	5.13	8.11	9.68	10.64	10.5
CAF310	11/13/2012	0.33	0.198	0.23	0.284	0.279	4.78	7.64	9.34	10.46	10.43
CAF310	11/14/2012	0.344	0.198	0.23	0.284	0.279	4.85	7.27	9.03	10.27	10.34
CAF310	11/15/2012	0.338	0.198	0.229	0.284	0.279	5.19	7.1	8.76	10.07	10.23
CAF310	11/16/2012	0.333	0.199	0.229	0.283	0.279	5.34	7.1	8.58	9.9	10.12
CAF310	11/17/2012	0.33	0.199	0.229	0.283	0.279	5.59	7.1	8.47	9.75	9.99
CAF310	11/18/2012	0.33	0.199	0.229	0.283	0.278	5.82	7.15	8.4	9.63	9.87
CAF310	11/19/2012	0.358	0.199	0.229	0.282	0.278	5.64	7.12	8.33	9.53	9.78
CAF310	11/20/2012	0.374	0.2	0.229	0.282	0.277	6.05	7.06	8.28	9.45	9.68
CAF310	11/21/2012	0.368	0.227	0.23	0.282	0.277	6.48	7.16	8.2	9.39	9.6
CAF310	11/22/2012	0.356	0.282	0.229	0.282	0.277	5.89	7.25	8.2	9.3	9.5
CAF310	11/23/2012	0.35	0.303	0.23	0.282	0.277	5.29	7.03	8.17	9.28	9.42
CAF310	11/24/2012	0.367	0.312	0.229	0.282	0.277	5.41	6.83	8.05	9.2	9.37
CAF310	11/25/2012	0.358	0.323	0.229	0.281	0.277	5.48	6.8	7.93	9.11	9.3
CAF310	11/26/2012	0.353	0.325	0.229	0.281	0.277	4.84	6.66	7.85	9.03	9.22
CAF310	11/27/2012	0.349	0.324	0.229	0.281	0.277	4.26	6.38	7.73	8.96	9.15
CAF310	11/28/2012	0.346	0.324	0.229	0.281	0.277	4.2	6.13	7.55	8.86	9.09
CAF310	11/29/2012	0.346	0.323	0.229	0.28	0.276	4.56	6	7.39	8.75	9
CAF310	11/30/2012	0.358	0.323	0.229	0.28	0.276	5.21	6.07	7.3	8.63	8.91
CAF310	12/01/2012	0.355	0.324	0.229	0.28	0.276	5.72	6.28	7.3	8.55	8.83
CAF310	12/02/2012	0.377	0.34	0.229	0.279	0.276	5.82	6.44	7.3	8.5	8.75
CAF310	12/03/2012	0.364	0.345	0.229	0.279	0.276	5.63	6.5	7.3	8.49	8.7
CAF310	12/04/2012	0.369	0.345	0.229	0.279	0.275	5.59	6.5	7.3	8.4	8.61
CAF310	12/05/2012	0.369	0.347	0.23	0.279	0.275	5.84	6.53	7.3	8.4	8.6
CAF310	12/06/2012	0.363	0.347	0.23	0.279	0.275	5.35	6.57	7.3	8.4	8.51
CAF310	12/07/2012	0.366	0.347	0.23	0.28	0.275	4.79	6.39	7.28	8.37	8.5
CAF310	12/08/2012	0.368	0.35	0.231	0.28	0.275	4.23	6.12	7.16	8.3	8.43
CAF310	12/09/2012	0.36	0.348	0.241	0.28	0.275	3.69	5.84	7.01	8.24	8.4
CAF310	12/10/2012	0.356	0.346	0.309	0.28	0.275	3.34	5.55	6.84	8.15	8.33
CAF310	12/11/2012	0.356	0.344	0.334	0.28	0.275	3.15	5.3	6.65	8.04	8.28
CAF310	12/12/2012	0.37	0.345	0.341	0.279	0.274	3.1	5.11	6.48	7.92	8.2
CAF310	12/13/2012	0.366	0.348	0.348	0.279	0.274	3.12	4.96	6.31	7.78	8.1
CAF310	12/14/2012	0.361	0.347	0.351	0.279	0.274	3.01	4.87	6.17	7.66	8.02
CAF310	12/15/2012	0.357	0.346	0.353	0.279	0.274	2.87	4.75	6.06	7.54	7.93
CAF310	12/16/2012	0.356	0.345	0.353	0.278	0.273	2.85	4.64	5.95	7.43	7.83
CAF310	12/17/2012	0.36	0.344	0.354	0.278	0.273	2.85	4.57	5.85	7.33	7.74
CAF310	12/18/2012	0.362	0.347	0.356	0.278	0.273	2.75	4.49	5.77	7.23	7.65
CAF310	12/19/2012	0.358	0.346	0.357	0.278	0.273	2.56	4.39	5.68	7.13	7.57
CAF310	12/20/2012	0.355	0.344	0.357	0.278	0.272	2.44	4.28	5.59	7.05	7.48
CAF310	12/21/2012	0.353	0.344	0.357	0.278	0.272	2.4	4.19	5.5	6.96	7.4
CAF310	12/22/2012	0.352	0.343	0.357	0.278	0.272	2.4	4.1	5.4	6.85	7.3
CAF310	12/23/2012	0.353	0.342	0.357	0.278	0.272	2.4	4.06	5.33	6.8	7.22
CAF310	12/24/2012	0.354	0.342	0.357	0.278	0.271	2.46	4	5.28	6.7	7.15
CAF310	12/25/2012	0.354	0.342	0.357	0.279	0.271	2.5	4	5.17	6.64	7.08
CAF310	12/26/2012	0.354	0.342	0.357	0.28	0.271	2.6	4	5.17	6.6	7
CAF310	12/27/2012	0.353	0.342	0.357	0.281	0.271	2.61	4	5.1	6.5	6.93
CAF310	12/28/2012	0.353	0.342	0.357	0.283	0.271	2.7	4	5.07	6.5	6.87
CAF310	12/29/2012	0.353	0.342	0.357	0.285	0.27	2.7	4	5.1	6.4	6.8
CAF310	12/30/2012	0.352	0.342	0.357	0.287	0.27	2.7	4	5.04	6.4	6.73
CAF310	12/31/2012	0.352	0.342	0.357	0.29	0.27	2.7	4	5	6.35	6.7
CAF310	01/01/2013	0.351	0.341	0.357	0.293	0.27	2.7	4	5	6.3	6.62
CAF310	01/02/2013	0.351	0.341	0.357	0.296	0.27	2.68	3.9	5	6.3	6.6
CAF310	01/03/2013	0.35	0.341	0.357	0.3	0.27	2.49	3.9	4.94	6.25	6.54
CAF310	01/04/2013	0.348	0.34	0.357	0.304	0.27	2.25	3.83	4.9	6.2	6.5
CAF310	01/05/2013	0.347	0.34	0.357	0.308	0.269	2.14	3.75	4.88	6.2	6.46
CAF310	01/06/2013	0.347	0.339	0.356	0.312	0.269	2.1	3.7	4.8	6.14	6.4
CAF310	01/07/2013	0.346	0.339	0.356	0.316	0.269	2.1	3.61	4.77	6.1	6.39
CAF310	01/08/2013	0.346	0.338	0.356	0.32	0.269	2.1	3.6	4.7	6.09	6.3
CAF310	01/09/2013	0.379	0.347	0.357	0.323	0.269	1.93	3.52	4.67	6	6.3
CAF310	01/10/2013	0.37	0.35	0.36	0.338	0.268	1.94	3.4	4.55	5.95	6.21
CAF310	01/11/2013	0.362	0.347	0.359	0.345	0.268	2	3.4	4.5	5.9	6.19
CAF310	01/12/2013	0.358	0.345	0.359	0.347	0.268	2	3.4	4.5	5.84	6.1
CAF310	01/13/2013	0.355	0.344	0.359	0.348	0.268	2	3.4	4.48	5.8	6.07
CAF310	01/14/2013	0.354	0.343	0.359	0.349	0.268	1.96	3.4	4.4	5.8	6
CAF310	01/15/2013	0.352	0.343	0.359	0.349	0.268	1.9	3.31	4.4	5.74	5.97
CAF310	01/16/2013	0.351	0.342	0.358	0.35	0.268	1.9	3.3	4.37	5.7	5.9
CAF310	01/17/2013	0.35	0.341	0.358	0.35	0.268	1.9	3.3	4.33	5.7	5.9
CAF310	01/18/2013	0.349	0.341	0.358	0.351	0.269	1.9	3.3	4.3	5.7	5.81
CAF310	01/19/2013	0.348	0.34	0.358	0.351	0.269	1.9	3.21	4.3	5.6	5.8
CAF310	01/20/2013	0.347	0.34	0.357	0.352	0.27	1.82	3.2	4.25	5.6	5.76
CAF310	01/21/2013	0.347	0.339	0.357	0.352	0.271	1.8	3.2	4.2	5.6	5.7
CAF310	01/22/2013	0.346	0.339	0.357	0.352	0.273	1.77	3.16	4.2	5.53	5.7
CAF310	01/23/2013	0.345	0.338	0.357	0.352	0.275	1.7	3.1	4.17	5.5	5.63
CAF310	01/24/2013	0.344	0.338	0.357	0.352	0.277	1.7	3.1	4.1	5.5	5.6
CAF310	01/25/2013	0.359	0.338	0.356	0.353	0.278	1.67	3.08	4.1	5.47	5.6
CAF310	01/26/2013	0.38	0.352	0.359	0.354	0.28	1.5	2.94	4.02	5.4	5.5
CAF310	01/27/2013	0.368	0.349	0.359	0.355	0.29	1.6	2.9	3.91	5.33	5.5
CAF310	01/28/2013	0.363	0.346	0.359	0.355	0.315	1.6	2.9	3.9	5.3	5.4
CAF310	01/29/2013	0.36	0.345	0.359	0.355	0.325	1.68	2.9	3.9	5.26	5.4
CAF310	01/30/2013	0.375	0.353	0.36	0.356	0.331	1.65	2.86	3.82	5.2	5.31
CAF310	01/31/2013	0.375	0.352	0.36	0.356	0.344	1.67	2.8	3.74	5.14	5.28
CAF310	02/01/2013	0.366	0.348	0.36	0.356	0.345	2.15	2.9	3.73	5.1	5.2
CAF310	02/02/2013	0.361	0.346	0.359	0.357	0.345	2.32	3.07	3.8	5.1	5.2
CAF310	02/03/2013	0.358	0.345	0.359	0.357	0.344	2.34	3.15	3.87	5.1	5.2
CAF310	02/04/2013	0.357	0.344	0.359	0.357	0.343	2.58	3.2	3.9	5.1	5.1
CAF310	02/05/2013	0.356	0.344	0.359	0.357	0.343	2.96	3.33	3.96	5.2	5.1
CAF310	02/06/2013	0.355	0.343	0.359	0.357	0.342	3.02	3.47	4.01	5.2	5.1
CAF310	02/07/2013	0.354	0.343	0.359	0.357	0.341	2.96	3.5	4.1	5.2	5.1
CAF310	02/08/2013	0.353	0.343	0.359	0.358	0.341	2.93	3.54	4.1	5.25	5.1
CAF310	02/09/2013	0.353	0.342	0.359	0.358	0.34	2.73	3.59	4.2	5.3	5.1
CAF310	02/10/2013	0.353	0.342	0.359	0.358	0.34	2.48	3.5	4.2	5.3	5.1
CAF310	02/11/2013	0.353	0.342	0.359	0.358	0.339	2.24	3.42	4.15	5.3	5.12
CAF310	02/12/2013	0.354	0.342	0.359	0.359	0.339	2.24	3.31	4.1	5.3	5.13
CAF310	02/13/2013	0.354	0.342	0.358	0.359	0.339	2.81	3.33	4.1	5.3	5.1
CAF310	02/14/2013	0.354	0.342	0.358	0.359	0.338	2.95	3.48	4.1	5.3	5.1
CAF310	02/15/2013	0.353	0.342	0.358	0.359	0.338	2.85	3.5	4.1	5.3	5.1
CAF310	02/16/2013	0.353	0.342	0.358	0.359	0.338	3.12	3.55	4.1	5.3	5.1
CAF310	02/17/2013	0.352	0.342	0.358	0.359	0.337	3.32	3.65	4.17	5.3	5.1
CAF310	02/18/2013	0.352	0.342	0.358	0.359	0.337	3.1	3.7	4.2	5.3	5.1
CAF310	02/19/2013	0.351	0.341	0.358	0.359	0.337	2.86	3.63	4.2	5.3	5.1
CAF310	02/20/2013	0.351	0.341	0.358	0.36	0.337	2.91	3.6	4.2	5.3	5.1
CAF310	02/21/2013	0.35	0.341	0.358	0.36	0.336	2.81	3.6	4.2	5.3	5.1
CAF310	02/22/2013	0.353	0.34	0.358	0.36	0.336	2.51	3.5	4.2	5.3	5.1
CAF310	02/23/2013	0.37	0.346	0.359	0.36	0.336	2.4	3.38	4.14	5.3	5.1
CAF310	02/24/2013	0.364	0.347	0.36	0.361	0.336	2.32	3.3	4.1	5.3	5.1
CAF310	02/25/2013	0.363	0.346	0.36	0.361	0.336	2.24	3.22	4.01	5.26	5.1
CAF310	02/26/2013	0.362	0.346	0.36	0.361	0.338	2.25	3.2	4	5.2	5.1
CAF310	02/27/2013	0.358	0.345	0.36	0.361	0.339	2.25	3.17	3.91	5.2	5
CAF310	02/28/2013	0.364	0.344	0.36	0.361	0.341	2.58	3.18	3.9	5.14	5
CAF310	03/01/2013	0.369	0.347	0.36	0.362	0.341	3.17	3.25	3.9	5.1	5
CAF310	03/02/2013	0.363	0.347	0.36	0.362	0.342	4.02	3.48	3.91	5.1	5
CAF310	03/03/2013	0.359	0.347	0.36	0.362	0.343	4.48	3.76	4.02	5.1	4.9
CAF310	03/04/2013	0.356	0.346	0.36	0.362	0.343	3.92	3.9	4.13	5.14	4.9
CAF310	03/05/2013	0.354	0.345	0.36	0.362	0.343	3.53	3.81	4.2	5.2	4.9
CAF310	03/06/2013	0.352	0.344	0.36	0.362	0.343	3.64	3.7	4.2	5.2	4.9
CAF310	03/07/2013	0.352	0.344	0.36	0.362	0.342	4.13	3.78	4.2	5.2	4.95
CAF310	03/08/2013	0.353	0.344	0.36	0.363	0.342	4.2	3.88	4.2	5.22	5
CAF310	03/09/2013	0.352	0.344	0.36	0.363	0.341	3.97	3.9	4.23	5.3	5
CAF310	03/10/2013	0.351	0.344	0.36	0.363	0.341	3.97	3.87	4.3	5.3	5
CAF310	03/11/2013	0.35	0.343	0.36	0.363	0.34	4.25	3.88	4.3	5.3	5
CAF310	03/12/2013	0.35	0.343	0.36	0.363	0.34	4.71	3.97	4.3	5.3	5
CAF310	03/13/2013	0.35	0.343	0.36	0.363	0.339	5.54	4.17	4.33	5.3	5
CAF310	03/14/2013	0.35	0.344	0.36	0.363	0.339	6.41	4.52	4.45	5.35	5
CAF310	03/15/2013	0.349	0.344	0.36	0.363	0.339	6.91	4.88	4.62	5.41	5
CAF310	03/16/2013	0.348	0.344	0.36	0.364	0.339	6.98	5.15	4.81	5.51	5
CAF310	03/17/2013	0.347	0.344	0.36	0.364	0.338	6.42	5.26	4.97	5.61	5.1
CAF310	03/18/2013	0.346	0.344	0.361	0.364	0.338	5.6	5.11	5.09	5.7	5.1
CAF310	03/19/2013	0.345	0.343	0.361	0.364	0.338	5.1	4.89	5.1	5.8	5.18
CAF310	03/20/2013	0.351	0.342	0.36	0.364	0.338	5.42	4.7	5	5.8	5.2
CAF310	03/21/2013	0.353	0.343	0.36	0.365	0.338	5.47	4.78	5	5.8	5.27
CAF310	03/22/2013	0.351	0.344	0.36	0.365	0.337	4.97	4.69	5	5.8	5.3
CAF310	03/23/2013	0.349	0.344	0.36	0.365	0.337	4.64	4.54	4.93	5.8	5.3
CAF310	03/24/2013	0.348	0.343	0.36	0.365	0.337	4.58	4.4	4.89	5.8	5.3
CAF310	03/25/2013	0.347	0.343	0.36	0.365	0.337	4.62	4.33	4.8	5.8	5.3
CAF310	03/26/2013	0.347	0.343	0.36	0.365	0.337	5.14	4.34	4.8	5.76	5.3
CAF310	03/27/2013	0.347	0.343	0.361	0.365	0.337	6.01	4.53	4.8	5.7	5.3
CAF310	03/28/2013	0.346	0.343	0.361	0.365	0.336	6.83	4.86	4.84	5.7	5.3
CAF310	03/29/2013	0.346	0.344	0.361	0.366	0.336	7.59	5.23	5	5.76	5.3
CAF310	03/30/2013	0.346	0.344	0.361	0.366	0.336	7.94	5.6	5.18	5.82	5.3
CAF310	03/31/2013	0.346	0.344	0.361	0.366	0.336	8.33	5.9	5.38	5.93	5.33
CAF310	04/01/2013	0.345	0.344	0.362	0.366	0.336	8.82	6.18	5.57	6.04	5.4
CAF310	04/02/2013	0.345	0.345	0.362	0.367	0.336	9.13	6.46	5.73	6.15	5.43
CAF310	04/03/2013	0.345	0.345	0.362	0.367	0.336	9.3	6.68	5.95	6.27	5.5
CAF310	04/04/2013	0.347	0.344	0.363	0.367	0.336	9.55	6.91	6.13	6.4	5.57
CAF310	04/05/2013	0.357	0.344	0.363	0.367	0.336	9.37	7.06	6.29	6.53	5.65
CAF310	04/06/2013	0.353	0.346	0.363	0.368	0.336	9.34	7.16	6.43	6.64	5.71
CAF310	04/07/2013	0.363	0.347	0.364	0.368	0.336	9.02	7.2	6.55	6.75	5.8
CAF310	04/08/2013	0.359	0.35	0.365	0.368	0.336	8.45	7.12	6.6	6.85	5.88
CAF310	04/09/2013	0.355	0.35	0.366	0.369	0.336	8.07	6.95	6.6	6.9	5.95
CAF310	04/10/2013	0.353	0.349	0.366	0.369	0.337	8.29	6.85	6.6	7	6
CAF310	04/11/2013	0.351	0.349	0.366	0.37	0.337	8.08	6.8	6.6	7	6.1
CAF310	04/12/2013	0.349	0.348	0.365	0.37	0.338	7.77	6.75	6.6	7	6.1
CAF310	04/13/2013	0.359	0.349	0.365	0.37	0.339	7.88	6.68	6.6	7	6.2
CAF310	04/14/2013	0.354	0.35	0.366	0.37	0.339	7.37	6.53	6.54	7	6.2
CAF310	04/15/2013	0.352	0.349	0.366	0.37	0.34	7.15	6.41	6.5	7	6.2
CAF310	04/16/2013	0.35	0.348	0.366	0.37	0.341	6.87	6.26	6.42	7	6.2
CAF310	04/17/2013	0.348	0.348	0.365	0.37	0.341	6.8	6.1	6.34	7	6.29
CAF310	04/18/2013	0.347	0.347	0.365	0.371	0.342	7.15	6.08	6.25	6.93	6.3
CAF310	04/19/2013	0.353	0.346	0.365	0.371	0.342	7.46	6.1	6.2	6.9	6.3
CAF310	04/20/2013	0.356	0.348	0.365	0.37	0.342	7.76	6.25	6.2	6.9	6.2
CAF310	04/21/2013	0.353	0.349	0.365	0.371	0.342	7.88	6.37	6.29	6.9	6.2
CAF310	04/22/2013	0.351	0.348	0.365	0.371	0.342	7.79	6.4	6.3	6.9	6.2
CAF310	04/23/2013	0.35	0.348	0.365	0.371	0.343	7.85	6.48	6.38	6.9	6.2
CAF310	04/24/2013	0.349	0.348	0.365	0.371	0.343	8.08	6.5	6.4	6.9	6.3
CAF310	04/25/2013	0.349	0.348	0.365	0.371	0.343	8.8	6.67	6.43	6.95	6.3
CAF310	04/26/2013	0.349	0.348	0.365	0.371	0.343	9.68	6.98	6.53	7	6.3
CAF310	04/27/2013	0.349	0.348	0.366	0.372	0.343	10.4	7.41	6.69	7.03	6.3
CAF310	04/28/2013	0.348	0.348	0.366	0.372	0.343	10.35	7.71	6.9	7.12	6.33
CAF310	04/29/2013	0.346	0.349	0.366	0.372	0.343	10.29	7.87	7.07	7.24	6.4
CAF310	04/30/2013	0.344	0.348	0.366	0.372	0.343	9.26	7.85	7.17	7.35	6.43
CAF310	05/01/2013	0.343	0.347	0.366	0.373	0.342	8.65	7.57	7.2	7.42	6.5
CAF310	05/02/2013	0.343	0.346	0.366	0.373	0.342	9.25	7.48	7.17	7.5	6.57
CAF310	05/03/2013	0.344	0.346	0.366	0.373	0.342	10.34	7.66	7.2	7.5	6.6
CAF310	05/04/2013	0.344	0.347	0.366	0.373	0.342	11.24	8.08	7.29	7.52	6.64
CAF310	05/05/2013	0.343	0.347	0.366	0.373	0.342	11.76	8.47	7.5	7.6	6.7
CAF310	05/06/2013	0.343	0.347	0.366	0.373	0.341	12.44	8.86	7.72	7.72	6.72
CAF310	05/07/2013	0.343	0.348	0.367	0.373	0.341	13.24	9.31	7.98	7.85	6.8
CAF310	05/08/2013	0.343	0.348	0.367	0.374	0.341	13.95	9.77	8.25	8	6.89
CAF310	05/09/2013	0.342	0.348	0.368	0.374	0.341	14.65	10.27	8.55	8.18	6.98
CAF310	05/10/2013	0.342	0.348	0.368	0.374	0.341	15.14	10.73	8.87	8.37	7.08
CAF310	05/11/2013	0.341	0.349	0.369	0.375	0.341	15.69	11.16	9.2	8.58	7.2
CAF310	05/12/2013	0.34	0.349	0.369	0.375	0.341	16.12	11.6	9.48	8.8	7.35
CAF310	05/13/2013	0.339	0.349	0.37	0.376	0.341	16.24	11.95	9.84	9.03	7.49
CAF310	05/14/2013	0.336	0.349	0.371	0.376	0.341	15.41	12.1	10.05	9.26	7.65
CAF310	05/15/2013	0.333	0.348	0.371	0.376	0.341	14.83	11.98	10.29	9.46	7.8
CAF310	05/16/2013	0.331	0.347	0.371	0.377	0.341	14.71	11.9	10.4	9.64	7.96
CAF310	05/17/2013	0.329	0.346	0.371	0.377	0.341	14.53	11.86	10.41	9.75	8.11
CAF310	05/18/2013	0.327	0.345	0.371	0.377	0.341	14.48	11.8	10.5	9.85	8.23
CAF310	05/19/2013	0.325	0.345	0.371	0.378	0.341	13.93	11.72	10.5	9.93	8.35
CAF310	05/20/2013	0.324	0.344	0.37	0.378	0.341	14.33	11.67	10.5	10	8.45
CAF310	05/21/2013	0.324	0.343	0.37	0.378	0.341	14.91	11.78	10.51	10.07	8.55
CAF310	05/22/2013	0.322	0.343	0.37	0.378	0.34	13.95	11.87	10.6	10.11	8.62
CAF310	05/23/2013	0.318	0.342	0.37	0.378	0.34	12.82	11.57	10.67	10.2	8.7
CAF310	05/24/2013	0.318	0.341	0.369	0.378	0.34	12.85	11.28	10.58	10.2	8.8
CAF310	05/25/2013	0.316	0.34	0.369	0.378	0.34	12.51	11.1	10.49	10.2	8.85
CAF310	05/26/2013	0.315	0.339	0.369	0.378	0.34	12.86	11	10.4	10.2	8.9
CAF310	05/27/2013	0.313	0.338	0.368	0.378	0.339	13.37	11.08	10.4	10.2	8.98
CAF310	05/28/2013	0.311	0.338	0.368	0.378	0.339	13.71	11.27	10.37	10.2	9
CAF310	05/29/2013	0.308	0.338	0.368	0.378	0.338	13.53	11.39	10.46	10.2	9
CAF310	05/30/2013	0.305	0.337	0.368	0.378	0.338	13.34	11.37	10.5	10.26	9.1
CAF310	05/31/2013	0.302	0.336	0.368	0.378	0.338	13.5	11.38	10.5	10.3	9.1
CAF310	06/01/2013	0.299	0.335	0.367	0.378	0.338	13.87	11.47	10.56	10.3	9.17
CAF310	06/02/2013	0.295	0.335	0.367	0.378	0.338	14.13	11.6	10.62	10.36	9.2
CAF310	06/03/2013	0.29	0.334	0.367	0.378	0.337	14.2	11.76	10.7	10.4	9.25
CAF310	06/04/2013	0.285	0.333	0.367	0.378	0.337	14.65	11.88	10.76	10.47	9.3
CAF310	06/05/2013	0.279	0.331	0.367	0.378	0.337	15.27	12.15	10.92	10.52	9.37
CAF310	06/06/2013	0.271	0.329	0.367	0.378	0.337	15.97	12.49	11.07	10.61	9.4
CAF310	06/07/2013	0.262	0.327	0.367	0.378	0.336	16.47	12.89	11.28	10.72	9.49
CAF310	06/08/2013	0.252	0.324	0.367	0.378	0.336	16.32	13.16	11.51	10.85	9.55
CAF310	06/09/2013	0.247	0.319	0.367	0.378	0.336	16.36	13.28	11.69	10.99	9.63
CAF310	06/10/2013	0.243	0.314	0.366	0.378	0.336	16.25	13.39	11.85	11.13	9.73
CAF310	06/11/2013	0.24	0.309	0.366	0.378	0.336	16.14	13.48	11.96	11.25	9.84
CAF310	06/12/2013	0.236	0.304	0.365	0.378	0.336	15.83	13.47	12.06	11.37	9.93
CAF310	06/13/2013	0.232	0.298	0.365	0.379	0.336	15.79	13.45	12.06	11.46	10.02
CAF310	06/14/2013	0.228	0.292	0.364	0.378	0.336	15.62	13.4	12.19	11.53	10.11
CAF310	06/15/2013	0.225	0.285	0.362	0.378	0.335	15.61	13.4	12.2	11.6	10.2
CAF310	06/16/2013	0.222	0.278	0.361	0.378	0.335	15.84	13.43	12.22	11.66	10.27
CAF310	06/17/2013	0.219	0.269	0.359	0.378	0.335	16.42	13.53	12.26	11.7	10.32
CAF310	06/18/2013	0.216	0.263	0.358	0.378	0.334	16.74	13.82	12.37	11.77	10.4
CAF310	06/19/2013	0.215	0.26	0.357	0.378	0.334	16.17	13.9	12.52	11.85	10.45
CAF310	06/20/2013	0.213	0.261	0.356	0.378	0.334	14.83	13.71	12.56	11.93	10.52
CAF310	06/21/2013	0.213	0.259	0.356	0.378	0.334	14.1	13.27	12.53	12	10.6
CAF310	06/22/2013	0.213	0.257	0.355	0.378	0.333	14.42	13.07	12.4	12	10.65
CAF310	06/23/2013	0.213	0.254	0.353	0.377	0.333	14.8	13.08	12.3	11.97	10.7
CAF310	06/24/2013	0.213	0.253	0.352	0.377	0.332	15.23	13.16	12.26	11.9	10.7
CAF310	06/25/2013	0.214	0.253	0.352	0.378	0.332	15.17	13.28	12.33	11.9	10.79
CAF310	06/26/2013	0.216	0.253	0.351	0.377	0.331	15.47	13.34	12.4	12	10.8
CAF310	06/27/2013	0.217	0.252	0.351	0.377	0.331	15.77	13.47	12.42	12	10.8
CAF310	06/28/2013	0.218	0.25	0.35	0.377	0.33	16.78	13.72	12.52	12	10.83
CAF310	06/29/2013	0.218	0.25	0.349	0.376	0.33	17.77	14.16	12.67	12.1	10.9
CAF310	06/30/2013	0.218	0.249	0.349	0.376	0.329	18.18	14.59	12.9	12.18	10.91
CAF310	07/01/2013	0.218	0.248	0.348	0.376	0.329	18.64	14.92	13.05	12.33	11
CAF310	07/02/2013	0.218	0.246	0.347	0.375	0.328	19.35	15.28	13.36	12.46	11.08
CAF310	07/03/2013	0.217	0.245	0.345	0.375	0.328	19.76	15.68	13.57	12.63	11.16
CAF310	07/04/2013	0.216	0.243	0.344	0.374	0.327	19.37	15.9	13.85	12.78	11.25
CAF310	07/05/2013	0.215	0.241	0.342	0.373	0.327	18.73	15.9	14.04	12.95	11.37
CAF310	07/06/2013	0.214	0.239	0.34	0.372	0.326	18.22	15.77	14.1	13.08	11.48
CAF310	07/07/2013	0.212	0.237	0.337	0.371	0.325	18.07	15.66	14.06	13.18	11.58
CAF310	07/08/2013	0.211	0.234	0.335	0.37	0.324	18.1	15.6	14.13	13.24	11.68
CAF310	07/09/2013	0.21	0.232	0.331	0.368	0.323	18.03	15.6	14.2	13.3	11.76
CAF310	07/10/2013	0.209	0.23	0.328	0.366	0.322	18.12	15.6	14.2	13.32	11.8
CAF310	07/11/2013	0.208	0.227	0.324	0.365	0.321	18.26	15.68	14.2	13.4	11.9
CAF310	07/12/2013	0.206	0.225	0.321	0.362	0.32	17.83	15.68	14.25	13.4	11.92
CAF310	07/13/2013	0.205	0.224	0.318	0.359	0.319	17.43	15.57	14.26	13.47	12
CAF310	07/14/2013	0.204	0.222	0.314	0.356	0.317	17.21	15.46	14.2	13.5	12
CAF310	07/15/2013	0.203	0.22	0.31	0.353	0.316	17.26	15.37	14.2	13.5	12.1
CAF310	07/16/2013	0.202	0.219	0.305	0.35	0.315	17.38	15.39	14.2	13.5	12.1
CAF310	07/17/2013	0.202	0.217	0.301	0.346	0.313	17.87	15.45	14.2	13.5	12.14
CAF310	07/18/2013	0.202	0.216	0.297	0.342	0.312	18.12	15.65	14.21	13.5	12.2
CAF310	07/19/2013	0.201	0.215	0.292	0.338	0.31	18.04	15.72	14.3	13.52	12.2
CAF310	07/20/2013	0.2	0.214	0.287	0.334	0.308	18.19	15.78	14.33	13.6	12.2
CAF310	07/21/2013	0.199	0.212	0.281	0.328	0.306	18.21	15.85	14.4	13.6	12.23
CAF310	07/22/2013	0.199	0.211	0.276	0.323	0.303	18.25	15.89	14.42	13.67	12.3
CAF310	07/23/2013	0.198	0.21	0.271	0.316	0.301	18.39	15.96	14.46	13.7	12.3
CAF310	07/24/2013	0.198	0.209	0.266	0.309	0.299	18.59	16.07	14.52	13.7	12.36
CAF310	07/25/2013	0.197	0.208	0.262	0.303	0.296	18.68	16.18	14.6	13.79	12.4
CAF310	07/26/2013	0.197	0.207	0.257	0.296	0.294	18.62	16.23	14.67	13.8	12.4
CAF310	07/27/2013	0.196	0.206	0.254	0.29	0.292	18.59	16.25	14.66	13.88	12.47
CAF310	07/28/2013	0.196	0.206	0.252	0.285	0.29	18.46	16.27	14.78	13.9	12.5
CAF310	07/29/2013	0.196	0.205	0.251	0.28	0.288	18.22	16.24	14.8	13.96	12.51
CAF310	07/30/2013	0.196	0.204	0.249	0.276	0.286	18.2	16.18	14.76	14	12.6
CAF310	07/31/2013	0.195	0.204	0.249	0.273	0.284	18.28	16.19	14.8	14	12.6
CAF310	08/01/2013	0.195	0.204	0.248	0.27	0.283	18.24	16.2	14.8	14	12.6
CAF310	08/02/2013	0.195	0.204	0.248	0.27	0.282	17.72	16.16	14.78	14.08	12.69
CAF310	08/03/2013	0.194	0.204	0.248	0.27	0.282	17.08	15.94	14.76	14.1	12.7
CAF310	08/04/2013	0.194	0.204	0.247	0.269	0.281	17.05	15.75	14.73	14.1	12.7
CAF310	08/05/2013	0.194	0.204	0.247	0.267	0.28	17.5	15.7	14.68	14.05	12.7
CAF310	08/06/2013	0.195	0.204	0.246	0.265	0.279	17.98	15.85	14.64	14	12.7
CAF310	08/07/2013	0.195	0.204	0.245	0.262	0.278	18.36	16.04	14.7	14	12.8
CAF310	08/08/2013	0.195	0.204	0.245	0.261	0.277	18.54	16.18	14.78	14.07	12.8
CAF310	08/09/2013	0.196	0.204	0.244	0.26	0.276	18.75	16.31	14.86	14.1	12.8
CAF310	08/10/2013	0.196	0.204	0.244	0.259	0.275	19.31	16.48	14.95	14.11	12.8
CAF310	08/11/2013	0.196	0.205	0.244	0.259	0.275	19.72	16.8	15.08	14.2	12.83
CAF310	08/12/2013	0.196	0.205	0.244	0.26	0.275	19.81	16.99	15.24	14.28	12.9
CAF310	08/13/2013	0.196	0.205	0.244	0.26	0.275	19.9	17.17	15.37	14.37	12.92
CAF310	08/14/2013	0.196	0.205	0.244	0.261	0.276	19.95	17.27	15.49	14.46	13
CAF310	08/15/2013	0.197	0.205	0.245	0.261	0.276	20.16	17.38	15.61	14.55	13.05
CAF310	08/16/2013	0.197	0.206	0.245	0.262	0.276	20.23	17.51	15.72	14.63	13.06
CAF310	08/17/2013	0.197	0.206	0.245	0.263	0.277	20.41	17.64	15.82	14.72	13.2
CAF310	08/18/2013	0.196	0.206	0.245	0.264	0.277	20.32	17.73	15.92	14.8	13.24
CAF310	08/19/2013	0.196	0.206	0.245	0.264	0.277	20.15	17.71	16	14.9	13.3
CAF310	08/20/2013	0.196	0.206	0.245	0.265	0.278	20.05	17.72	16.03	14.96	13.39
CAF310	08/21/2013	0.196	0.205	0.245	0.265	0.278	19.67	17.66	16.1	15	13.43
CAF310	08/22/2013	0.195	0.205	0.245	0.266	0.278	19.5	17.46	16.1	15.07	13.5
CAF310	08/23/2013	0.195	0.205	0.244	0.266	0.279	19.47	17.4	16	15.1	13.53
CAF310	08/24/2013	0.195	0.205	0.244	0.267	0.279	19.35	17.38	16	15.1	13.6
CAF310	08/25/2013	0.195	0.205	0.244	0.267	0.279	19.38	17.3	16	15.1	13.6
CAF310	08/26/2013	0.195	0.205	0.244	0.267	0.279	19.41	17.3	16	15.1	13.65
CAF310	08/27/2013	0.194	0.205	0.244	0.268	0.28	19.02	17.26	16	15.1	13.7
CAF310	08/28/2013	0.195	0.205	0.245	0.269	0.28	19.09	17.14	15.91	15.1	13.7
CAF310	08/29/2013	0.195	0.205	0.246	0.271	0.281	19.2	17.12	15.9	15.1	13.77
CAF310	08/30/2013	0.195	0.205	0.246	0.271	0.281	19.1	17.1	15.9	15.1	13.8
CAF310	08/31/2013	0.195	0.205	0.246	0.272	0.281	19.05	17.08	15.9	15.1	13.8
CAF310	09/01/2013	0.195	0.205	0.246	0.272	0.281	19.26	17.08	15.9	15.1	13.8
CAF310	09/02/2013	0.195	0.205	0.246	0.272	0.281	19.41	17.1	15.86	15.1	13.8
CAF310	09/03/2013	0.195	0.205	0.246	0.272	0.281	19.12	17.1	15.86	15.1	13.8
CAF310	09/04/2013	0.195	0.205	0.246	0.273	0.281	19.08	17.07	15.9	15.1	13.83
CAF310	09/05/2013	0.195	0.205	0.246	0.273	0.282	19.36	17.08	15.9	15.1	13.9
CAF310	09/06/2013	0.194	0.205	0.246	0.273	0.282	19	17.09	15.9	15.12	13.9
CAF310	09/07/2013	0.194	0.205	0.246	0.273	0.282	18.35	16.92	15.9	15.2	13.9
CAF310	09/08/2013	0.194	0.205	0.246	0.273	0.282	18.12	16.69	15.81	15.13	13.9
CAF310	09/09/2013	0.193	0.204	0.245	0.273	0.282	17.94	16.52	15.72	15.1	13.9
CAF310	09/10/2013	0.194	0.204	0.245	0.273	0.282	18.17	16.42	15.63	15.1	13.9
CAF310	09/11/2013	0.194	0.204	0.245	0.274	0.282	18.52	16.47	15.6	15.03	13.9
CAF310	09/12/2013	0.194	0.204	0.245	0.274	0.282	18.77	16.57	15.6	15	13.86
CAF310	09/13/2013	0.194	0.204	0.245	0.274	0.283	18.87	16.63	15.6	15	13.9
CAF310	09/14/2013	0.194	0.204	0.245	0.274	0.283	18.98	16.69	15.6	15	13.9
CAF310	09/15/2013	0.194	0.204	0.245	0.274	0.283	19.25	16.77	15.69	15	13.9
CAF310	09/16/2013	0.194	0.205	0.245	0.275	0.283	19.43	16.92	15.71	15	13.9
CAF310	09/17/2013	0.195	0.205	0.245	0.275	0.283	17.98	16.84	15.77	15.09	13.9
CAF310	09/18/2013	0.196	0.204	0.245	0.275	0.283	16.53	16.46	15.72	15.1	13.9
CAF310	09/19/2013	0.195	0.204	0.245	0.275	0.283	15.38	15.96	15.52	15.05	13.9
CAF310	09/20/2013	0.195	0.203	0.244	0.275	0.283	14.99	15.52	15.32	14.98	13.9
CAF310	09/21/2013	0.195	0.203	0.244	0.275	0.283	15.05	15.26	15.05	14.87	13.9
CAF310	09/22/2013	0.194	0.203	0.244	0.275	0.283	14.62	15.06	14.88	14.76	13.9
CAF310	09/23/2013	0.194	0.202	0.244	0.275	0.283	14.12	14.79	14.75	14.65	13.82
CAF310	09/24/2013	0.196	0.202	0.243	0.275	0.283	13.78	14.52	14.52	14.54	13.79
CAF310	09/25/2013	0.199	0.202	0.243	0.274	0.283	13.4	14.27	14.38	14.42	13.7
CAF310	09/26/2013	0.199	0.201	0.243	0.274	0.283	12.83	13.98	14.19	14.28	13.64
CAF310	09/27/2013	0.199	0.201	0.242	0.274	0.283	12.38	13.66	13.99	14.16	13.59
CAF310	09/28/2013	0.205	0.201	0.242	0.273	0.283	12.06	13.36	13.74	14.03	13.5
CAF310	09/29/2013	0.229	0.201	0.242	0.273	0.283	12.08	13.17	13.57	13.87	13.42
CAF310	09/30/2013	0.269	0.201	0.242	0.273	0.282	11.59	12.99	13.4	13.71	13.33
CAF310	10/01/2013	0.266	0.2	0.241	0.273	0.282	11.1	12.7	13.22	13.61	13.24
CAF310	10/02/2013	0.255	0.2	0.241	0.272	0.282	10.55	12.4	13.02	13.46	13.15
CAF310	10/03/2013	0.25	0.2	0.241	0.272	0.282	10.17	12.08	12.8	13.33	13.05
CAF310	10/04/2013	0.248	0.2	0.24	0.272	0.281	9.74	11.77	12.58	13.16	12.94
CAF310	10/05/2013	0.246	0.199	0.24	0.271	0.281	9.45	11.47	12.35	13.01	12.8
CAF310	10/06/2013	0.246	0.199	0.24	0.271	0.281	9.62	11.27	12.14	12.85	12.73
CAF310	10/07/2013	0.245	0.199	0.24	0.271	0.281	9.85	11.2	11.96	12.69	12.63
CAF310	10/08/2013	0.245	0.199	0.239	0.27	0.28	9.82	11.18	11.81	12.55	12.51
CAF310	10/09/2013	0.244	0.199	0.239	0.27	0.28	9.24	11.04	11.75	12.43	12.4
CAF310	10/10/2013	0.243	0.199	0.239	0.27	0.28	8.94	10.79	11.6	12.32	12.29
CAF310	10/11/2013	0.244	0.199	0.239	0.27	0.28	9.12	10.64	11.41	12.18	12.2
CAF310	10/12/2013	0.244	0.199	0.239	0.269	0.279	9.49	10.61	11.33	12.06	12.09
CAF310	10/13/2013	0.244	0.199	0.239	0.269	0.279	9.42	10.67	11.25	11.96	11.99
CAF310	10/14/2013	0.243	0.199	0.239	0.269	0.279	8.95	10.56	11.2	11.88	11.9
CAF310	10/15/2013	0.243	0.199	0.239	0.269	0.278	8.37	10.32	11.08	11.79	11.8
CAF310	10/16/2013	0.243	0.199	0.238	0.268	0.278	8.37	10.09	10.9	11.69	11.73
CAF310	10/17/2013	0.243	0.199	0.238	0.268	0.278	8.44	10	10.8	11.58	11.65
CAF310	10/18/2013	0.242	0.199	0.238	0.268	0.278	8.27	9.85	10.65	11.47	11.56
CAF310	10/19/2013	0.242	0.198	0.238	0.268	0.278	8.24	9.78	10.58	11.37	11.48
CAF310	10/20/2013	0.242	0.198	0.238	0.267	0.278	8.27	9.7	10.47	11.27	11.4
CAF310	10/21/2013	0.242	0.198	0.238	0.267	0.278	8.52	9.7	10.4	11.17	11.3
CAF310	10/22/2013	0.242	0.199	0.238	0.267	0.277	8.88	9.7	10.3	11.1	11.21
CAF310	10/23/2013	0.242	0.199	0.238	0.267	0.277	9.18	9.8	10.27	11.01	11.13
CAF310	10/24/2013	0.242	0.199	0.238	0.267	0.277	9.37	9.9	10.3	11	11.08
CAF310	10/25/2013	0.242	0.199	0.238	0.267	0.277	9.3	9.98	10.3	10.92	11
CAF310	10/26/2013	0.242	0.199	0.238	0.267	0.277	9.21	9.95	10.3	10.9	10.95
CAF310	10/27/2013	0.241	0.199	0.238	0.267	0.277	8.92	9.88	10.27	10.9	10.9
CAF310	10/28/2013	0.241	0.199	0.238	0.267	0.277	8.63	9.77	10.25	10.84	10.87
CAF310	10/29/2013	0.24	0.199	0.238	0.267	0.277	7.73	9.55	10.17	10.8	10.8
CAF310	10/30/2013	0.239	0.198	0.237	0.267	0.277	6.78	9.13	10.03	10.73	10.78
CAF310	10/31/2013	0.239	0.198	0.237	0.267	0.276	6.65	8.76	9.78	10.64	10.7
CAF310	11/01/2013	0.239	0.198	0.237	0.267	0.276	6.78	8.59	9.62	10.53	10.65
CAF310	11/02/2013	0.239	0.198	0.237	0.266	0.276	7.15	8.55	9.47	10.39	10.58
CAF310	11/03/2013	0.239	0.198	0.237	0.266	0.276	6.88	8.57	9.37	10.29	10.5
CAF310	11/04/2013	0.238	0.198	0.237	0.266	0.276	6.24	8.37	9.28	10.2	10.4
CAF310	11/05/2013	0.238	0.197	0.236	0.266	0.275	5.6	8.1	9.13	10.1	10.33
CAF310	11/06/2013	0.239	0.197	0.236	0.266	0.275	5.09	7.78	9	10.01	10.25
CAF310	11/07/2013	0.273	0.197	0.236	0.266	0.275	5.32	7.53	8.81	9.88	10.17
CAF310	11/08/2013	0.312	0.198	0.236	0.265	0.275	5.91	7.5	8.65	9.75	10.08
CAF310	11/09/2013	0.302	0.198	0.236	0.265	0.274	5.76	7.57	8.6	9.65	9.99
CAF310	11/10/2013	0.298	0.198	0.236	0.265	0.274	5.98	7.5	8.5	9.56	9.9
CAF310	11/11/2013	0.295	0.198	0.236	0.265	0.274	6.43	7.58	8.5	9.5	9.8
CAF310	11/12/2013	0.293	0.198	0.236	0.265	0.274	6.72	7.7	8.47	9.4	9.72
CAF310	11/13/2013	0.291	0.198	0.236	0.265	0.274	6.82	7.8	8.5	9.4	9.66
CAF310	11/14/2013	0.288	0.199	0.236	0.264	0.274	6.57	7.81	8.47	9.35	9.6
CAF310	11/15/2013	0.286	0.199	0.236	0.265	0.273	6.27	7.75	8.47	9.3	9.55
CAF310	11/16/2013	0.31	0.199	0.236	0.264	0.273	5.55	7.55	8.4	9.3	9.5
CAF310	11/17/2013	0.322	0.199	0.236	0.265	0.273	5.09	7.2	8.28	9.24	9.47
CAF310	11/18/2013	0.315	0.198	0.236	0.264	0.273	5.2	7	8.13	9.16	9.4
CAF310	11/19/2013	0.312	0.199	0.236	0.264	0.273	5.39	6.91	7.98	9.07	9.31
CAF310	11/20/2013	0.312	0.199	0.236	0.264	0.273	5.49	6.98	7.91	9	9.28
CAF310	11/21/2013	0.307	0.199	0.236	0.264	0.273	4.37	6.76	7.87	8.9	9.2
CAF310	11/22/2013	0.302	0.199	0.235	0.264	0.273	3.5	6.31	7.64	8.84	9.13
CAF310	11/23/2013	0.297	0.199	0.235	0.264	0.272	2.97	5.89	7.48	8.73	9.06
CAF310	11/24/2013	0.292	0.199	0.235	0.263	0.272	2.63	5.53	7.23	8.58	8.98
CAF310	11/25/2013	0.288	0.199	0.234	0.263	0.272	2.41	5.25	6.97	8.44	8.88
CAF310	11/26/2013	0.284	0.199	0.234	0.263	0.272	2.27	5.03	6.79	8.27	8.78
CAF310	11/27/2013	0.281	0.2	0.234	0.262	0.272	2.17	4.85	6.6	8.14	8.67
CAF310	11/28/2013	0.278	0.2	0.234	0.262	0.271	2.08	4.71	6.44	7.98	8.55
CAF310	11/29/2013	0.276	0.2	0.234	0.261	0.271	2	4.57	6.28	7.85	8.44
CAF310	11/30/2013	0.273	0.201	0.234	0.261	0.271	1.9	4.45	6.12	7.72	8.33
CAF310	12/01/2013	0.298	0.201	0.234	0.261	0.27	1.9	4.36	6.03	7.61	8.22
CAF310	12/02/2013	0.331	0.201	0.234	0.261	0.27	1.88	4.24	5.92	7.5	8.12
CAF310	12/03/2013	0.323	0.202	0.234	0.26	0.27	1.94	4.18	5.8	7.4	8.02
CAF310	12/04/2013	0.316	0.204	0.233	0.26	0.27	2.05	4.1	5.72	7.3	7.91
CAF310	12/05/2013	0.31	0.206	0.233	0.26	0.269	2.05	4.1	5.66	7.2	7.81
CAF310	12/06/2013	0.304	0.21	0.233	0.26	0.269	1.93	4.1	5.6	7.13	7.71
CAF310	12/07/2013	0.299	0.214	0.233	0.26	0.269	1.74	4.01	5.48	7.07	7.63
CAF310	12/08/2013	0.293	0.218	0.233	0.26	0.269	1.5	3.9	5.44	7	7.55
CAF310	12/09/2013	0.288	0.221	0.233	0.26	0.269	1.27	3.76	5.34	6.9	7.47
CAF310	12/10/2013	0.282	0.223	0.233	0.259	0.269	1.12	3.64	5.2	6.83	7.39
CAF310	12/11/2013	0.276	0.225	0.233	0.259	0.269	1.03	3.52	5.12	6.71	7.3
CAF310	12/12/2013	0.271	0.226	0.233	0.259	0.268	1	3.43	5.02	6.66	7.21
CAF310	12/13/2013	0.267	0.228	0.233	0.259	0.268	1	3.37	4.89	6.58	7.13
CAF310	12/14/2013	0.265	0.229	0.233	0.259	0.268	1	3.3	4.84	6.5	7.04
CAF310	12/15/2013	0.264	0.23	0.232	0.259	0.268	1	3.3	4.77	6.4	6.96
CAF310	12/16/2013	0.264	0.231	0.232	0.259	0.268	1	3.22	4.7	6.34	6.89
CAF310	12/17/2013	0.264	0.231	0.232	0.259	0.268	1.02	3.2	4.64	6.29	6.8
CAF310	12/18/2013	0.265	0.232	0.232	0.259	0.267	1.1	3.2	4.6	6.2	6.72
CAF310	12/19/2013	0.265	0.232	0.232	0.259	0.267	1.1	3.2	4.52	6.16	6.67
CAF310	12/20/2013	0.265	0.233	0.232	0.26	0.267	1.1	3.2	4.47	6.1	6.6
CAF310	12/21/2013	0.265	0.233	0.232	0.26	0.267	1.1	3.15	4.46	6.05	6.53
CAF310	12/22/2013	0.264	0.234	0.232	0.26	0.267	1.1	3.1	4.4	6	6.48
CAF310	12/23/2013	0.271	0.234	0.232	0.26	0.267	1.1	3.1	4.4	5.96	6.4
CAF310	12/24/2013	0.28	0.234	0.232	0.26	0.266	1.13	3.1	4.32	5.9	6.35
CAF310	12/25/2013	0.275	0.234	0.232	0.26	0.266	1.2	3.1	4.3	5.89	6.3
CAF310	12/26/2013	0.273	0.235	0.232	0.26	0.266	1.2	3.1	4.29	5.8	6.22
CAF310	12/27/2013	0.272	0.235	0.232	0.26	0.266	1.2	3.1	4.2	5.8	6.2
CAF310	12/28/2013	0.271	0.235	0.232	0.26	0.266	1.2	3.1	4.2	5.76	6.13
CAF310	12/29/2013	0.272	0.235	0.232	0.26	0.266	1.27	3.1	4.17	5.7	6.1
CAF310	12/30/2013	0.272	0.236	0.232	0.26	0.266	1.3	3.1	4.16	5.7	6.05
CAF310	12/31/2013	0.272	0.236	0.232	0.26	0.266	1.3	3.1	4.1	5.67	6
CAF310	01/01/2014	0.271	0.236	0.232	0.26	0.266	1.3	3.1	4.1	5.6	5.97
CAF310	01/02/2014	0.271	0.236	0.232	0.26	0.266	1.37	3.1	4.1	5.6	5.9
CAF310	01/03/2014	0.272	0.237	0.232	0.261	0.265	1.4	3.1	4.1	5.6	5.9
CAF310	01/04/2014	0.272	0.237	0.232	0.26	0.265	1.4	3.05	4.02	5.55	5.83
CAF310	01/05/2014	0.271	0.237	0.232	0.26	0.265	1.37	3	4	5.5	5.8
CAF310	01/06/2014	0.268	0.237	0.232	0.26	0.265	1.27	3	3.97	5.5	5.77
CAF310	01/07/2014	0.265	0.238	0.232	0.261	0.265	1.2	3	4	5.46	5.71
CAF310	01/08/2014	0.262	0.238	0.232	0.261	0.265	1.2	2.9	3.91	5.4	5.7
CAF310	01/09/2014	0.26	0.238	0.232	0.261	0.265	1.2	2.9	3.9	5.4	5.7
CAF310	01/10/2014	0.258	0.238	0.232	0.261	0.265	1.2	2.9	3.87	5.38	5.61
CAF310	01/11/2014	0.258	0.238	0.232	0.261	0.265	1.2	2.9	3.8	5.3	5.6
CAF310	01/12/2014	0.262	0.238	0.232	0.26	0.265	1.2	2.8	3.8	5.3	5.56
CAF310	01/13/2014	0.271	0.238	0.232	0.26	0.265	1.2	2.8	3.7	5.2	5.5
CAF310	01/14/2014	0.287	0.239	0.232	0.259	0.265	1.2	2.72	3.67	5.2	5.49
CAF310	01/15/2014	0.298	0.239	0.232	0.259	0.265	1.25	2.7	3.62	5.13	5.4
CAF310	01/16/2014	0.302	0.239	0.232	0.259	0.264	1.3	2.7	3.6	5.1	5.4
CAF310	01/17/2014	0.303	0.239	0.232	0.26	0.264	1.3	2.7	3.6	5.1	5.33
CAF310	01/18/2014	0.302	0.24	0.232	0.26	0.264	1.37	2.72	3.6	5.1	5.3
CAF310	01/19/2014	0.301	0.24	0.232	0.26	0.264	1.4	2.8	3.6	5.04	5.3
CAF310	01/20/2014	0.3	0.241	0.232	0.26	0.264	1.4	2.8	3.6	5	5.25
CAF310	01/21/2014	0.3	0.242	0.232	0.26	0.264	1.5	2.8	3.6	5	5.2
CAF310	01/22/2014	0.299	0.242	0.232	0.26	0.264	1.5	2.8	3.6	5	5.2
CAF310	01/23/2014	0.298	0.243	0.232	0.26	0.264	1.5	2.8	3.57	5	5.2
CAF310	01/24/2014	0.297	0.244	0.232	0.26	0.264	1.6	2.77	3.59	5	5.11
CAF310	01/25/2014	0.295	0.245	0.232	0.26	0.264	1.6	2.8	3.5	4.99	5.1
CAF310	01/26/2014	0.295	0.246	0.232	0.26	0.264	1.61	2.8	3.5	4.9	5.1
CAF310	01/27/2014	0.294	0.247	0.232	0.26	0.264	1.7	2.8	3.47	4.9	5.1
CAF310	01/28/2014	0.292	0.248	0.232	0.26	0.264	1.7	2.8	3.5	4.9	5.07
CAF310	01/29/2014	0.29	0.249	0.232	0.26	0.264	1.7	2.8	3.5	4.9	5
CAF310	01/30/2014	0.289	0.25	0.232	0.26	0.264	1.75	2.8	3.5	4.9	5
CAF310	01/31/2014	0.29	0.25	0.232	0.26	0.264	1.8	2.8	3.5	4.9	5
CAF310	02/01/2014	0.291	0.251	0.232	0.26	0.264	1.82	2.8	3.5	4.88	5
CAF310	02/02/2014	0.293	0.253	0.232	0.26	0.264	1.9	2.8	3.47	4.8	4.99
CAF310	02/03/2014	0.295	0.254	0.232	0.26	0.264	1.9	2.8	3.47	4.8	4.9
CAF310	02/04/2014	0.296	0.255	0.232	0.26	0.264	1.97	2.8	3.5	4.8	4.9
CAF310	02/05/2014	0.297	0.256	0.232	0.26	0.264	2	2.8	3.42	4.8	4.9
CAF310	02/06/2014	0.297	0.258	0.232	0.26	0.264	2.04	2.8	3.4	4.8	4.9
CAF310	02/07/2014	0.297	0.259	0.232	0.26	0.264	2.1	2.8	3.37	4.8	4.9
CAF310	02/08/2014	0.295	0.261	0.232	0.26	0.264	2.17	2.77	3.37	4.78	4.8
CAF310	02/09/2014	0.293	0.262	0.232	0.26	0.264	2.2	2.8	3.4	4.7	4.8
CAF310	02/10/2014	0.292	0.264	0.232	0.26	0.264	2.24	2.77	3.4	4.7	4.8
CAF310	02/11/2014	0.291	0.265	0.232	0.26	0.264	2.3	2.71	3.37	4.7	4.8
CAF310	02/12/2014	0.29	0.266	0.232	0.26	0.268	2.34	2.7	3.37	4.7	4.76
CAF310	02/13/2014	0.293	0.272	0.232	0.26	0.291	2.4	2.7	3.34	4.61	4.6
CAF310	02/14/2014	0.332	0.321	0.233	0.259	0.294	2.29	2.66	3.29	4.5	4.57
CAF310	02/15/2014	0.36	0.337	0.233	0.259	0.294	2.24	2.6	3.2	4.5	4.51
CAF310	02/16/2014	0.359	0.341	0.233	0.259	0.293	2.35	2.6	3.14	4.5	4.5
CAF310	02/17/2014	0.357	0.337	0.234	0.259	0.293	2.48	2.6	3.1	4.4	4.5
CAF310	02/18/2014	0.359	0.341	0.264	0.259	0.294	2.69	2.6	3.1	4.4	4.5
CAF310	02/19/2014	0.354	0.342	0.337	0.259	0.295	2.95	2.67	3.1	4.4	4.49
CAF310	02/20/2014	0.345	0.337	0.345	0.268	0.298	2.77	2.67	3.1	4.4	4.4
CAF310	02/21/2014	0.346	0.336	0.349	0.311	0.302	2.7	2.7	3.13	4.36	4.4
CAF310	02/22/2014	0.343	0.336	0.351	0.33	0.306	2.7	2.7	3.2	4.31	4.4
CAF310	02/23/2014	0.34	0.335	0.352	0.336	0.308	2.7	2.7	3.2	4.33	4.4
CAF310	02/24/2014	0.339	0.334	0.353	0.339	0.309	2.7	2.78	3.2	4.34	4.4
CAF310	02/25/2014	0.338	0.333	0.354	0.34	0.31	2.7	2.8	3.2	4.35	4.39
CAF310	02/26/2014	0.337	0.332	0.355	0.341	0.311	2.72	2.8	3.17	4.39	4.3
CAF310	02/27/2014	0.337	0.332	0.355	0.343	0.311	2.8	2.8	3.2	4.4	4.3
CAF310	02/28/2014	0.336	0.331	0.356	0.343	0.311	2.8	2.8	3.2	4.4	4.3
CAF310	03/01/2014	0.338	0.331	0.356	0.344	0.311	2.8	2.8	3.2	4.4	4.3
CAF310	03/02/2014	0.337	0.332	0.356	0.345	0.311	2.8	2.8	3.2	4.37	4.3
CAF310	03/03/2014	0.349	0.333	0.357	0.345	0.311	2.76	2.8	3.2	4.4	4.3
CAF310	03/04/2014	0.362	0.347	0.36	0.346	0.311	2.75	2.76	3.18	4.38	4.3
CAF310	03/05/2014	0.353	0.342	0.361	0.35	0.318	3.6	2.82	3.1	4.3	4.3
CAF310	03/06/2014	0.359	0.344	0.362	0.35	0.328	4.79	3.17	3.2	4.3	4.29
CAF310	03/07/2014	0.353	0.343	0.362	0.351	0.334	5.43	3.6	3.33	4.32	4.2
CAF310	03/08/2014	0.346	0.341	0.363	0.351	0.336	5.58	3.94	3.56	4.41	4.2
CAF310	03/09/2014	0.358	0.342	0.363	0.352	0.336	6.16	4.19	3.72	4.52	4.27
CAF310	03/10/2014	0.353	0.344	0.364	0.352	0.338	6.93	4.6	3.94	4.63	4.27
CAF310	03/11/2014	0.348	0.343	0.365	0.353	0.339	6.43	4.88	4.17	4.75	4.33
CAF310	03/12/2014	0.343	0.342	0.365	0.354	0.34	6.29	4.9	4.37	4.89	4.4
CAF310	03/13/2014	0.34	0.34	0.365	0.354	0.339	6.27	4.9	4.46	5.02	4.49
CAF310	03/14/2014	0.339	0.34	0.365	0.354	0.339	6.36	4.98	4.58	5.11	4.55
CAF310	03/15/2014	0.339	0.339	0.365	0.355	0.338	6.03	5	4.66	5.2	4.6
CAF310	03/16/2014	0.338	0.339	0.365	0.355	0.338	6.11	5	4.7	5.28	4.7
CAF310	03/17/2014	0.339	0.338	0.365	0.355	0.337	6.4	5.05	4.75	5.33	4.74
CAF310	03/18/2014	0.339	0.339	0.365	0.356	0.337	5.88	5.07	4.77	5.4	4.8
CAF310	03/19/2014	0.337	0.339	0.365	0.356	0.336	5.71	4.97	4.8	5.44	4.84
CAF310	03/20/2014	0.335	0.338	0.365	0.356	0.336	5.6	4.9	4.8	5.5	4.9
CAF310	03/21/2014	0.333	0.337	0.365	0.357	0.335	5.28	4.79	4.8	5.5	4.9
CAF310	03/22/2014	0.331	0.336	0.364	0.357	0.335	5.16	4.69	4.8	5.5	4.98
CAF310	03/23/2014	0.33	0.336	0.364	0.357	0.335	5.39	4.6	4.73	5.5	5
CAF310	03/24/2014	0.329	0.335	0.364	0.357	0.334	5.68	4.69	4.7	5.5	5
CAF310	03/25/2014	0.328	0.335	0.363	0.357	0.334	5.97	4.78	4.71	5.5	5
CAF310	03/26/2014	0.327	0.335	0.363	0.357	0.334	6.22	4.92	4.8	5.5	5
CAF310	03/27/2014	0.326	0.334	0.363	0.357	0.333	6.63	5.08	4.87	5.52	5.08
CAF310	03/28/2014	0.327	0.334	0.363	0.358	0.333	6.61	5.25	4.93	5.6	5.1
CAF310	03/29/2014	0.331	0.334	0.364	0.358	0.333	6.87	5.33	5.03	5.6	5.1
CAF310	03/30/2014	0.333	0.335	0.364	0.358	0.332	7.13	5.5	5.12	5.7	5.12
CAF310	03/31/2014	0.332	0.336	0.364	0.358	0.332	6.87	5.57	5.18	5.73	5.2
CAF310	04/01/2014	0.33	0.336	0.364	0.359	0.332	7.08	5.6	5.3	5.8	5.2
CAF310	04/02/2014	0.329	0.336	0.364	0.359	0.332	7.25	5.75	5.36	5.84	5.28
CAF310	04/03/2014	0.327	0.336	0.364	0.359	0.331	7.1	5.8	5.42	5.9	5.3
CAF310	04/04/2014	0.327	0.336	0.364	0.359	0.331	7.6	5.85	5.5	5.95	5.33
CAF310	04/05/2014	0.326	0.336	0.364	0.36	0.331	7.51	5.99	5.57	6	5.4
CAF310	04/06/2014	0.326	0.335	0.364	0.36	0.331	7.85	6.07	5.64	6.07	5.4
CAF310	04/07/2014	0.326	0.335	0.364	0.36	0.331	8.09	6.2	5.73	6.1	5.49
CAF310	04/08/2014	0.326	0.336	0.364	0.361	0.331	9.08	6.45	5.83	6.2	5.5
CAF310	04/09/2014	0.325	0.336	0.365	0.361	0.331	9.75	6.85	6	6.26	5.56
CAF310	04/10/2014	0.324	0.336	0.365	0.361	0.33	9.66	7.08	6.14	6.3	5.6
CAF310	04/11/2014	NA	NA	NA	NA	NA	NA	NA	NA	NA	NA
