CAF377	10/21/2010	0.201	0.212	0.272	0.305	0.364	10.3	10.8	12.3	12.2	12.3
CAF377	10/22/2010	0.201	0.212	0.272	0.305	0.364	10.15	10.87	12.23	12.15	12.2
CAF377	10/23/2010	0.201	0.212	0.271	0.305	0.364	10.13	10.9	12.2	12.05	12.1
CAF377	10/24/2010	0.201	0.212	0.271	0.305	0.363	9.75	10.89	12.15	11.97	12.01
CAF377	10/25/2010	0.251	0.212	0.272	0.305	0.363	8.75	10.73	12.09	11.9	11.93
CAF377	10/26/2010	0.274	0.212	0.272	0.305	0.363	7.68	10.36	11.97	11.81	11.87
CAF377	10/27/2010	0.26	0.211	0.271	0.305	0.362	7.32	9.94	11.81	11.73	11.8
CAF377	10/28/2010	0.255	0.211	0.27	0.304	0.362	7.36	9.65	11.61	11.6	11.7
CAF377	10/29/2010	0.251	0.211	0.27	0.304	0.362	7.34	9.49	11.44	11.46	11.62
CAF377	10/30/2010	0.25	0.211	0.27	0.304	0.362	7.21	9.37	11.27	11.33	11.52
CAF377	10/31/2010	0.301	0.21	0.27	0.304	0.362	7.35	9.21	11.14	11.21	11.42
CAF377	11/01/2010	0.289	0.211	0.27	0.304	0.361	7.71	9.2	11.01	11.08	11.32
CAF377	11/02/2010	0.283	0.211	0.27	0.304	0.361	8.61	9.27	10.92	10.98	11.22
CAF377	11/03/2010	0.275	0.211	0.27	0.303	0.361	8.35	9.47	10.9	10.9	11.13
CAF377	11/04/2010	0.266	0.211	0.27	0.303	0.361	7.82	9.37	10.9	10.82	11.05
CAF377	11/05/2010	0.261	0.211	0.269	0.303	0.36	8.17	9.22	10.81	10.79	11
CAF377	11/06/2010	0.256	0.211	0.269	0.303	0.36	8.81	9.32	10.78	10.7	10.9
CAF377	11/07/2010	0.28	0.211	0.269	0.303	0.36	9.17	9.5	10.71	10.67	10.86
CAF377	11/08/2010	0.288	0.211	0.269	0.303	0.36	7.95	9.53	10.8	10.6	10.8
CAF377	11/09/2010	0.276	0.211	0.269	0.303	0.36	6.51	9.14	10.72	10.6	10.76
CAF377	11/10/2010	0.27	0.21	0.269	0.302	0.36	5.86	8.66	10.58	10.5	10.7
CAF377	11/11/2010	0.27	0.21	0.269	0.302	0.359	5.8	8.32	10.39	10.44	10.65
CAF377	11/12/2010	0.268	0.21	0.268	0.302	0.359	5.7	8.12	10.22	10.33	10.58
CAF377	11/13/2010	0.265	0.21	0.268	0.301	0.359	5.2	7.92	10.05	10.19	10.5
CAF377	11/14/2010	0.265	0.21	0.267	0.301	0.359	4.93	7.63	9.89	10.07	10.4
CAF377	11/15/2010	0.273	0.209	0.267	0.301	0.358	5.8	7.5	9.73	9.94	10.3
CAF377	11/16/2010	0.313	0.21	0.267	0.301	0.358	6.43	7.65	9.61	9.82	10.2
CAF377	11/17/2010	0.299	0.21	0.267	0.301	0.358	6.15	7.8	9.6	9.72	10.1
CAF377	11/18/2010	0.323	0.21	0.266	0.301	0.358	5.76	7.69	9.53	9.67	10.02
CAF377	11/19/2010	0.307	0.21	0.266	0.3	0.358	4.87	7.5	9.48	9.6	9.96
CAF377	11/20/2010	0.295	0.209	0.266	0.3	0.358	4.13	7.13	9.35	9.51	9.9
CAF377	11/21/2010	0.284	0.209	0.265	0.3	0.357	3.5	6.74	9.18	9.42	9.8
CAF377	11/22/2010	0.277	0.208	0.265	0.299	0.357	3.12	6.38	8.99	9.28	9.72
CAF377	11/23/2010	0.271	0.208	0.264	0.299	0.357	2.93	6.09	8.78	9.15	9.63
CAF377	11/24/2010	0.267	0.208	0.264	0.299	0.357	2.74	5.86	8.59	8.98	9.52
CAF377	11/25/2010	0.261	0.208	0.263	0.298	0.356	2.53	5.66	8.42	8.84	9.42
CAF377	11/26/2010	0.256	0.208	0.263	0.298	0.356	2.36	5.48	8.25	8.69	9.29
CAF377	11/27/2010	0.253	0.208	0.263	0.297	0.356	2.27	5.32	8.09	8.55	9.17
CAF377	11/28/2010	0.251	0.208	0.262	0.297	0.355	2.2	5.17	7.95	8.42	9.06
CAF377	11/29/2010	0.25	0.208	0.262	0.297	0.355	2.2	5.05	7.81	8.27	8.95
CAF377	11/30/2010	0.25	0.208	0.261	0.296	0.355	2.2	4.96	7.64	8.15	8.84
CAF377	12/01/2010	0.25	0.208	0.261	0.296	0.354	2.18	4.87	7.57	8.04	8.72
CAF377	12/02/2010	0.25	0.207	0.261	0.296	0.354	2.1	4.8	7.46	7.93	8.62
CAF377	12/03/2010	0.251	0.207	0.261	0.295	0.354	2.1	4.7	7.36	7.82	8.52
CAF377	12/04/2010	0.251	0.207	0.26	0.295	0.354	2.1	4.66	7.27	7.71	8.42
CAF377	12/05/2010	0.25	0.207	0.26	0.295	0.353	2.1	4.6	7.2	7.62	8.33
CAF377	12/06/2010	0.25	0.207	0.26	0.294	0.353	2.1	4.51	7.1	7.53	8.23
CAF377	12/07/2010	0.252	0.207	0.26	0.294	0.353	2.1	4.5	7.03	7.45	8.15
CAF377	12/08/2010	0.331	0.207	0.26	0.295	0.353	2	4.4	6.93	7.37	8.08
CAF377	12/09/2010	0.344	0.207	0.259	0.295	0.352	1.96	4.38	6.9	7.3	8
CAF377	12/10/2010	0.354	0.208	0.258	0.295	0.352	1.75	4.22	6.81	7.2	7.9
CAF377	12/11/2010	0.326	0.207	0.258	0.294	0.352	1.9	4.09	6.71	7.12	7.83
CAF377	12/12/2010	0.376	0.216	0.257	0.294	0.352	1.67	3.94	6.61	7.05	7.72
CAF377	12/13/2010	0.355	0.297	0.257	0.294	0.352	2.39	3.8	6.49	6.96	7.68
CAF377	12/14/2010	0.363	0.313	0.257	0.293	0.351	3.62	3.99	6.37	6.86	7.6
CAF377	12/15/2010	0.335	0.315	0.258	0.292	0.351	3.2	4.28	6.3	6.78	7.5
CAF377	12/16/2010	0.325	0.313	0.258	0.292	0.351	2.65	4.3	6.3	6.7	7.43
CAF377	12/17/2010	0.318	0.311	0.258	0.292	0.351	2.31	4.24	6.3	6.7	7.38
CAF377	12/18/2010	0.311	0.309	0.258	0.292	0.351	1.98	4.11	6.27	6.61	7.3
CAF377	12/19/2010	0.306	0.307	0.258	0.291	0.351	1.75	3.96	6.15	6.59	7.25
CAF377	12/20/2010	0.302	0.306	0.258	0.291	0.35	1.63	3.83	6.09	6.5	7.2
CAF377	12/21/2010	0.298	0.305	0.257	0.291	0.35	1.6	3.73	5.99	6.41	7.1
CAF377	12/22/2010	0.297	0.304	0.257	0.291	0.35	1.53	3.63	5.9	6.34	7.05
CAF377	12/23/2010	0.296	0.303	0.257	0.291	0.35	1.5	3.57	5.8	6.27	6.98
CAF377	12/24/2010	0.296	0.302	0.257	0.29	0.35	1.5	3.5	5.72	6.2	6.9
CAF377	12/25/2010	0.297	0.301	0.257	0.29	0.349	1.5	3.46	5.65	6.11	6.83
CAF377	12/26/2010	0.299	0.3	0.257	0.29	0.349	1.5	3.4	5.57	6.06	6.77
CAF377	12/27/2010	0.304	0.3	0.257	0.29	0.349	1.5	3.4	5.47	6	6.7
CAF377	12/28/2010	0.365	0.303	0.257	0.29	0.349	1.25	3.32	5.48	5.91	6.62
CAF377	12/29/2010	0.35	0.313	0.257	0.29	0.349	1.31	3.22	5.4	5.88	6.58
CAF377	12/30/2010	0.331	0.313	0.258	0.29	0.349	1.4	3.2	5.33	5.8	6.5
CAF377	12/31/2010	0.324	0.312	0.258	0.289	0.348	1.49	3.2	5.3	5.73	6.45
CAF377	01/01/2011	0.319	0.311	0.259	0.289	0.348	1.42	3.2	5.2	5.7	6.4
CAF377	01/02/2011	0.314	0.31	0.26	0.289	0.348	1.4	3.2	5.17	5.62	6.32
CAF377	01/03/2011	0.309	0.309	0.262	0.289	0.348	1.3	3.19	5.13	5.6	6.3
CAF377	01/04/2011	0.304	0.307	0.264	0.289	0.348	1.2	3.1	5.1	5.51	6.2
CAF377	01/05/2011	0.3	0.306	0.266	0.289	0.348	1.14	3.1	5.1	5.5	6.19
CAF377	01/06/2011	0.313	0.305	0.268	0.289	0.347	1.1	3.05	5	5.44	6.1
CAF377	01/07/2011	0.374	0.309	0.271	0.289	0.347	0.87	3	5	5.4	6.09
CAF377	01/08/2011	0.344	0.311	0.274	0.289	0.347	1.05	2.93	4.96	5.36	6
CAF377	01/09/2011	0.324	0.309	0.278	0.288	0.347	1.13	2.9	4.9	5.3	6
CAF377	01/10/2011	0.317	0.308	0.281	0.288	0.347	1.13	2.9	4.9	5.28	5.9
CAF377	01/11/2011	0.31	0.307	0.284	0.288	0.347	1	2.9	4.82	5.2	5.9
CAF377	01/12/2011	0.31	0.305	0.286	0.288	0.347	0.85	2.83	4.8	5.2	5.81
CAF377	01/13/2011	0.347	0.306	0.287	0.288	0.347	0.74	2.77	4.72	5.12	5.8
CAF377	01/14/2011	0.375	0.31	0.289	0.288	0.346	0.65	2.7	4.7	5.1	5.74
CAF377	01/15/2011	0.375	0.315	0.291	0.288	0.346	0.7	2.63	4.65	5.04	5.7
CAF377	01/16/2011	0.378	0.324	0.312	0.288	0.346	0.76	2.5	4.55	4.99	5.65
CAF377	01/17/2011	0.351	0.321	0.321	0.301	0.346	2.68	2.64	4.44	4.9	5.6
CAF377	01/18/2011	0.339	0.319	0.319	0.311	0.346	3.15	3.14	4.52	4.8	5.51
CAF377	01/19/2011	0.335	0.318	0.319	0.316	0.346	2.59	3.36	4.66	4.85	5.5
CAF377	01/20/2011	0.327	0.316	0.319	0.319	0.346	2.09	3.34	4.76	4.9	5.42
CAF377	01/21/2011	0.343	0.315	0.319	0.321	0.348	1.76	3.25	4.8	4.9	5.4
CAF377	01/22/2011	0.352	0.323	0.321	0.323	0.351	1.68	3.12	4.78	4.9	5.4
CAF377	01/23/2011	0.337	0.32	0.322	0.329	0.359	1.97	3.1	4.7	4.9	5.4
CAF377	01/24/2011	0.335	0.318	0.321	0.329	0.364	2.2	3.1	4.7	4.9	5.4
CAF377	01/25/2011	0.342	0.319	0.321	0.328	0.365	2.6	3.18	4.7	4.9	5.4
CAF377	01/26/2011	0.335	0.319	0.321	0.329	0.367	2.95	3.33	4.67	4.83	5.3
CAF377	01/27/2011	0.332	0.318	0.321	0.329	0.368	3.03	3.45	4.74	4.85	5.3
CAF377	01/28/2011	0.328	0.317	0.321	0.329	0.368	3.2	3.55	4.8	4.9	5.3
CAF377	01/29/2011	0.328	0.316	0.321	0.328	0.369	3.39	3.65	4.85	4.9	5.3
CAF377	01/30/2011	0.349	0.318	0.32	0.328	0.369	3.22	3.75	4.88	4.9	5.3
CAF377	01/31/2011	0.335	0.32	0.322	0.329	0.369	2.59	3.75	5	4.96	5.3
CAF377	02/01/2011	0.324	0.318	0.323	0.33	0.37	1.9	3.6	5	5	5.3
CAF377	02/02/2011	0.316	0.316	0.322	0.33	0.371	1.38	3.38	4.96	5	5.31
CAF377	02/03/2011	0.31	0.314	0.322	0.329	0.371	1.08	3.16	4.88	4.98	5.3
CAF377	02/04/2011	0.307	0.313	0.321	0.329	0.371	0.96	2.97	4.75	4.9	5.27
CAF377	02/05/2011	0.31	0.313	0.32	0.328	0.371	0.9	2.85	4.68	4.87	5.3
CAF377	02/06/2011	0.313	0.311	0.319	0.328	0.371	0.9	2.74	4.6	4.8	5.3
CAF377	02/07/2011	0.325	0.311	0.318	0.327	0.371	0.9	2.69	4.5	4.75	5.2
CAF377	02/08/2011	0.322	0.31	0.318	0.327	0.371	0.9	2.6	4.45	4.7	5.2
CAF377	02/09/2011	0.318	0.31	0.318	0.327	0.37	0.9	2.6	4.37	4.62	5.14
CAF377	02/10/2011	0.313	0.309	0.317	0.326	0.37	0.9	2.52	4.33	4.6	5.1
CAF377	02/11/2011	0.311	0.309	0.317	0.326	0.37	0.93	2.5	4.3	4.54	5.09
CAF377	02/12/2011	0.311	0.308	0.317	0.326	0.37	1.03	2.5	4.27	4.5	5
CAF377	02/13/2011	0.315	0.309	0.316	0.325	0.37	1.19	2.5	4.14	4.49	5
CAF377	02/14/2011	0.317	0.309	0.316	0.325	0.37	1.95	2.57	4.2	4.4	4.97
CAF377	02/15/2011	0.321	0.309	0.315	0.324	0.369	2.56	2.8	4.17	4.4	4.9
CAF377	02/16/2011	0.346	0.31	0.315	0.324	0.369	2.07	2.98	4.3	4.4	4.9
CAF377	02/17/2011	0.336	0.314	0.316	0.324	0.369	1.77	2.91	4.3	4.4	4.9
CAF377	02/18/2011	0.331	0.316	0.317	0.325	0.369	1.69	2.9	4.27	4.4	4.9
CAF377	02/19/2011	0.328	0.316	0.318	0.325	0.369	1.6	2.82	4.3	4.4	4.9
CAF377	02/20/2011	0.326	0.316	0.318	0.325	0.369	1.51	2.8	4.27	4.37	4.9
CAF377	02/21/2011	0.323	0.315	0.319	0.326	0.369	1.5	2.8	4.3	4.4	4.8
CAF377	02/22/2011	0.321	0.315	0.318	0.326	0.37	1.42	2.72	4.3	4.4	4.8
CAF377	02/23/2011	0.32	0.314	0.318	0.326	0.37	1.4	2.7	4.27	4.4	4.8
CAF377	02/24/2011	0.318	0.314	0.318	0.326	0.37	1.4	2.7	4.2	4.38	4.8
CAF377	02/25/2011	0.317	0.313	0.317	0.327	0.37	1.4	2.7	4.17	4.3	4.77
CAF377	02/26/2011	0.315	0.313	0.317	0.326	0.37	1.32	2.69	4.2	4.3	4.8
CAF377	02/27/2011	0.312	0.312	0.317	0.327	0.37	1.3	2.6	4.17	4.3	4.71
CAF377	02/28/2011	0.312	0.311	0.317	0.326	0.37	1.3	2.6	4.18	4.3	4.7
CAF377	03/01/2011	0.313	0.311	0.316	0.326	0.37	1.3	2.6	4.1	4.28	4.7
CAF377	03/02/2011	0.338	0.311	0.316	0.326	0.371	1.24	2.6	4.07	4.2	4.7
CAF377	03/03/2011	0.354	0.32	0.316	0.325	0.37	1.19	2.52	4.1	4.2	4.7
CAF377	03/04/2011	0.343	0.32	0.317	0.326	0.37	1.2	2.5	4.1	4.2	4.64
CAF377	03/05/2011	0.35	0.321	0.318	0.326	0.37	1.24	2.5	4.05	4.2	4.6
CAF377	03/06/2011	0.346	0.324	0.321	0.329	0.371	1.2	2.5	4	4.15	4.6
CAF377	03/07/2011	0.34	0.322	0.322	0.333	0.373	1.23	2.43	4	4.1	4.6
CAF377	03/08/2011	0.336	0.321	0.321	0.333	0.374	1.2	2.4	3.98	4.1	4.52
CAF377	03/09/2011	0.356	0.323	0.322	0.331	0.375	1.2	2.4	3.9	4.07	4.5
CAF377	03/10/2011	0.37	0.334	0.328	0.371	0.383	1.34	2.29	3.84	3.98	4.46
CAF377	03/11/2011	0.345	0.326	0.325	0.372	0.392	1.77	2.3	3.73	3.9	4.4
CAF377	03/12/2011	0.336	0.322	0.323	0.349	0.39	1.99	2.45	3.77	3.9	4.3
CAF377	03/13/2011	0.334	0.32	0.322	0.344	0.388	2.31	2.57	3.8	3.9	4.3
CAF377	03/14/2011	0.338	0.32	0.321	0.341	0.387	3.06	2.78	3.87	3.9	4.3
CAF377	03/15/2011	0.345	0.319	0.32	0.34	0.385	3.4	3.02	3.95	3.9	4.3
CAF377	03/16/2011	0.356	0.323	0.32	0.339	0.383	3.6	3.24	4.03	3.95	4.3
CAF377	03/17/2011	0.34	0.323	0.322	0.34	0.383	3.42	3.38	4.17	4	4.27
CAF377	03/18/2011	0.335	0.322	0.322	0.341	0.383	3.34	3.48	4.28	4.09	4.33
CAF377	03/19/2011	0.34	0.321	0.322	0.34	0.383	3.62	3.54	4.35	4.12	4.4
CAF377	03/20/2011	0.338	0.32	0.321	0.339	0.382	3.15	3.6	4.4	4.2	4.4
CAF377	03/21/2011	0.35	0.319	0.321	0.338	0.382	3.37	3.59	4.46	4.22	4.43
CAF377	03/22/2011	0.351	0.325	0.322	0.338	0.381	3.59	3.61	4.5	4.3	4.5
CAF377	03/23/2011	0.339	0.324	0.324	0.34	0.382	3.71	3.7	4.53	4.3	4.5
CAF377	03/24/2011	0.335	0.323	0.323	0.34	0.382	4.29	3.82	4.6	4.35	4.5
CAF377	03/25/2011	0.334	0.322	0.323	0.34	0.382	4.87	4.05	4.67	4.4	4.55
CAF377	03/26/2011	0.332	0.321	0.322	0.339	0.382	4.69	4.23	4.75	4.45	4.6
CAF377	03/27/2011	0.349	0.321	0.322	0.339	0.382	4.82	4.36	4.89	4.51	4.6
CAF377	03/28/2011	0.339	0.32	0.322	0.338	0.381	5.01	4.5	4.99	4.6	4.68
CAF377	03/29/2011	0.338	0.32	0.322	0.338	0.381	4.73	4.6	5.09	4.67	4.7
CAF377	03/30/2011	0.369	0.324	0.322	0.337	0.38	5.11	4.6	5.17	4.73	4.78
CAF377	03/31/2011	0.348	0.328	0.326	0.339	0.38	6.25	4.78	5.19	4.8	4.8
CAF377	04/01/2011	0.34	0.327	0.326	0.341	0.382	6.59	5.11	5.34	4.85	4.88
CAF377	04/02/2011	0.363	0.328	0.326	0.34	0.382	7.27	5.45	5.5	4.94	4.9
CAF377	04/03/2011	0.346	0.33	0.327	0.342	0.383	5.88	5.69	5.68	5.05	4.99
CAF377	04/04/2011	0.351	0.327	0.327	0.342	0.383	5.25	5.55	5.8	5.16	5.05
CAF377	04/05/2011	0.363	0.333	0.329	0.344	0.384	5.23	5.37	5.85	5.25	5.11
CAF377	04/06/2011	0.347	0.329	0.328	0.346	0.387	4.85	5.28	5.9	5.3	5.2
CAF377	04/07/2011	0.34	0.327	0.327	0.343	0.387	4.35	5.14	5.85	5.3	5.21
CAF377	04/08/2011	0.338	0.326	0.326	0.342	0.386	4.42	4.98	5.8	5.38	5.3
CAF377	04/09/2011	0.335	0.325	0.326	0.341	0.385	5.02	4.97	5.8	5.36	5.3
CAF377	04/10/2011	0.332	0.324	0.325	0.34	0.384	5.36	5.07	5.77	5.33	5.3
CAF377	04/11/2011	0.332	0.323	0.325	0.34	0.383	5.57	5.18	5.8	5.4	5.3
CAF377	04/12/2011	0.329	0.323	0.324	0.339	0.383	5.4	5.29	5.83	5.4	5.32
CAF377	04/13/2011	0.325	0.322	0.324	0.339	0.382	5.61	5.35	5.9	5.4	5.4
CAF377	04/14/2011	0.323	0.321	0.324	0.339	0.381	4.96	5.36	5.9	5.45	5.4
CAF377	04/15/2011	0.338	0.32	0.323	0.338	0.381	5.29	5.23	5.88	5.5	5.4
CAF377	04/16/2011	0.338	0.32	0.322	0.338	0.38	6.21	5.34	5.93	5.5	5.43
CAF377	04/17/2011	0.333	0.32	0.322	0.338	0.38	6.48	5.6	5.97	5.5	5.5
CAF377	04/18/2011	0.328	0.32	0.322	0.338	0.38	5.78	5.74	6.07	5.57	5.5
CAF377	04/19/2011	0.324	0.32	0.322	0.337	0.379	5.11	5.65	6.19	5.6	5.5
CAF377	04/20/2011	0.319	0.319	0.322	0.337	0.379	5.02	5.48	6.2	5.69	5.59
CAF377	04/21/2011	0.317	0.318	0.321	0.337	0.379	5.29	5.4	6.17	5.7	5.6
CAF377	04/22/2011	0.314	0.318	0.321	0.337	0.378	5.15	5.4	6.1	5.7	5.6
CAF377	04/23/2011	0.311	0.317	0.321	0.336	0.378	5.61	5.4	6.1	5.7	5.6
CAF377	04/24/2011	0.31	0.317	0.32	0.336	0.378	6.65	5.57	6.15	5.7	5.65
CAF377	04/25/2011	0.326	0.317	0.32	0.335	0.378	6.96	5.87	6.22	5.72	5.7
CAF377	04/26/2011	0.339	0.317	0.32	0.335	0.377	6.23	6.04	6.34	5.8	5.7
CAF377	04/27/2011	0.327	0.317	0.32	0.335	0.377	6.37	6	6.37	5.85	5.7
CAF377	04/28/2011	0.325	0.317	0.32	0.335	0.377	6.74	6.11	6.46	5.9	5.79
CAF377	04/29/2011	0.321	0.317	0.32	0.335	0.377	6.03	6.2	6.54	5.95	5.8
CAF377	04/30/2011	0.315	0.316	0.32	0.335	0.377	5.72	6.06	6.6	6	5.83
CAF377	05/01/2011	0.312	0.315	0.32	0.335	0.376	6.54	6	6.6	6	5.9
CAF377	05/02/2011	0.318	0.315	0.32	0.335	0.376	7.56	6.2	6.6	6.07	5.9
CAF377	05/03/2011	0.338	0.315	0.32	0.335	0.376	6.82	6.46	6.68	6.1	5.91
CAF377	05/04/2011	0.326	0.315	0.32	0.335	0.376	6.98	6.43	6.78	6.2	6
CAF377	05/05/2011	0.32	0.314	0.319	0.335	0.376	8.08	6.58	6.81	6.2	6
CAF377	05/06/2011	0.314	0.314	0.319	0.335	0.375	8.17	6.84	6.92	6.3	6.07
CAF377	05/07/2011	0.313	0.314	0.32	0.334	0.375	8.28	7	7.04	6.35	6.1
CAF377	05/08/2011	0.31	0.315	0.32	0.334	0.375	8.67	7.18	7.11	6.42	6.15
CAF377	05/09/2011	0.314	0.315	0.32	0.334	0.375	8.52	7.36	7.23	6.5	6.2
CAF377	05/10/2011	0.317	0.315	0.321	0.334	0.375	8.54	7.4	7.35	6.6	6.28
CAF377	05/11/2011	NA	NA	NA	NA	NA	NA	NA	NA	NA	NA
CAF377	05/13/2011	0.306	0.316	0.323	0.334	0.375	10.79	8.4	7.9	6.9	6.5
CAF377	05/14/2011	0.305	0.316	0.322	0.334	0.375	11.81	8.6	7.99	7.02	6.57
CAF377	05/15/2011	0.301	0.316	0.323	0.334	0.375	12.27	9.07	8.21	7.15	6.66
CAF377	05/16/2011	0.359	0.316	0.323	0.334	0.375	10.6	9.3	8.47	7.31	6.76
CAF377	05/17/2011	0.35	0.316	0.323	0.335	0.374	9.62	9.08	8.65	7.46	6.88
CAF377	05/18/2011	0.341	0.316	0.323	0.335	0.374	10.18	8.9	8.7	7.6	6.99
CAF377	05/19/2011	0.334	0.316	0.324	0.335	0.374	10.86	9.02	8.68	7.68	7.1
CAF377	05/20/2011	0.328	0.315	0.324	0.335	0.374	11.6	9.23	8.81	7.74	7.18
CAF377	05/21/2011	0.323	0.315	0.325	0.335	0.374	12.53	9.55	8.93	7.82	7.25
CAF377	05/22/2011	0.316	0.315	0.325	0.335	0.374	12.59	9.91	9.07	7.93	7.33
CAF377	05/23/2011	0.309	0.315	0.326	0.335	0.374	12.15	10.05	9.29	8.05	7.42
CAF377	05/24/2011	0.304	0.314	0.326	0.335	0.374	11.77	10.13	9.45	8.18	7.52
CAF377	05/25/2011	0.299	0.313	0.327	0.335	0.374	11.28	10.08	9.56	8.3	7.62
CAF377	05/26/2011	0.361	0.312	0.327	0.335	0.374	10.88	9.99	9.6	8.4	7.71
CAF377	05/27/2011	0.339	0.311	0.327	0.336	0.374	10.48	9.82	9.67	8.48	7.8
CAF377	05/28/2011	0.327	0.309	0.327	0.337	0.374	10.52	9.7	9.65	8.5	7.89
CAF377	05/29/2011	0.318	0.308	0.327	0.337	0.373	10.81	9.7	9.6	8.56	7.9
CAF377	05/30/2011	0.31	0.307	0.327	0.337	0.373	10.85	9.76	9.63	8.6	8
CAF377	05/31/2011	0.304	0.306	0.327	0.336	0.373	11.17	9.8	9.7	8.6	8.03
CAF377	06/01/2011	0.301	0.305	0.327	0.336	0.373	11.18	9.86	9.72	8.65	8.1
CAF377	06/02/2011	0.323	0.305	0.326	0.336	0.373	10.6	9.9	9.8	8.7	8.08
CAF377	06/03/2011	0.328	0.304	0.326	0.336	0.373	10.05	9.75	9.8	8.72	8.2
CAF377	06/04/2011	0.313	0.302	0.324	0.336	0.373	11.11	9.67	9.8	8.8	8.17
CAF377	06/05/2011	0.3	0.301	0.321	0.336	0.372	12.26	9.91	9.8	8.8	8.28
CAF377	06/06/2011	0.292	0.3	0.32	0.335	0.372	12.89	10.29	9.9	8.8	8.3
CAF377	06/07/2011	0.286	0.3	0.319	0.335	0.372	12.86	10.59	10.05	8.9	8.33
CAF377	06/08/2011	0.276	0.298	0.319	0.335	0.372	12.61	10.77	10.22	8.99	8.4
CAF377	06/09/2011	0.269	0.297	0.319	0.335	0.371	11.8	10.78	10.35	9.09	8.48
CAF377	06/10/2011	0.26	0.294	0.318	0.335	0.371	12.08	10.7	10.4	9.19	8.55
CAF377	06/11/2011	0.253	0.292	0.317	0.335	0.371	12.64	10.76	10.45	9.26	8.61
CAF377	06/12/2011	0.248	0.29	0.315	0.335	0.371	13.21	10.93	10.52	9.3	8.7
CAF377	06/13/2011	0.245	0.289	0.314	0.335	0.371	13.38	11.17	10.63	9.39	8.75
CAF377	06/14/2011	0.243	0.287	0.313	0.334	0.37	13	11.3	10.72	9.47	8.8
CAF377	06/15/2011	0.239	0.284	0.312	0.334	0.37	12.9	11.3	10.85	9.56	8.9
CAF377	06/16/2011	0.237	0.282	0.311	0.333	0.37	12.13	11.28	10.9	9.65	8.97
CAF377	06/17/2011	0.236	0.28	0.31	0.333	0.37	11.69	11.1	10.97	9.7	9.02
CAF377	06/18/2011	0.235	0.277	0.309	0.332	0.369	12.19	11	10.9	9.75	9.1
CAF377	06/19/2011	0.234	0.277	0.308	0.331	0.369	12.06	11	10.9	9.8	9.13
CAF377	06/20/2011	0.233	0.275	0.306	0.33	0.369	12.5	11.04	10.9	9.8	9.2
CAF377	06/21/2011	0.23	0.272	0.305	0.329	0.369	13.11	11.16	10.98	9.8	9.2
CAF377	06/22/2011	0.227	0.268	0.303	0.327	0.369	13.8	11.37	11.01	9.88	9.28
CAF377	06/23/2011	0.225	0.265	0.3	0.325	0.368	14.39	11.65	11.1	9.9	9.3
CAF377	06/24/2011	0.222	0.261	0.298	0.323	0.368	13.58	11.86	11.18	10	9.35
CAF377	06/25/2011	0.22	0.257	0.295	0.321	0.368	13.1	11.8	11.28	10.09	9.4
CAF377	06/26/2011	0.219	0.253	0.293	0.319	0.368	12.85	11.7	11.3	10.16	9.49
CAF377	06/27/2011	0.217	0.25	0.291	0.316	0.368	13.17	11.67	11.3	10.2	9.53
CAF377	06/28/2011	0.217	0.248	0.289	0.313	0.367	13.83	11.75	11.3	10.25	9.6
CAF377	06/29/2011	0.216	0.247	0.287	0.311	0.367	14.31	11.94	11.37	10.3	9.61
CAF377	06/30/2011	0.216	0.246	0.285	0.308	0.366	14.17	12.15	11.45	10.33	9.7
CAF377	07/01/2011	0.214	0.244	0.283	0.305	0.366	13.62	12.18	11.51	10.4	9.72
CAF377	07/02/2011	0.214	0.241	0.28	0.302	0.365	13.66	12.1	11.6	10.49	9.8
CAF377	07/03/2011	0.213	0.239	0.278	0.298	0.365	14.28	12.17	11.6	10.5	9.83
CAF377	07/04/2011	0.213	0.236	0.275	0.295	0.365	14.42	12.28	11.63	10.58	9.9
CAF377	07/05/2011	0.212	0.234	0.272	0.291	0.364	14.49	12.4	11.7	10.6	9.93
CAF377	07/06/2011	0.211	0.231	0.268	0.287	0.363	14.7	12.49	11.79	10.69	10
CAF377	07/07/2011	0.211	0.229	0.265	0.283	0.362	15.13	12.65	11.83	10.71	10.04
CAF377	07/08/2011	0.21	0.227	0.261	0.279	0.361	15.12	12.83	11.92	10.8	10.1
CAF377	07/09/2011	0.209	0.226	0.258	0.275	0.359	14.39	12.87	12	10.87	10.14
CAF377	07/10/2011	0.208	0.224	0.254	0.271	0.357	14.1	12.77	12.09	10.93	10.2
CAF377	07/11/2011	0.208	0.223	0.251	0.267	0.355	14.24	12.7	12.1	11	10.27
CAF377	07/12/2011	0.208	0.222	0.25	0.264	0.353	14.86	12.75	12.1	11	10.3
CAF377	07/13/2011	0.208	0.222	0.249	0.262	0.351	14.99	12.94	12.12	11.09	10.35
CAF377	07/14/2011	0.208	0.222	0.248	0.261	0.349	14.19	12.99	12.2	11.11	10.4
CAF377	07/15/2011	0.207	0.221	0.248	0.259	0.346	13.86	12.86	12.21	11.2	10.43
CAF377	07/16/2011	0.207	0.221	0.247	0.255	0.343	14.2	12.8	12.2	11.2	10.5
CAF377	07/17/2011	0.207	0.22	0.246	0.252	0.34	14.53	12.8	12.2	11.2	10.5
CAF377	07/18/2011	0.207	0.219	0.245	0.249	0.337	15.11	12.94	12.21	11.27	10.54
CAF377	07/19/2011	0.207	0.219	0.243	0.248	0.333	15.12	13.09	12.3	11.3	10.6
CAF377	07/20/2011	0.206	0.219	0.243	0.247	0.33	14.63	13.17	12.38	11.33	10.6
CAF377	07/21/2011	0.206	0.218	0.242	0.246	0.326	14.4	13.09	12.4	11.4	10.63
CAF377	07/22/2011	0.206	0.217	0.241	0.245	0.321	14.43	13.03	12.4	11.4	10.7
CAF377	07/23/2011	0.205	0.217	0.24	0.243	0.316	14.14	13	12.4	11.45	10.7
CAF377	07/24/2011	0.205	0.215	0.238	0.241	0.31	14.39	12.96	12.4	11.5	10.7
CAF377	07/25/2011	0.205	0.214	0.237	0.239	0.303	15.23	13.03	12.4	11.5	10.8
CAF377	07/26/2011	0.204	0.214	0.235	0.237	0.298	15.42	13.25	12.46	11.5	10.8
CAF377	07/27/2011	0.204	0.214	0.235	0.236	0.293	15.13	13.38	12.53	11.53	10.8
CAF377	07/28/2011	0.203	0.214	0.234	0.235	0.288	14.94	13.4	12.6	11.6	10.82
CAF377	07/29/2011	0.203	0.213	0.232	0.234	0.283	15.35	13.4	12.6	11.61	10.9
CAF377	07/30/2011	0.204	0.213	0.232	0.234	0.28	16.26	13.54	12.7	11.7	10.9
CAF377	07/31/2011	0.205	0.214	0.232	0.234	0.276	17.34	13.8	12.74	11.7	10.94
CAF377	08/01/2011	0.205	0.214	0.231	0.233	0.272	17.75	14.11	12.85	11.77	11
CAF377	08/02/2011	0.205	0.214	0.231	0.233	0.268	18.08	14.34	12.96	11.82	11
CAF377	08/03/2011	0.205	0.214	0.231	0.233	0.264	18.34	14.54	13.08	11.9	11.08
CAF377	08/04/2011	0.205	0.214	0.231	0.233	0.26	18.34	14.68	13.2	11.99	11.1
CAF377	08/05/2011	0.205	0.214	0.231	0.233	0.257	18.74	14.82	13.3	12.08	11.2
CAF377	08/06/2011	0.205	0.214	0.23	0.233	0.254	18.68	14.97	13.41	12.16	11.23
CAF377	08/07/2011	0.204	0.214	0.23	0.233	0.251	18.49	15.05	13.5	12.24	11.3
CAF377	08/08/2011	0.204	0.214	0.23	0.233	0.25	18.44	15.08	13.6	12.32	11.37
CAF377	08/09/2011	0.204	0.214	0.23	0.232	0.249	18.35	15.1	13.65	12.4	11.4
CAF377	08/10/2011	0.203	0.214	0.23	0.232	0.249	18.17	15.1	13.7	12.46	11.5
CAF377	08/11/2011	0.203	0.214	0.23	0.232	0.248	17.94	15.07	13.72	12.5	11.53
CAF377	08/12/2011	0.203	0.214	0.23	0.232	0.248	17.88	15	13.8	12.58	11.6
CAF377	08/13/2011	0.203	0.214	0.23	0.232	0.248	18.36	15.01	13.8	12.6	11.62
CAF377	08/14/2011	0.203	0.214	0.23	0.232	0.248	18.55	15.17	13.8	12.64	11.7
CAF377	08/15/2011	0.203	0.214	0.23	0.232	0.248	18.31	15.27	13.9	12.7	11.7
CAF377	08/16/2011	0.203	0.214	0.23	0.232	0.248	17.65	15.24	13.95	12.77	11.79
CAF377	08/17/2011	0.203	0.214	0.23	0.232	0.248	17.79	15.13	14	12.8	11.8
CAF377	08/18/2011	0.203	0.214	0.23	0.232	0.248	17.9	15.12	14	12.84	11.87
CAF377	08/19/2011	0.203	0.214	0.23	0.232	0.247	17.87	15.13	14	12.9	11.9
CAF377	08/20/2011	0.203	0.214	0.23	0.232	0.247	18.12	15.17	14	12.9	11.91
CAF377	08/21/2011	0.203	0.214	0.23	0.232	0.247	18.28	15.23	14.03	12.92	12
CAF377	08/22/2011	0.203	0.214	0.23	0.232	0.247	18.62	15.35	14.1	13	12
CAF377	08/23/2011	0.203	0.214	0.23	0.232	0.248	19.01	15.48	14.14	13.03	12.05
CAF377	08/24/2011	0.203	0.215	0.23	0.232	0.248	19.15	15.67	14.24	13.1	12.1
CAF377	08/25/2011	0.204	0.215	0.23	0.232	0.248	19.68	15.83	14.33	13.19	12.11
CAF377	08/26/2011	NA	NA	NA	NA	NA	NA	NA	NA	NA	NA
CAF377	09/02/2011	0.2	0.216	0.231	0.233	0.248	17.47	16.14	15.2	13.96	12.73
CAF377	09/03/2011	0.199	0.215	0.231	0.233	0.249	16.79	15.97	15.11	14	12.8
CAF377	09/04/2011	0.198	0.215	0.231	0.233	0.249	16.83	15.7	15.02	13.97	12.8
CAF377	09/05/2011	0.198	0.215	0.23	0.233	0.249	17.16	15.58	14.91	13.9	12.8
CAF377	09/06/2011	0.199	0.215	0.23	0.233	0.249	17.45	15.58	14.84	13.9	12.85
CAF377	09/07/2011	0.199	0.215	0.23	0.232	0.249	17.7	15.6	14.8	13.9	12.9
CAF377	09/08/2011	0.199	0.215	0.23	0.233	0.249	18.16	15.7	14.8	13.85	12.9
CAF377	09/09/2011	0.199	0.215	0.23	0.233	0.249	18.35	15.87	14.86	13.9	12.9
CAF377	09/10/2011	0.198	0.215	0.23	0.233	0.249	18.51	15.98	14.9	13.9	12.9
CAF377	09/11/2011	0.198	0.216	0.231	0.233	0.249	18.67	16.09	15	13.9	12.9
CAF377	09/12/2011	0.198	0.216	0.231	0.233	0.249	18.75	16.19	15.05	13.99	12.95
CAF377	09/13/2011	0.198	0.216	0.231	0.233	0.25	18.68	16.29	15.11	14	13
CAF377	09/14/2011	0.197	0.216	0.231	0.233	0.25	18.51	16.32	15.2	14.09	13
CAF377	09/15/2011	0.197	0.216	0.231	0.233	0.25	18.19	16.32	15.2	14.1	13.1
CAF377	09/16/2011	0.196	0.216	0.231	0.233	0.25	16.96	16.21	15.29	14.17	13.1
CAF377	09/17/2011	0.195	0.215	0.231	0.233	0.25	16.16	15.86	15.2	14.2	13.16
CAF377	09/18/2011	0.194	0.215	0.231	0.233	0.25	15.99	15.53	15.11	14.2	13.2
CAF377	09/19/2011	0.195	0.215	0.23	0.233	0.25	16.16	15.35	14.97	14.1	13.2
CAF377	09/20/2011	0.195	0.215	0.23	0.233	0.25	15.72	15.25	14.88	14.08	13.2
CAF377	09/21/2011	0.194	0.215	0.23	0.233	0.25	15.48	15.07	14.79	14	13.2
CAF377	09/22/2011	0.195	0.214	0.23	0.233	0.25	15.7	14.95	14.69	13.97	13.1
CAF377	09/23/2011	0.195	0.214	0.23	0.233	0.25	16.25	14.93	14.6	13.9	13.1
CAF377	09/24/2011	0.195	0.214	0.23	0.233	0.25	16.74	15.05	14.6	13.89	13.1
CAF377	09/25/2011	0.195	0.215	0.23	0.233	0.25	16.86	15.21	14.6	13.8	13.1
CAF377	09/26/2011	0.195	0.215	0.23	0.233	0.25	15.72	15.26	14.6	13.8	13.05
CAF377	09/27/2011	0.195	0.214	0.23	0.233	0.25	15.23	15.04	14.6	13.8	13
CAF377	09/28/2011	0.195	0.214	0.23	0.233	0.25	14.56	14.82	14.56	13.8	13.03
CAF377	09/29/2011	0.195	0.214	0.23	0.233	0.25	13.78	14.49	14.45	13.8	13
CAF377	09/30/2011	0.195	0.214	0.23	0.233	0.25	13.81	14.18	14.3	13.73	13
CAF377	10/01/2011	0.196	0.214	0.23	0.233	0.25	14.56	14	14.15	13.65	13
CAF377	10/02/2011	0.196	0.214	0.23	0.233	0.25	14.52	14.1	14.04	13.57	12.92
CAF377	10/03/2011	0.196	0.214	0.229	0.232	0.25	14.54	14.1	14	13.5	12.9
CAF377	10/04/2011	0.195	0.214	0.229	0.232	0.25	14.02	14.05	13.94	13.46	12.85
CAF377	10/05/2011	0.195	0.213	0.229	0.232	0.25	13.26	13.88	13.9	13.4	12.8
CAF377	10/06/2011	0.302	0.212	0.229	0.232	0.25	11.98	13.58	13.82	13.39	12.8
CAF377	10/07/2011	0.295	0.212	0.229	0.232	0.25	11.38	13.15	13.67	13.3	12.74
CAF377	10/08/2011	0.275	0.212	0.229	0.232	0.25	11.12	12.76	13.48	13.2	12.7
CAF377	10/09/2011	0.264	0.211	0.229	0.232	0.25	11	12.45	13.27	13.07	12.62
CAF377	10/10/2011	0.256	0.211	0.228	0.232	0.25	11.02	12.25	13.07	12.95	12.55
CAF377	10/11/2011	0.275	0.211	0.228	0.232	0.25	11.02	12.09	12.91	12.82	12.47
CAF377	10/12/2011	0.274	0.211	0.228	0.232	0.25	10.8	11.96	12.76	12.68	12.38
CAF377	10/13/2011	0.263	0.21	0.228	0.232	0.25	10.52	11.8	12.64	12.58	12.3
CAF377	10/14/2011	0.255	0.21	0.228	0.232	0.25	10.56	11.64	12.5	12.46	12.2
CAF377	10/15/2011	0.257	0.21	0.227	0.231	0.25	10.75	11.53	12.37	12.36	12.12
CAF377	10/16/2011	0.283	0.21	0.227	0.231	0.25	10.57	11.5	12.28	12.26	12.04
CAF377	10/17/2011	0.278	0.21	0.227	0.231	0.25	9.75	11.36	12.2	12.18	11.97
CAF377	10/18/2011	0.268	0.21	0.227	0.231	0.25	9.27	11.09	12.08	12.09	11.9
CAF377	10/19/2011	0.262	0.21	0.227	0.231	0.25	9.3	10.83	11.94	11.99	11.8
CAF377	10/20/2011	0.257	0.209	0.227	0.231	0.25	9.52	10.7	11.78	11.88	11.74
CAF377	10/21/2011	0.253	0.209	0.227	0.231	0.25	9.93	10.7	11.66	11.78	11.66
CAF377	10/22/2011	0.253	0.209	0.226	0.231	0.249	10.26	10.7	11.6	11.69	11.58
CAF377	10/23/2011	0.256	0.21	0.226	0.231	0.249	10.55	10.78	11.5	11.6	11.5
CAF377	10/24/2011	0.251	0.21	0.226	0.231	0.249	10.4	10.87	11.5	11.55	11.42
CAF377	10/25/2011	0.248	0.21	0.226	0.231	0.249	8.97	10.75	11.5	11.5	11.4
CAF377	10/26/2011	0.246	0.209	0.226	0.231	0.249	7.56	10.36	11.43	11.48	11.31
CAF377	10/27/2011	0.245	0.209	0.226	0.231	0.249	7.19	9.88	11.25	11.39	11.29
CAF377	10/28/2011	0.244	0.208	0.226	0.23	0.249	6.65	9.5	11.03	11.27	11.2
CAF377	10/29/2011	0.243	0.208	0.226	0.23	0.249	7.13	9.2	10.8	11.13	11.13
CAF377	10/30/2011	0.248	0.208	0.226	0.23	0.249	7.12	9.08	10.6	10.97	11.03
CAF377	10/31/2011	0.277	0.208	0.225	0.23	0.249	7.78	9	10.45	10.84	10.92
CAF377	11/01/2011	0.261	0.208	0.225	0.23	0.249	6.76	9	10.34	10.72	10.82
CAF377	11/02/2011	0.252	0.207	0.225	0.23	0.249	5.55	8.71	10.25	10.61	10.72
CAF377	11/03/2011	0.249	0.207	0.225	0.23	0.249	5.3	8.3	10.07	10.5	10.63
CAF377	11/04/2011	0.283	0.207	0.225	0.23	0.249	5.48	8.05	9.86	10.35	10.54
CAF377	11/05/2011	0.288	0.207	0.224	0.23	0.249	4.85	7.86	9.68	10.21	10.43
CAF377	11/06/2011	0.275	0.206	0.224	0.23	0.248	4.37	7.56	9.5	10.06	10.33
CAF377	11/07/2011	0.266	0.206	0.224	0.229	0.248	3.9	7.26	9.31	9.91	10.22
CAF377	11/08/2011	0.26	0.206	0.224	0.229	0.248	3.87	6.97	9.11	9.75	10.09
CAF377	11/09/2011	0.256	0.206	0.223	0.229	0.248	4.11	6.78	8.91	9.58	9.97
CAF377	11/10/2011	0.253	0.206	0.223	0.229	0.248	4.25	6.7	8.75	9.44	9.85
CAF377	11/11/2011	0.255	0.205	0.223	0.229	0.248	4.33	6.61	8.62	9.28	9.73
CAF377	11/12/2011	0.321	0.205	0.223	0.229	0.248	4.31	6.6	8.5	9.16	9.62
CAF377	11/13/2011	0.343	0.205	0.223	0.229	0.248	4.1	6.51	8.4	9.05	9.5
CAF377	11/14/2011	0.309	0.205	0.223	0.228	0.248	4.43	6.4	8.3	8.95	9.4
CAF377	11/15/2011	0.296	0.205	0.223	0.228	0.248	3.95	6.39	8.21	8.84	9.3
CAF377	11/16/2011	0.285	0.205	0.222	0.228	0.248	3.2	6.2	8.13	8.75	9.22
CAF377	11/17/2011	0.329	0.204	0.222	0.228	0.248	2.77	5.9	7.99	8.65	9.13
CAF377	11/18/2011	0.318	0.204	0.222	0.228	0.248	2.78	5.65	7.84	8.53	9.04
CAF377	11/19/2011	0.309	0.204	0.222	0.228	0.247	2.84	5.51	7.67	8.4	8.95
CAF377	11/20/2011	0.302	0.204	0.222	0.228	0.247	2.98	5.41	7.55	8.27	8.85
CAF377	11/21/2011	0.301	0.204	0.222	0.228	0.247	3.1	5.4	7.43	8.16	8.75
CAF377	11/22/2011	0.357	0.204	0.222	0.228	0.247	2.84	5.32	7.34	8.06	8.65
CAF377	11/23/2011	0.321	0.204	0.222	0.228	0.247	4.2	5.3	7.25	7.97	8.56
CAF377	11/24/2011	0.313	0.204	0.222	0.228	0.247	4.63	5.53	7.2	7.88	8.48
CAF377	11/25/2011	0.332	0.204	0.222	0.228	0.247	4.45	5.69	7.2	7.8	8.4
CAF377	11/26/2011	0.314	0.205	0.222	0.228	0.247	3.75	5.68	7.24	7.8	8.32
CAF377	11/27/2011	0.305	0.205	0.222	0.228	0.247	3.47	5.51	7.2	7.77	8.3
CAF377	11/28/2011	0.327	0.204	0.222	0.228	0.247	3.81	5.4	7.15	7.7	8.22
CAF377	11/29/2011	0.314	0.205	0.222	0.228	0.247	3.66	5.4	7.1	7.65	8.2
CAF377	11/30/2011	0.308	0.205	0.222	0.228	0.247	3.74	5.3	7.03	7.6	8.12
CAF377	12/01/2011	0.304	0.205	0.222	0.228	0.247	3.35	5.29	7	7.53	8.1
CAF377	12/02/2011	0.298	0.205	0.222	0.228	0.247	2.92	5.15	6.93	7.48	8
CAF377	12/03/2011	0.292	0.204	0.222	0.228	0.247	2.55	4.95	6.84	7.4	7.99
CAF377	12/04/2011	0.286	0.204	0.222	0.228	0.247	2.3	4.75	6.73	7.32	7.9
CAF377	12/05/2011	0.28	0.204	0.221	0.228	0.247	2.09	4.56	6.61	7.22	7.85
CAF377	12/06/2011	0.276	0.204	0.221	0.228	0.247	1.92	4.4	6.48	7.16	7.79
CAF377	12/07/2011	0.271	0.204	0.221	0.228	0.247	1.79	4.25	6.36	7.09	7.7
CAF377	12/08/2011	0.267	0.204	0.221	0.227	0.246	1.63	4.13	6.25	7	7.62
CAF377	12/09/2011	0.264	0.204	0.221	0.227	0.246	1.49	4	6.14	6.9	7.55
CAF377	12/10/2011	0.261	0.204	0.221	0.227	0.246	1.4	3.87	6.03	6.82	7.48
CAF377	12/11/2011	0.258	0.204	0.221	0.227	0.246	1.37	3.78	5.93	6.74	7.4
CAF377	12/12/2011	0.256	0.204	0.221	0.227	0.246	1.29	3.7	5.83	6.69	7.31
CAF377	12/13/2011	0.254	0.204	0.22	0.227	0.246	1.2	3.6	5.75	6.6	7.24
CAF377	12/14/2011	0.252	0.204	0.22	0.227	0.246	1.2	3.53	5.66	6.53	7.17
CAF377	12/15/2011	0.251	0.204	0.22	0.227	0.246	1.2	3.49	5.59	6.48	7.1
CAF377	12/16/2011	0.25	0.204	0.22	0.227	0.246	1.2	3.4	5.5	6.4	7.02
CAF377	12/17/2011	0.25	0.204	0.22	0.227	0.246	1.23	3.4	5.43	6.33	6.95
CAF377	12/18/2011	0.25	0.204	0.22	0.227	0.246	1.24	3.31	5.38	6.3	6.9
CAF377	12/19/2011	0.25	0.204	0.22	0.227	0.246	1.25	3.3	5.3	6.2	6.8
CAF377	12/20/2011	0.25	0.204	0.22	0.227	0.246	1.28	3.3	5.27	6.17	6.76
CAF377	12/21/2011	0.25	0.204	0.22	0.227	0.246	1.29	3.3	5.2	6.1	6.7
CAF377	12/22/2011	0.25	0.204	0.22	0.226	0.246	1.15	3.21	5.18	6.07	6.64
CAF377	12/23/2011	0.249	0.204	0.22	0.226	0.246	1.03	3.2	5.1	6	6.6
CAF377	12/24/2011	0.249	0.204	0.22	0.226	0.246	0.91	3.11	5.08	5.96	6.52
CAF377	12/25/2011	0.248	0.204	0.22	0.226	0.246	0.94	3.07	5	5.9	6.5
CAF377	12/26/2011	0.248	0.204	0.219	0.226	0.245	1	3	4.93	5.85	6.4
CAF377	12/27/2011	0.25	0.204	0.22	0.226	0.245	1	3	4.9	5.8	6.4
CAF377	12/28/2011	0.371	0.204	0.219	0.226	0.245	0.94	2.98	4.85	5.73	6.3
CAF377	12/29/2011	0.367	0.204	0.221	0.228	0.246	1.13	2.9	4.8	5.84	6.3
CAF377	12/30/2011	NA	NA	NA	NA	NA	NA	NA	NA	NA	NA
CAF377	11/23/2013	0.226	0.2	0.163	0.25	0.337	2.58	5.68	7.3	8.74	9.28
CAF377	11/24/2013	0.223	0.2	0.162	0.25	0.337	2.32	5.33	7.16	8.6	9.2
CAF377	11/25/2013	0.221	0.2	0.161	0.25	0.337	2.11	5.07	6.99	8.45	9.1
CAF377	11/26/2013	0.219	0.2	0.16	0.25	0.336	2.03	4.85	6.83	8.3	8.99
CAF377	11/27/2013	0.217	0.199	0.159	0.25	0.336	2	4.71	6.67	8.15	8.88
CAF377	11/28/2013	0.216	0.199	0.158	0.25	0.336	1.92	4.57	6.52	8.02	8.78
CAF377	11/29/2013	0.214	0.199	0.158	0.249	0.336	1.87	4.46	6.4	7.88	8.67
CAF377	11/30/2013	0.213	0.199	0.157	0.249	0.335	1.8	4.35	6.28	7.76	8.57
CAF377	12/01/2013	0.244	0.199	0.156	0.249	0.335	1.74	4.26	6.15	7.64	8.46
CAF377	12/02/2013	0.267	0.198	0.156	0.249	0.335	1.71	4.18	6.07	7.53	8.36
CAF377	12/03/2013	0.254	0.198	0.155	0.249	0.335	1.8	4.1	5.9	7.43	8.26
CAF377	12/04/2013	0.246	0.198	0.155	0.249	0.334	1.89	4.1	5.8	7.32	8.17
CAF377	12/05/2013	0.241	0.198	0.154	0.249	0.334	1.9	4.07	5.72	7.23	8.08
CAF377	12/06/2013	0.237	0.198	0.154	0.249	0.334	1.79	4	5.64	7.15	8
CAF377	12/07/2013	0.234	0.199	0.154	0.249	0.334	1.5	3.86	5.58	7.07	7.9
CAF377	12/08/2013	0.231	0.198	0.153	0.249	0.333	1.02	3.68	5.43	6.99	7.83
CAF377	12/09/2013	0.222	0.198	0.154	0.249	0.332	0.62	3.42	5.34	6.9	7.75
CAF377	12/10/2013	0.206	0.198	0.154	0.248	0.332	0.28	3.17	5.16	6.79	7.67
CAF377	12/11/2013	0.193	0.198	0.153	0.248	0.332	0.2	2.98	5	6.68	7.59
CAF377	12/12/2013	0.189	0.198	0.153	0.248	0.332	0.2	2.85	4.84	6.56	7.5
CAF377	12/13/2013	0.19	0.198	0.153	0.248	0.331	0.24	2.79	4.73	6.45	7.4
CAF377	12/14/2013	0.194	0.198	0.152	0.248	0.331	0.3	2.7	4.62	6.35	7.33
CAF377	12/15/2013	0.2	0.198	0.152	0.248	0.331	0.3	2.7	4.54	6.25	7.23
CAF377	12/16/2013	0.206	0.198	0.151	0.248	0.331	0.3	2.7	4.44	6.17	7.11
CAF377	12/17/2013	0.21	0.198	0.151	0.248	0.331	0.3	2.65	4.35	6.1	7.07
CAF377	12/18/2013	0.213	0.198	0.151	0.248	0.331	0.43	2.57	4.27	6	7
CAF377	12/19/2013	0.215	0.198	0.151	0.248	0.33	0.5	2.57	4.3	5.94	6.9
CAF377	12/20/2013	0.215	0.198	0.151	0.248	0.33	0.58	2.6	4.25	5.89	6.84
CAF377	12/21/2013	0.215	0.198	0.15	0.248	0.33	0.6	2.6	4.17	5.8	6.79
CAF377	12/22/2013	0.213	0.198	0.15	0.248	0.33	0.6	2.6	4.2	5.8	6.7
CAF377	12/23/2013	0.213	0.198	0.151	0.248	0.33	0.6	2.6	4.17	5.7	6.66
CAF377	12/24/2013	0.214	0.198	0.15	0.247	0.33	0.69	2.6	4.1	5.68	6.6
CAF377	12/25/2013	0.215	0.198	0.15	0.247	0.33	0.7	2.6	4.1	5.6	6.55
CAF377	12/26/2013	0.216	0.198	0.15	0.247	0.33	0.72	2.6	4.07	5.6	6.5
CAF377	12/27/2013	0.217	0.198	0.15	0.247	0.329	0.8	2.6	4.07	5.5	6.43
CAF377	12/28/2013	0.217	0.198	0.15	0.247	0.329	0.8	2.6	4.02	5.5	6.4
CAF377	12/29/2013	0.217	0.198	0.15	0.247	0.329	0.8	2.57	4	5.48	6.35
CAF377	12/30/2013	0.216	0.198	0.15	0.247	0.329	0.8	2.6	4	5.4	6.3
CAF377	12/31/2013	0.216	0.198	0.149	0.247	0.329	0.8	2.6	3.97	5.4	6.27
CAF377	01/01/2014	0.215	0.198	0.149	0.247	0.329	0.87	2.57	3.9	5.38	6.2
CAF377	01/02/2014	0.215	0.198	0.149	0.247	0.329	0.9	2.6	3.9	5.3	6.2
CAF377	01/03/2014	0.215	0.198	0.149	0.247	0.329	0.9	2.57	3.9	5.3	6.12
CAF377	01/04/2014	0.216	0.198	0.149	0.247	0.329	0.9	2.6	3.87	5.29	6.1
CAF377	01/05/2014	0.217	0.198	0.149	0.247	0.329	0.9	2.6	3.9	5.2	6.09
CAF377	01/06/2014	0.215	0.198	0.149	0.247	0.328	0.82	2.56	3.84	5.2	6
CAF377	01/07/2014	0.214	0.198	0.149	0.247	0.328	0.72	2.5	3.83	5.2	6
CAF377	01/08/2014	0.212	0.198	0.149	0.247	0.328	0.7	2.45	3.77	5.12	5.97
CAF377	01/09/2014	0.211	0.198	0.149	0.247	0.328	0.7	2.4	3.79	5.1	5.9
CAF377	01/10/2014	0.211	0.198	0.149	0.247	0.328	0.75	2.4	3.7	5.1	5.9
CAF377	01/11/2014	0.211	0.198	0.149	0.247	0.328	0.8	2.4	3.67	5.03	5.81
CAF377	01/12/2014	0.211	0.198	0.149	0.247	0.328	0.8	2.32	3.7	5	5.8
CAF377	01/13/2014	0.212	0.198	0.149	0.247	0.328	0.8	2.4	3.7	4.96	5.8
CAF377	01/14/2014	0.213	0.198	0.149	0.247	0.328	0.8	2.4	3.64	4.9	5.7
CAF377	01/15/2014	0.216	0.198	0.149	0.247	0.328	0.81	2.4	3.57	4.9	5.7
CAF377	01/16/2014	0.224	0.198	0.149	0.247	0.327	0.9	2.4	3.57	4.9	5.7
CAF377	01/17/2014	0.226	0.198	0.149	0.247	0.327	0.9	2.4	3.6	4.85	5.61
CAF377	01/18/2014	0.226	0.198	0.149	0.247	0.327	0.9	2.4	3.6	4.8	5.6
CAF377	01/19/2014	0.226	0.198	0.149	0.247	0.327	0.98	2.4	3.57	4.8	5.6
CAF377	01/20/2014	0.225	0.199	0.148	0.247	0.327	1	2.48	3.6	4.8	5.57
CAF377	01/21/2014	0.224	0.199	0.148	0.247	0.327	1	2.47	3.6	4.8	5.5
CAF377	01/22/2014	0.224	0.199	0.148	0.247	0.327	1	2.5	3.6	4.74	5.5
CAF377	01/23/2014	0.223	0.199	0.148	0.247	0.327	1.02	2.5	3.6	4.7	5.5
CAF377	01/24/2014	0.222	0.199	0.148	0.247	0.327	1.1	2.5	3.51	4.7	5.47
CAF377	01/25/2014	0.222	0.199	0.148	0.247	0.327	1.1	2.5	3.5	4.7	5.4
CAF377	01/26/2014	0.222	0.199	0.148	0.247	0.327	1.1	2.5	3.47	4.7	5.4
CAF377	01/27/2014	0.221	0.199	0.148	0.247	0.327	1.1	2.5	3.5	4.7	5.4
CAF377	01/28/2014	0.221	0.199	0.148	0.247	0.327	1.13	2.5	3.47	4.7	5.37
CAF377	01/29/2014	0.22	0.199	0.148	0.247	0.327	1.2	2.51	3.5	4.61	5.35
CAF377	01/30/2014	0.219	0.199	0.148	0.247	0.327	1.2	2.58	3.5	4.6	5.3
CAF377	01/31/2014	0.219	0.199	0.148	0.247	0.327	1.2	2.6	3.47	4.6	5.3
CAF377	02/01/2014	0.219	0.199	0.148	0.247	0.327	1.2	2.6	3.44	4.6	5.3
CAF377	02/02/2014	0.219	0.199	0.148	0.247	0.327	1.2	2.6	3.47	4.6	5.3
CAF377	02/03/2014	0.22	0.199	0.148	0.247	0.327	1.2	2.6	3.47	4.6	5.28
CAF377	02/04/2014	0.22	0.199	0.148	0.248	0.326	1.2	2.6	3.47	4.6	5.2
CAF377	02/05/2014	0.22	0.199	0.148	0.247	0.326	1.2	2.6	3.47	4.55	5.2
CAF377	02/06/2014	0.221	0.199	0.148	0.247	0.326	1.2	2.57	3.5	4.47	5.2
CAF377	02/07/2014	0.22	0.199	0.148	0.248	0.326	1.2	2.6	3.5	4.5	5.2
CAF377	02/08/2014	0.22	0.199	0.148	0.247	0.326	1.2	2.6	3.5	4.5	5.2
CAF377	02/09/2014	0.219	0.199	0.148	0.247	0.326	1.2	2.57	3.47	4.5	5.15
CAF377	02/10/2014	0.219	0.2	0.148	0.247	0.326	1.2	2.6	3.45	4.5	5.1
CAF377	02/11/2014	0.218	0.2	0.148	0.247	0.326	1.2	2.6	3.4	4.5	5.1
CAF377	02/12/2014	0.218	0.2	0.148	0.248	0.326	1.2	2.51	3.4	4.49	5.1
CAF377	02/13/2014	0.217	0.2	0.148	0.247	0.326	1.2	2.5	3.4	4.4	5.1
CAF377	02/14/2014	0.217	0.2	0.148	0.248	0.326	1.2	2.5	3.4	4.4	5.1
CAF377	02/15/2014	0.217	0.2	0.223	0.247	0.326	1.2	2.5	3.01	4.4	5.02
CAF377	02/16/2014	0.223	0.2	0.314	0.248	0.326	1.13	2.5	2.8	4.4	5
CAF377	02/17/2014	0.252	0.2	0.237	0.248	0.326	1.1	2.5	3.04	4.4	5
CAF377	02/18/2014	0.28	0.2	0.239	0.248	0.325	1.16	2.45	3.1	4.35	5
CAF377	02/19/2014	0.275	0.2	0.239	0.248	0.326	1.53	2.48	3.1	4.3	4.99
CAF377	02/20/2014	0.263	0.2	0.235	0.248	0.325	1.5	2.5	3.13	4.3	4.9
CAF377	02/21/2014	0.264	0.2	0.233	0.248	0.325	1.5	2.5	3.2	4.3	4.9
CAF377	02/22/2014	0.261	0.202	0.23	0.248	0.325	1.5	2.5	3.2	4.3	4.9
CAF377	02/23/2014	0.259	0.212	0.227	0.248	0.325	1.5	2.55	3.2	4.3	4.9
CAF377	02/24/2014	0.257	0.231	0.224	0.248	0.325	1.5	2.6	3.2	4.24	4.9
CAF377	02/25/2014	0.256	0.244	0.222	0.248	0.325	1.5	2.6	3.2	4.2	4.83
CAF377	02/26/2014	0.256	0.249	0.22	0.248	0.325	1.51	2.6	3.2	4.2	4.8
CAF377	02/27/2014	0.255	0.253	0.218	0.248	0.325	1.6	2.6	3.2	4.2	4.8
CAF377	02/28/2014	0.254	0.257	0.216	0.248	0.325	1.6	2.6	3.2	4.2	4.8
CAF377	03/01/2014	0.256	0.26	0.215	0.248	0.325	1.6	2.6	3.2	4.2	4.8
CAF377	03/02/2014	0.256	0.263	0.215	0.248	0.325	1.6	2.6	3.2	4.2	4.8
CAF377	03/03/2014	0.261	0.266	0.214	0.248	0.325	1.59	2.6	3.2	4.2	4.8
CAF377	03/04/2014	0.282	0.282	0.284	0.248	0.325	1.54	2.6	3.1	4.2	4.8
CAF377	03/05/2014	0.276	0.299	0.274	0.248	0.325	2.31	2.67	3.08	4.2	4.78
CAF377	03/06/2014	0.281	0.304	0.261	0.248	0.325	3.55	3.01	3.17	4.2	4.7
CAF377	03/07/2014	0.276	0.307	0.261	0.248	0.325	4.13	3.5	3.36	4.2	4.7
CAF377	03/08/2014	0.27	0.307	0.257	0.248	0.325	4.31	3.88	3.56	4.27	4.7
CAF377	03/09/2014	0.275	0.308	0.253	0.248	0.324	4.9	4.15	3.72	4.35	4.8
CAF377	03/10/2014	0.275	0.311	0.255	0.248	0.325	5.63	4.58	3.93	4.43	4.8
CAF377	03/11/2014	0.271	0.311	0.254	0.248	0.325	5.13	4.89	4.16	4.57	4.88
CAF377	03/12/2014	0.267	0.31	0.253	0.248	0.325	4.99	4.98	4.34	4.7	4.93
CAF377	03/13/2014	0.265	0.308	0.251	0.248	0.325	5.01	5	4.49	4.8	5
CAF377	03/14/2014	0.263	0.307	0.249	0.248	0.325	5.09	5.08	4.6	4.9	5.05
CAF377	03/15/2014	0.263	0.307	0.247	0.248	0.326	4.77	5.1	4.7	4.98	5.13
CAF377	03/16/2014	0.262	0.306	0.245	0.248	0.326	4.8	5.1	4.74	5.03	5.2
CAF377	03/17/2014	0.262	0.306	0.244	0.248	0.326	5.04	5.15	4.77	5.1	5.25
CAF377	03/18/2014	0.262	0.306	0.243	0.249	0.326	4.46	5.11	4.8	5.13	5.3
CAF377	03/19/2014	0.261	0.305	0.242	0.249	0.326	4.27	5.07	4.77	5.2	5.32
CAF377	03/20/2014	0.259	0.305	0.241	0.249	0.326	4.15	5	4.8	5.2	5.4
CAF377	03/21/2014	0.258	0.304	0.24	0.249	0.326	3.79	4.87	4.77	5.2	5.4
CAF377	03/22/2014	0.257	0.303	0.24	0.249	0.326	3.7	4.76	4.8	5.2	5.4
CAF377	03/23/2014	0.256	0.302	0.239	0.249	0.326	3.9	4.7	4.72	5.2	5.4
CAF377	03/24/2014	0.255	0.301	0.238	0.249	0.327	4.21	4.75	4.67	5.2	5.4
CAF377	03/25/2014	0.254	0.301	0.237	0.249	0.327	4.7	4.84	4.7	5.2	5.4
CAF377	03/26/2014	0.253	0.3	0.237	0.249	0.327	4.92	4.98	4.77	5.2	5.4
CAF377	03/27/2014	0.252	0.3	0.236	0.249	0.327	5.29	5.16	4.8	5.2	5.48
CAF377	03/28/2014	0.252	0.3	0.235	0.249	0.326	5.24	5.35	4.91	5.29	5.5
CAF377	03/29/2014	0.252	0.3	0.235	0.249	0.326	5.45	5.43	5	5.3	5.5
CAF377	03/30/2014	0.254	0.3	0.234	0.249	0.327	5.68	5.6	5.02	5.38	5.5
CAF377	03/31/2014	0.253	0.3	0.233	0.249	0.327	5.41	5.7	5.15	5.4	5.54
CAF377	04/01/2014	0.253	0.3	0.233	0.249	0.327	5.58	5.7	5.17	5.5	5.6
CAF377	04/02/2014	0.252	0.3	0.232	0.249	0.327	5.77	5.84	5.19	5.5	5.6
CAF377	04/03/2014	0.251	0.3	0.232	0.249	0.327	5.7	5.9	5.27	5.6	5.68
CAF377	04/04/2014	0.251	0.3	0.232	0.249	0.327	6.25	5.96	5.36	5.6	5.7
CAF377	04/05/2014	0.25	0.3	0.231	0.25	0.327	6.1	6.1	5.44	5.68	5.71
CAF377	04/06/2014	0.25	0.299	0.231	0.25	0.327	6.4	6.2	5.49	5.7	5.8
CAF377	04/07/2014	0.25	0.299	0.231	0.25	0.327	6.7	6.36	5.57	5.8	5.8
CAF377	04/08/2014	0.25	0.3	0.231	0.25	0.327	7.87	6.61	5.68	5.82	5.86
CAF377	04/09/2014	0.25	0.3	0.23	0.25	0.328	8.62	7.05	5.85	5.9	5.9
CAF377	04/10/2014	0.249	0.3	0.23	0.25	0.328	8.54	7.35	6.06	6	5.92
CAF377	04/11/2014	NA	NA	NA	NA	NA	NA	NA	NA	NA	NA
CAF377	04/14/2014	0.246	0.298	0.229	0.252	0.329	7.95	7.5	6.6	6.4	6.3
CAF377	04/15/2014	0.245	0.298	0.229	0.252	0.329	8.2	7.61	6.7	6.5	6.32
CAF377	04/16/2014	0.244	0.297	0.228	0.252	0.329	7.91	7.7	6.73	6.6	6.4
CAF377	04/17/2014	0.243	0.297	0.228	0.253	0.329	7.81	7.7	6.8	6.67	6.47
CAF377	04/18/2014	0.243	0.297	0.228	0.254	0.329	7.72	7.7	6.8	6.7	6.5
CAF377	04/19/2014	0.242	0.296	0.228	0.254	0.329	7.41	7.65	6.9	6.8	6.6
CAF377	04/20/2014	0.242	0.296	0.227	0.255	0.329	7.73	7.6	6.9	6.8	6.6
CAF377	04/21/2014	0.243	0.296	0.227	0.256	0.33	8.54	7.7	6.9	6.83	6.69
CAF377	04/22/2014	0.242	0.296	0.226	0.256	0.33	8.79	7.93	6.93	6.9	6.7
CAF377	04/23/2014	0.241	0.296	0.226	0.257	0.33	7.86	8	7.05	6.93	6.73
CAF377	04/24/2014	0.24	0.295	0.226	0.257	0.33	7.41	7.86	7.1	7	6.8
CAF377	04/25/2014	0.241	0.295	0.226	0.258	0.33	7.53	7.8	7.1	7.04	6.81
CAF377	04/26/2014	0.242	0.294	0.226	0.258	0.33	7.37	7.73	7.04	7.1	6.9
CAF377	04/27/2014	0.242	0.294	0.225	0.259	0.33	7.28	7.7	7	7.1	6.9
CAF377	04/28/2014	0.242	0.294	0.225	0.26	0.33	6.94	7.62	7	7.1	6.9
CAF377	04/29/2014	0.242	0.294	0.225	0.26	0.33	7.15	7.5	7	7.1	6.95
CAF377	04/30/2014	0.243	0.295	0.225	0.261	0.33	8.35	7.62	6.91	7.1	7
CAF377	05/01/2014	0.243	0.295	0.225	0.261	0.33	9.64	8.01	7.02	7.1	7
CAF377	05/02/2014	0.244	0.296	0.225	0.262	0.331	10.87	8.53	7.17	7.13	7
CAF377	05/03/2014	0.243	0.297	0.225	0.262	0.331	11.4	9.07	7.44	7.23	7.01
CAF377	05/04/2014	0.242	0.298	0.225	0.263	0.331	11.17	9.42	7.75	7.4	7.1
CAF377	05/05/2014	0.242	0.298	0.225	0.264	0.331	10.85	9.58	7.98	7.58	7.17
CAF377	05/06/2014	0.241	0.297	0.225	0.265	0.331	10.69	9.65	8.15	7.74	7.26
CAF377	05/07/2014	0.241	0.297	0.225	0.266	0.331	10.4	9.65	8.24	7.86	7.36
CAF377	05/08/2014	0.24	0.297	0.224	0.267	0.332	10.78	9.67	8.34	7.97	7.45
CAF377	05/09/2014	0.24	0.297	0.224	0.267	0.332	11.17	9.81	8.42	8.06	7.53
CAF377	05/10/2014	0.239	0.297	0.224	0.268	0.332	10.4	9.9	8.53	8.15	7.6
CAF377	05/11/2014	0.238	0.296	0.224	0.269	0.332	10.2	9.8	8.6	8.22	7.7
CAF377	05/12/2014	0.238	0.296	0.224	0.269	0.333	10.48	9.78	8.6	8.3	7.78
CAF377	05/13/2014	0.238	0.296	0.224	0.27	0.333	11.32	9.88	8.63	8.34	7.82
CAF377	05/14/2014	0.238	0.296	0.223	0.27	0.333	12.25	10.18	8.73	8.4	7.9
CAF377	05/15/2014	0.238	0.296	0.223	0.271	0.333	13.27	10.59	8.89	8.48	7.95
CAF377	05/16/2014	0.237	0.297	0.223	0.272	0.334	14.13	11.06	9.1	8.58	8
CAF377	05/17/2014	0.236	0.298	0.223	0.273	0.334	14.1	11.49	9.38	8.73	8.1
CAF377	05/18/2014	0.234	0.297	0.223	0.273	0.334	13.64	11.67	9.63	8.88	8.19
CAF377	05/19/2014	0.232	0.297	0.223	0.274	0.334	13.2	11.69	9.83	9.05	8.29
CAF377	05/20/2014	0.231	0.296	0.223	0.275	0.335	13.48	11.69	9.95	9.17	8.41
CAF377	05/21/2014	0.23	0.295	0.223	0.276	0.335	13.96	11.83	10.04	9.29	8.51
CAF377	05/22/2014	0.229	0.295	0.223	0.277	0.335	14.49	12.03	10.19	9.41	8.61
CAF377	05/23/2014	0.228	0.294	0.223	0.277	0.336	15.23	12.33	10.34	9.52	8.7
CAF377	05/24/2014	0.226	0.294	0.223	0.278	0.336	15.1	12.62	10.55	9.65	8.8
CAF377	05/25/2014	0.224	0.293	0.222	0.279	0.336	15.06	12.77	10.72	9.77	8.9
CAF377	05/26/2014	0.221	0.292	0.222	0.28	0.336	15.22	12.87	10.87	9.92	9.01
CAF377	05/27/2014	0.218	0.291	0.222	0.28	0.337	15.01	12.98	11	10.04	9.11
CAF377	05/28/2014	0.217	0.289	0.222	0.281	0.337	14.68	13	11.1	10.15	9.22
CAF377	05/29/2014	0.217	0.288	0.221	0.282	0.337	13.32	12.84	11.19	10.26	9.31
CAF377	05/30/2014	0.215	0.286	0.221	0.283	0.337	13.33	12.57	11.13	10.33	9.4
CAF377	05/31/2014	0.211	0.283	0.221	0.283	0.337	14.23	12.55	11.1	10.4	9.5
CAF377	06/01/2014	0.206	0.282	0.22	0.283	0.338	14.75	12.7	11.1	10.4	9.53
CAF377	06/02/2014	0.2	0.28	0.22	0.284	0.338	15.26	12.89	11.17	10.47	9.6
CAF377	06/03/2014	0.195	0.277	0.22	0.284	0.338	15.87	13.13	11.3	10.51	9.65
CAF377	06/04/2014	0.19	0.275	0.219	0.285	0.338	15.98	13.4	11.45	10.6	9.7
CAF377	06/05/2014	0.186	0.272	0.219	0.285	0.338	15.95	13.56	11.58	10.72	9.79
CAF377	06/06/2014	0.183	0.267	0.219	0.285	0.338	15.56	13.6	11.7	10.81	9.85
CAF377	06/07/2014	0.18	0.262	0.218	0.285	0.338	15.4	13.55	11.8	10.9	9.92
CAF377	06/08/2014	0.178	0.255	0.217	0.285	0.339	15.33	13.5	11.82	10.98	10
CAF377	06/09/2014	0.176	0.25	0.217	0.285	0.339	15.6	13.56	11.9	11.01	10.08
CAF377	06/10/2014	0.174	0.247	0.216	0.284	0.339	15.39	13.6	11.9	11.1	10.11
CAF377	06/11/2014	0.172	0.243	0.215	0.284	0.339	15.07	13.57	11.9	11.13	10.2
CAF377	06/12/2014	0.171	0.24	0.214	0.283	0.339	15.42	13.56	11.9	11.2	10.22
CAF377	06/13/2014	0.17	0.237	0.213	0.282	0.339	15.21	13.6	11.98	11.2	10.3
CAF377	06/14/2014	0.168	0.235	0.212	0.281	0.339	14.53	13.54	12	11.28	10.31
CAF377	06/15/2014	0.167	0.233	0.211	0.28	0.339	13.61	13.31	11.96	11.3	10.4
CAF377	06/16/2014	0.167	0.23	0.21	0.279	0.339	13.4	13.05	11.9	11.3	10.4
CAF377	06/17/2014	0.166	0.228	0.209	0.278	0.339	12.98	12.87	11.8	11.3	10.43
CAF377	06/18/2014	0.165	0.227	0.209	0.277	0.339	12.2	12.6	11.7	11.3	10.5
CAF377	06/19/2014	0.165	0.225	0.207	0.276	0.339	12.67	12.4	11.55	11.29	10.5
CAF377	06/20/2014	0.165	0.223	0.206	0.273	0.339	13.58	12.46	11.5	11.2	10.5
CAF377	06/21/2014	0.165	0.221	0.204	0.271	0.338	13.57	12.61	11.5	11.2	10.5
CAF377	06/22/2014	0.165	0.219	0.202	0.268	0.338	13.82	12.67	11.5	11.2	10.5
CAF377	06/23/2014	0.165	0.217	0.199	0.263	0.338	14.39	12.77	11.5	11.2	10.5
CAF377	06/24/2014	0.166	0.216	0.197	0.26	0.338	15.1	12.99	11.55	11.2	10.5
CAF377	06/25/2014	0.165	0.215	0.195	0.256	0.337	14.94	13.19	11.67	11.2	10.5
CAF377	06/26/2014	0.165	0.215	0.193	0.253	0.337	15.22	13.34	11.76	11.29	10.5
CAF377	06/27/2014	0.165	0.214	0.193	0.251	0.337	15.02	13.47	11.86	11.33	10.5
CAF377	06/28/2014	0.164	0.214	0.192	0.25	0.336	14.71	13.5	11.9	11.4	10.6
CAF377	06/29/2014	0.164	0.213	0.188	0.248	0.336	14.67	13.46	11.9	11.45	10.6
CAF377	06/30/2014	0.163	0.212	0.185	0.245	0.336	14.62	13.4	11.92	11.5	10.65
CAF377	07/01/2014	0.163	0.211	0.181	0.243	0.335	14.99	13.43	12	11.5	10.7
CAF377	07/02/2014	0.163	0.21	0.175	0.24	0.334	15.74	13.58	12.01	11.56	10.7
CAF377	07/03/2014	0.163	0.209	0.171	0.238	0.333	16.4	13.87	12.11	11.6	10.74
CAF377	07/04/2014	0.162	0.209	0.167	0.236	0.331	16.51	14.15	12.25	11.64	10.8
CAF377	07/05/2014	0.161	0.209	0.164	0.234	0.329	16.29	14.28	12.37	11.71	10.8
CAF377	07/06/2014	0.161	0.208	0.16	0.232	0.327	16.7	14.37	12.48	11.8	10.88
CAF377	07/07/2014	0.16	0.207	0.156	0.231	0.324	17.13	14.56	12.58	11.87	10.9
CAF377	07/08/2014	0.16	0.207	0.153	0.229	0.321	17.5	14.8	12.71	11.95	11
CAF377	07/09/2014	0.159	0.206	0.149	0.228	0.318	17.94	15.04	12.86	12.04	11.02
CAF377	07/10/2014	0.158	0.206	0.146	0.227	0.313	18.03	15.27	13.03	12.14	11.1
CAF377	07/11/2014	0.157	0.206	0.144	0.225	0.309	18.05	15.44	13.16	12.25	11.17
CAF377	07/12/2014	0.157	0.205	0.141	0.224	0.304	18.23	15.57	13.32	12.35	11.23
CAF377	07/13/2014	0.156	0.205	0.139	0.223	0.299	18.53	15.73	13.46	12.45	11.3
CAF377	07/14/2014	0.156	0.205	0.137	0.222	0.293	18.99	15.93	13.58	12.55	11.4
CAF377	07/15/2014	0.156	0.205	0.136	0.221	0.288	19.25	16.18	13.74	12.64	11.47
CAF377	07/16/2014	0.156	0.205	0.135	0.22	0.282	19.48	16.39	13.91	12.77	11.54
CAF377	07/17/2014	0.155	0.204	0.134	0.22	0.277	19.66	16.62	14.05	12.88	11.63
CAF377	07/18/2014	0.155	0.204	0.134	0.219	0.273	19.44	16.77	14.2	13.01	11.71
CAF377	07/19/2014	0.154	0.204	0.133	0.218	0.269	18.87	16.75	14.34	13.14	11.81
CAF377	07/20/2014	0.154	0.203	0.133	0.218	0.265	19.22	16.74	14.4	13.25	11.9
CAF377	07/21/2014	0.153	0.203	0.133	0.218	0.263	18.58	16.77	14.47	13.34	12
CAF377	07/22/2014	0.153	0.203	0.132	0.218	0.26	18.6	16.68	14.5	13.41	12.09
CAF377	07/23/2014	0.169	0.203	0.132	0.218	0.258	18.52	16.61	14.57	13.5	12.17
CAF377	07/24/2014	0.198	0.203	0.132	0.218	0.257	17.8	16.58	14.6	13.54	12.22
CAF377	07/25/2014	0.187	0.203	0.132	0.218	0.255	17.01	16.31	14.59	13.6	12.3
CAF377	07/26/2014	0.18	0.203	0.132	0.218	0.254	17.17	16.07	14.5	13.6	12.34
CAF377	07/27/2014	0.174	0.203	0.131	0.218	0.252	17.66	16.02	14.4	13.6	12.4
CAF377	07/28/2014	0.169	0.202	0.131	0.218	0.251	18.4	16.14	14.4	13.6	12.4
CAF377	07/29/2014	0.165	0.203	0.13	0.218	0.25	19.27	16.47	14.47	13.6	12.4
CAF377	07/30/2014	0.162	0.203	0.13	0.218	0.25	19.8	16.81	14.62	13.64	12.47
CAF377	07/31/2014	0.16	0.203	0.131	0.218	0.25	20.02	17.11	14.77	13.72	12.5
CAF377	08/01/2014	0.159	0.204	0.131	0.218	0.249	20.42	17.33	14.94	13.82	12.55
CAF377	08/02/2014	0.158	0.204	0.131	0.218	0.25	20.8	17.62	15.1	13.93	12.61
CAF377	08/03/2014	0.158	0.204	0.131	0.218	0.25	20.97	17.91	15.27	14.05	12.7
CAF377	08/04/2014	0.157	0.205	0.131	0.218	0.25	20.74	18.07	15.45	14.17	12.79
CAF377	08/05/2014	0.157	0.205	0.132	0.219	0.25	20.77	18.13	15.58	14.3	12.89
CAF377	08/06/2014	0.157	0.205	0.132	0.219	0.25	20.6	18.15	15.68	14.41	12.98
CAF377	08/07/2014	0.156	0.205	0.132	0.219	0.25	20.37	18.12	15.79	14.5	13.08
CAF377	08/08/2014	0.156	0.205	0.132	0.219	0.25	20.1	18.08	15.81	14.6	13.16
CAF377	08/09/2014	0.155	0.205	0.132	0.219	0.25	19.5	17.95	15.9	14.66	13.22
CAF377	08/10/2014	0.155	0.205	0.133	0.219	0.251	19.65	17.8	15.83	14.7	13.3
CAF377	08/11/2014	0.156	0.205	0.133	0.22	0.251	20.1	17.86	15.8	14.7	13.35
CAF377	08/12/2014	0.157	0.205	0.133	0.22	0.251	20.73	18.03	15.87	14.77	13.4
CAF377	08/13/2014	0.156	0.205	0.133	0.22	0.251	20.36	18.26	15.95	14.8	13.43
CAF377	08/14/2014	0.186	0.205	0.132	0.22	0.251	19.43	18.17	16	14.88	13.5
CAF377	08/15/2014	0.19	0.205	0.132	0.22	0.252	19.01	17.97	16	14.9	13.54
CAF377	08/16/2014	0.187	0.205	0.132	0.22	0.252	18.75	17.8	15.92	14.99	13.6
CAF377	08/17/2014	0.185	0.205	0.132	0.22	0.252	18.71	17.69	15.85	15	13.63
CAF377	08/18/2014	0.183	0.205	0.132	0.22	0.252	18.96	17.67	15.8	15	13.7
CAF377	08/19/2014	0.182	0.205	0.132	0.22	0.253	19.25	17.69	15.8	15	13.7
CAF377	08/20/2014	0.18	0.205	0.132	0.221	0.253	19.1	17.75	15.8	15	13.7
CAF377	08/21/2014	0.178	0.205	0.133	0.221	0.253	18.65	17.68	15.8	15	13.73
CAF377	08/22/2014	0.177	0.205	0.133	0.221	0.253	18.43	17.57	15.8	15	13.8
CAF377	08/23/2014	0.175	0.205	0.133	0.221	0.254	17.97	17.4	15.74	15	13.8
CAF377	08/24/2014	0.174	0.205	0.132	0.221	0.254	17.74	17.17	15.65	15	13.8
CAF377	08/25/2014	0.173	0.205	0.132	0.221	0.254	17.68	16.99	15.6	15	13.8
CAF377	08/26/2014	0.172	0.205	0.132	0.221	0.254	17.62	16.88	15.5	14.91	13.8
CAF377	08/27/2014	0.172	0.205	0.132	0.221	0.254	17.94	16.83	15.44	14.9	13.8
CAF377	08/28/2014	0.172	0.205	0.132	0.221	0.254	18.41	16.91	15.4	14.9	13.8
CAF377	08/29/2014	0.171	0.205	0.132	0.221	0.254	18.27	16.94	15.41	14.9	13.8
CAF377	08/30/2014	0.171	0.205	0.132	0.221	0.254	18.29	16.9	15.5	14.9	13.8
CAF377	08/31/2014	0.17	0.205	0.132	0.221	0.254	18.02	16.89	15.5	14.9	13.8
CAF377	09/01/2014	0.169	0.205	0.132	0.221	0.255	17.45	16.77	15.5	14.9	13.8
CAF377	09/02/2014	0.168	0.205	0.132	0.221	0.255	17.17	16.56	15.4	14.9	13.8
CAF377	09/03/2014	0.167	0.205	0.132	0.221	0.255	17.03	16.4	15.34	14.89	13.8
CAF377	09/04/2014	0.166	0.205	0.132	0.221	0.255	16.1	16.17	15.27	14.77	13.8
CAF377	09/05/2014	0.165	0.204	0.132	0.221	0.255	16.14	15.88	15.15	14.6	13.8
CAF377	09/06/2014	0.165	0.204	0.132	0.221	0.255	16.32	15.78	15.02	14.55	13.8
CAF377	09/07/2014	0.165	0.204	0.132	0.221	0.255	16.53	15.75	14.93	14.5	13.78
CAF377	09/08/2014	0.165	0.204	0.132	0.221	0.255	16.62	15.76	14.9	14.41	13.7
CAF377	09/09/2014	0.164	0.204	0.132	0.221	0.255	16.55	15.75	14.82	14.4	13.7
CAF377	09/10/2014	0.164	0.204	0.132	0.221	0.255	16.37	15.7	14.8	14.37	13.7
CAF377	09/11/2014	0.163	0.204	0.132	0.221	0.255	15.64	15.58	14.8	14.3	13.66
CAF377	09/12/2014	0.162	0.204	0.132	0.221	0.255	15.18	15.29	14.7	14.3	13.6
CAF377	09/13/2014	0.161	0.204	0.132	0.221	0.255	15.04	15.04	14.57	14.23	13.6
CAF377	09/14/2014	0.161	0.204	0.131	0.221	0.255	15.05	14.88	14.44	14.17	13.6
CAF377	09/15/2014	0.161	0.203	0.131	0.221	0.255	15.12	14.79	14.35	14.1	13.51
CAF377	09/16/2014	0.161	0.203	0.131	0.221	0.255	15.54	14.77	14.26	14.01	13.5
CAF377	09/17/2014	0.162	0.204	0.131	0.221	0.255	15.9	14.87	14.2	13.99	13.45
CAF377	09/18/2014	0.162	0.204	0.131	0.221	0.255	16.14	15.03	14.2	13.9	13.4
CAF377	09/19/2014	0.164	0.204	0.132	0.221	0.255	16.24	15.15	14.28	13.9	13.4
CAF377	09/20/2014	0.172	0.204	0.136	0.221	0.255	16.33	15.2	14.3	13.9	13.4
CAF377	09/21/2014	0.172	0.204	0.136	0.221	0.255	16.4	15.24	14.3	13.9	13.37
CAF377	09/22/2014	0.172	0.204	0.136	0.221	0.255	16.62	15.32	14.33	13.9	13.3
CAF377	09/23/2014	0.172	0.204	0.136	0.221	0.255	16.65	15.42	14.4	13.9	13.3
CAF377	09/24/2014	0.171	0.204	0.136	0.221	0.255	16.6	15.5	14.4	13.97	13.37
CAF377	09/25/2014	0.171	0.204	0.136	0.221	0.256	16.13	15.44	14.4	14	13.4
CAF377	09/26/2014	0.17	0.204	0.136	0.221	0.256	15.89	15.33	14.4	14	13.4
CAF377	09/27/2014	0.17	0.204	0.136	0.221	0.256	15.61	15.16	14.4	14	13.4
CAF377	09/28/2014	0.17	0.204	0.136	0.221	0.256	15.77	15.1	14.33	14	13.4
CAF377	09/29/2014	0.169	0.204	0.136	0.221	0.256	15.64	15.09	14.3	13.95	13.4
CAF377	09/30/2014	0.168	0.204	0.136	0.221	0.256	14.75	14.92	14.27	13.9	13.4
CAF377	10/01/2014	0.167	0.203	0.136	0.221	0.256	13.57	14.52	14.16	13.9	13.37
CAF377	10/02/2014	0.166	0.203	0.136	0.221	0.256	12.7	13.99	13.97	13.84	13.3
CAF377	10/03/2014	0.165	0.202	0.136	0.221	0.256	12.28	13.52	13.7	13.75	13.3
CAF377	10/04/2014	0.165	0.202	0.135	0.221	0.256	12.52	13.22	13.45	13.6	13.23
CAF377	10/05/2014	0.166	0.202	0.135	0.221	0.256	12.87	13.1	13.27	13.46	13.16
CAF377	10/06/2014	0.166	0.202	0.135	0.221	0.255	13.37	13.15	13.15	13.35	13.09
CAF377	10/07/2014	0.167	0.202	0.135	0.221	0.255	13.76	13.29	13.1	13.26	13
CAF377	10/08/2014	0.166	0.202	0.135	0.221	0.255	13.4	13.38	13.1	13.2	12.93
CAF377	10/09/2014	0.166	0.202	0.135	0.221	0.255	12.99	13.23	13.1	13.16	12.9
CAF377	10/10/2014	0.166	0.202	0.135	0.221	0.255	13.03	13.1	13	13.1	12.8
CAF377	10/11/2014	0.165	0.202	0.135	0.221	0.255	12.64	12.99	12.91	13.04	12.8
CAF377	10/12/2014	0.165	0.202	0.135	0.221	0.255	12.42	12.8	12.83	13	12.7
CAF377	10/13/2014	0.165	0.202	0.134	0.221	0.255	12.51	12.7	12.71	12.9	12.7
CAF377	10/14/2014	0.165	0.202	0.134	0.221	0.255	12.05	12.63	12.66	12.86	12.61
CAF377	10/15/2014	0.164	0.201	0.134	0.221	0.255	11.16	12.32	12.54	12.78	12.58
CAF377	10/16/2014	0.164	0.201	0.134	0.22	0.255	11.16	11.99	12.35	12.67	12.5
CAF377	10/17/2014	0.165	0.201	0.134	0.22	0.254	11.52	11.9	12.21	12.56	12.44
CAF377	10/18/2014	0.166	0.201	0.133	0.22	0.254	11.65	11.9	12.1	12.5	12.38
CAF377	10/19/2014	0.166	0.201	0.133	0.22	0.254	11.76	11.9	12.05	12.4	12.3
CAF377	10/20/2014	0.165	0.201	0.133	0.22	0.254	11.25	11.85	11.99	12.35	12.24
CAF377	10/21/2014	0.166	0.201	0.133	0.22	0.254	11.21	11.7	11.9	12.3	12.2
CAF377	10/22/2014	0.166	0.201	0.133	0.22	0.254	10.87	11.58	11.85	12.21	12.1
CAF377	10/23/2014	0.166	0.201	0.133	0.22	0.254	10.89	11.44	11.75	12.16	12.09
CAF377	10/24/2014	0.166	0.2	0.133	0.22	0.254	10.4	11.36	11.67	12.1	12
CAF377	10/25/2014	0.165	0.2	0.133	0.22	0.254	9.771	11.1	11.55	12.01	11.97
CAF377	10/26/2014	0.165	0.2	0.133	0.22	0.253	9.296	10.79	11.44	11.95	11.9
CAF377	10/27/2014	0.165	0.2	0.133	0.22	0.254	9.525	10.54	11.25	11.85	11.84
CAF377	10/28/2014	0.166	0.2	0.133	0.22	0.253	10	10.52	11.11	11.74	11.78
CAF377	10/29/2014	0.167	0.2	0.133	0.22	0.253	10.44	10.63	11.07	11.65	11.7
CAF377	10/30/2014	0.166	0.2	0.133	0.22	0.253	9.767	10.67	11	11.6	11.6
CAF377	10/31/2014	0.165	0.2	0.133	0.219	0.253	8.942	10.41	10.97	11.52	11.57
CAF377	11/01/2014	0.165	0.199	0.132	0.219	0.253	8.858	10.13	10.85	11.48	11.5
CAF377	11/02/2014	0.165	0.199	0.132	0.219	0.253	9.15	10	10.72	11.4	11.45
CAF377	11/03/2014	0.166	0.199	0.132	0.219	0.253	9.683	10.05	10.62	11.3	11.4
CAF377	11/04/2014	0.167	0.199	0.132	0.219	0.252	9.871	10.17	10.6	11.22	11.3
CAF377	11/05/2014	0.167	0.199	0.132	0.219	0.252	8.983	10.13	10.6	11.2	11.25
CAF377	11/06/2014	0.166	0.199	0.132	0.219	0.252	8.554	9.871	10.51	11.12	11.2
CAF377	11/07/2014	0.167	0.199	0.132	0.219	0.252	8.225	9.663	10.37	11.07	11.15
CAF377	11/08/2014	0.168	0.198	0.132	0.219	0.252	7.013	9.342	10.26	10.97	11.1
CAF377	11/09/2014	0.168	0.198	0.131	0.219	0.252	5.667	8.75	10.03	10.86	11.01
CAF377	11/10/2014	0.168	0.197	0.131	0.219	0.251	4.667	8.104	9.729	10.72	10.95
CAF377	11/11/2014	0.168	0.197	0.13	0.219	0.251	4.004	7.438	9.342	10.5	10.83
CAF377	11/12/2014	0.167	0.196	0.13	0.219	0.251	3.55	6.954	8.996	10.3	10.7
CAF377	11/13/2014	0.167	0.196	0.129	0.218	0.251	3.004	6.521	8.671	10.07	10.56
CAF377	11/14/2014	0.166	0.195	0.129	0.218	0.25	2.45	6.004	8.287	9.792	10.38
CAF377	11/15/2014	0.166	0.195	0.129	0.218	0.25	2.154	5.612	7.967	9.571	10.21
CAF377	11/16/2014	0.166	0.194	0.128	0.218	0.25	2.2	5.354	7.679	9.337	10.05
CAF377	11/17/2014	0.166	0.194	0.128	0.218	0.25	2.238	5.179	7.429	9.133	9.879
CAF377	11/18/2014	0.183	0.194	0.128	0.217	0.25	2.3	5.075	7.246	8.946	9.733
CAF377	11/19/2014	0.214	0.194	0.127	0.217	0.25	2.346	4.963	7.071	8.775	9.563
CAF377	11/20/2014	0.211	0.194	0.127	0.217	0.25	2.438	4.9	6.925	8.604	9.437
CAF377	11/21/2014	0.221	0.194	0.127	0.217	0.25	2.517	4.846	6.833	8.454	9.304
CAF377	11/22/2014	0.294	0.194	0.126	0.217	0.25	3.413	4.888	6.729	8.325	9.163
CAF377	11/23/2014	0.264	0.194	0.126	0.217	0.25	4.412	5.154	6.7	8.242	9.05
CAF377	11/24/2014	0.253	0.195	0.126	0.217	0.25	5.279	5.525	6.763	8.133	8.95
CAF377	11/25/2014	0.266	0.195	0.126	0.217	0.249	6.037	5.95	6.867	8.1	8.871
CAF377	11/26/2014	0.268	0.195	0.126	0.217	0.249	5.625	6.271	7.004	8.1	8.8
CAF377	11/27/2014	0.257	0.195	0.127	0.217	0.249	4.621	6.133	7.1	8.192	8.8
CAF377	11/28/2014	0.251	0.195	0.127	0.217	0.249	3.987	5.8	7.067	8.2	8.725
CAF377	11/29/2014	0.246	0.195	0.127	0.217	0.249	3.592	5.467	6.925	8.183	8.7
CAF377	11/30/2014	0.243	0.194	0.126	0.217	0.249	3.363	5.225	6.8	8.071	8.675
CAF377	12/01/2014	0.248	0.194	0.126	0.217	0.249	3.192	5.046	6.667	8	8.6
CAF377	12/02/2014	0.291	0.194	0.126	0.217	0.249	3.1	4.879	6.529	7.921	8.533
CAF377	12/03/2014	0.28	0.194	0.125	0.217	0.249	3.367	4.8	6.425	7.833	8.467
CAF377	12/04/2014	0.269	0.194	0.125	0.217	0.249	3.633	4.8	6.317	7.737	8.4
CAF377	12/05/2014	0.263	0.194	0.125	0.217	0.249	4.117	4.888	6.3	7.654	8.3
CAF377	12/06/2014	0.26	0.194	0.125	0.217	0.249	4.792	5.121	6.3	7.6	8.233
CAF377	12/07/2014	0.258	0.195	0.126	0.217	0.249	5.446	5.463	6.358	7.6	8.2
CAF377	12/08/2014	0.27	0.195	0.126	0.217	0.249	5.95	5.783	6.463	7.529	8.108
CAF377	12/09/2014	0.288	0.195	0.126	0.217	0.249	5.9	6.058	6.579	7.6	8.1
CAF377	12/10/2014	0.273	0.195	0.126	0.217	0.249	5.167	6.05	6.7	7.629	8.1
CAF377	12/11/2014	0.267	0.195	0.126	0.217	0.249	4.4	5.775	6.7	7.7	8.1
CAF377	12/12/2014	0.263	0.195	0.126	0.217	0.249	4.096	5.454	6.6	7.7	8.1
CAF377	12/13/2014	0.261	0.195	0.126	0.217	0.249	4.083	5.242	6.483	7.604	8.1
CAF377	12/14/2014	0.27	0.195	0.126	0.217	0.249	4.367	5.2	6.392	7.571	8.038
CAF377	12/15/2014	0.293	0.196	0.126	0.217	0.249	4.483	5.2	6.3	7.5	8
CAF377	12/16/2014	0.311	0.214	0.126	0.217	0.249	4.725	5.212	6.288	7.463	7.938
CAF377	12/17/2014	0.285	0.277	0.126	0.217	0.249	5.012	5.363	6.208	7.4	7.9
CAF377	12/18/2014	0.279	0.288	0.126	0.217	0.249	4.525	5.392	6.3	7.4	7.875
CAF377	12/19/2014	0.305	0.297	0.126	0.217	0.249	4.354	5.283	6.229	7.4	7.8
CAF377	12/20/2014	0.288	0.303	0.126	0.217	0.249	3.933	5.146	6.129	7.317	7.8
CAF377	12/21/2014	0.283	0.303	0.126	0.216	0.249	3.596	4.958	6.058	7.3	7.75
CAF377	12/22/2014	0.28	0.303	0.127	0.216	0.249	3.35	4.742	5.888	7.204	7.7
CAF377	12/23/2014	0.279	0.302	0.127	0.216	0.249	3.217	4.554	5.754	7.121	7.65
CAF377	12/24/2014	0.278	0.302	0.127	0.216	0.248	3.104	4.429	5.617	7.079	7.6
CAF377	12/25/2014	0.275	0.301	0.127	0.216	0.248	2.929	4.283	5.525	6.971	7.512
CAF377	12/26/2014	0.273	0.3	0.127	0.216	0.248	2.75	4.137	5.392	6.763	7.438
CAF377	12/27/2014	0.271	0.299	0.127	0.216	0.248	2.629	4	5.254	6.625	7.379
CAF377	12/28/2014	0.27	0.298	0.127	0.216	0.248	2.542	3.888	5.187	6.533	7.3
CAF377	12/29/2014	0.284	0.298	0.128	0.216	0.248	2.438	3.779	5.067	6.454	7.212
CAF377	12/30/2014	0.304	0.305	0.129	0.216	0.248	2.3	3.642	4.95	6.392	7.133
CAF377	12/31/2014	0.296	0.309	0.144	0.216	0.248	2.4	3.521	4.808	6.292	7.062
CAF377	01/01/2015	0.29	0.309	0.191	0.216	0.248	2.575	3.5	4.75	6.2	7
CAF377	01/02/2015	0.286	0.308	0.204	0.216	0.248	2.571	3.5	4.7	6.1	6.9
CAF377	01/03/2015	0.283	0.307	0.206	0.216	0.248	2.6	3.5	4.7	6.037	6.842
CAF377	01/04/2015	0.281	0.307	0.207	0.216	0.248	2.708	3.504	4.679	6	6.8
CAF377	01/05/2015	0.28	0.306	0.207	0.216	0.248	2.867	3.6	4.6	5.908	6.7
CAF377	01/06/2015	0.279	0.306	0.208	0.216	0.248	2.9	3.6	4.6	5.9	6.7
CAF377	01/07/2015	0.278	0.305	0.21	0.216	0.248	2.888	3.696	4.6	5.9	6.6
CAF377	01/08/2015	0.277	0.305	0.211	0.216	0.248	2.721	3.683	4.6	5.829	6.6
CAF377	01/09/2015	0.276	0.304	0.212	0.216	0.248	2.6	3.6	4.6	5.8	6.554
CAF377	01/10/2015	0.285	0.305	0.213	0.216	0.248	2.587	3.6	4.6	5.8	6.5
CAF377	01/11/2015	0.326	0.317	0.236	0.216	0.248	2.642	3.458	4.508	5.771	6.5
CAF377	01/12/2015	0.292	0.313	0.242	0.216	0.248	3.096	3.517	4.4	5.696	6.421
CAF377	01/13/2015	0.286	0.311	0.239	0.216	0.247	3.142	3.658	4.417	5.6	6.4
CAF377	01/14/2015	0.283	0.31	0.237	0.216	0.248	2.875	3.7	4.5	5.6	6.313
CAF377	01/15/2015	0.281	0.309	0.235	0.216	0.248	2.667	3.625	4.5	5.6	6.3
CAF377	01/16/2015	0.279	0.308	0.234	0.216	0.248	2.6	3.579	4.5	5.575	6.3
CAF377	01/17/2015	0.279	0.307	0.233	0.216	0.248	2.971	3.537	4.421	5.5	6.208
CAF377	01/18/2015	0.278	0.307	0.233	0.216	0.248	3.675	3.704	4.4	5.5	6.2
CAF377	01/19/2015	0.278	0.307	0.232	0.216	0.248	4.162	3.967	4.521	5.5	6.2
CAF377	01/20/2015	0.277	0.307	0.232	0.216	0.248	4.479	4.221	4.617	5.5	6.192
CAF377	01/21/2015	0.277	0.307	0.231	0.216	0.248	4.621	4.438	4.729	5.537	6.104
CAF377	01/22/2015	0.276	0.307	0.231	0.216	0.248	4.504	4.583	4.813	5.6	6.187
CAF377	01/23/2015	0.275	0.306	0.231	0.216	0.248	4.263	4.6	4.9	5.671	6.2
CAF377	01/24/2015	0.274	0.306	0.231	0.217	0.248	4.071	4.6	4.996	5.7	6.2
CAF377	01/25/2015	0.274	0.305	0.23	0.217	0.248	3.842	4.583	5	5.775	6.2
CAF377	01/26/2015	0.273	0.304	0.23	0.217	0.248	3.646	4.5	5	5.8	6.2
CAF377	01/27/2015	0.275	0.304	0.23	0.217	0.248	3.733	4.4	4.992	5.8	6.2
CAF377	01/28/2015	0.276	0.305	0.23	0.217	0.248	3.979	4.463	4.9	5.8	6.2
CAF377	01/29/2015	0.276	0.306	0.23	0.218	0.248	4.175	4.546	4.933	5.8	6.2
CAF377	01/30/2015	0.277	0.306	0.23	0.218	0.248	4.742	4.7	5	5.8	6.2
CAF377	01/31/2015	0.287	0.307	0.231	0.218	0.248	5.246	4.971	5.021	5.8	6.2
CAF377	02/01/2015	0.289	0.31	0.232	0.219	0.248	5.604	5.258	5.133	5.821	6.2
CAF377	02/02/2015	0.318	0.318	0.241	0.219	0.248	5.904	5.508	5.212	5.9	6.217
CAF377	02/03/2015	0.308	0.32	0.249	0.222	0.248	6.125	5.754	5.358	5.971	6.3
CAF377	02/04/2015	0.294	0.317	0.247	0.259	0.248	6.1	5.95	5.475	6.046	6.3
CAF377	02/05/2015	0.289	0.316	0.244	0.293	0.248	6.142	6.062	5.596	6.129	6.308
CAF377	02/06/2015	0.286	0.315	0.243	0.302	0.248	6.204	6.183	5.667	6.2	6.4
CAF377	02/07/2015	0.284	0.313	0.242	0.307	0.248	6.117	6.296	5.779	6.296	6.4
CAF377	02/08/2015	0.282	0.313	0.241	0.309	0.248	6.092	6.338	5.854	6.392	6.483
CAF377	02/09/2015	0.281	0.312	0.24	0.31	0.248	5.671	6.375	5.9	6.45	6.5
CAF377	02/10/2015	0.28	0.311	0.239	0.312	0.249	5.092	6.217	5.9	6.5	6.55
CAF377	02/11/2015	0.279	0.31	0.239	0.312	0.249	4.7	6	5.9	6.5	6.6
CAF377	02/12/2015	0.278	0.309	0.238	0.313	0.249	4.604	5.825	5.833	6.5	6.6
CAF377	02/13/2015	0.277	0.308	0.238	0.313	0.249	4.817	5.704	5.763	6.5	6.6
CAF377	02/14/2015	0.277	0.308	0.237	0.313	0.249	4.908	5.779	5.7	6.5	6.6
CAF377	02/15/2015	0.277	0.308	0.237	0.313	0.249	4.483	5.767	5.7	6.504	6.6
CAF377	02/16/2015	0.276	0.307	0.237	0.313	0.25	3.854	5.575	5.637	6.521	6.6
CAF377	02/17/2015	0.275	0.306	0.236	0.313	0.25	3.483	5.308	5.571	6.5	6.6
CAF377	02/18/2015	0.274	0.306	0.236	0.313	0.251	3.271	5.079	5.454	6.5	6.6
CAF377	02/19/2015	0.274	0.305	0.236	0.313	0.253	3.25	4.913	5.338	6.404	6.508
CAF377	02/20/2015	0.274	0.305	0.235	0.313	0.256	3.558	4.825	5.2	6.35	6.5
CAF377	02/21/2015	0.273	0.304	0.235	0.313	0.258	3.675	4.896	5.2	6.3	6.442
CAF377	02/22/2015	0.273	0.304	0.235	0.313	0.262	3.421	4.875	5.104	6.204	6.4
CAF377	02/23/2015	0.272	0.304	0.235	0.313	0.265	3.146	4.758	5.096	6.2	6.383
CAF377	02/24/2015	0.272	0.304	0.234	0.313	0.269	3.062	4.646	5	6.137	6.3
CAF377	02/25/2015	0.271	0.303	0.234	0.313	0.273	2.958	4.571	4.95	6.1	6.3
CAF377	02/26/2015	0.27	0.303	0.234	0.312	0.277	2.821	4.467	4.863	6.05	6.233
CAF377	02/27/2015	0.27	0.302	0.234	0.312	0.281	2.933	4.4	4.8	6	6.2
CAF377	02/28/2015	0.27	0.302	0.233	0.312	0.285	3.337	4.404	4.75	5.954	6.175
CAF377	03/01/2015	0.27	0.302	0.233	0.312	0.289	3.729	4.546	4.7	5.9	6.1
CAF377	03/02/2015	0.269	0.302	0.233	0.312	0.292	4.029	4.704	4.75	5.9	6.1
CAF377	03/03/2015	0.269	0.302	0.233	0.312	0.295	4.388	4.9	4.8	5.9	6.058
CAF377	03/04/2015	0.269	0.302	0.233	0.312	0.298	4.921	5.133	4.833	5.9	6
CAF377	03/05/2015	0.269	0.302	0.233	0.312	0.301	5.45	5.479	4.954	5.9	6
CAF377	03/06/2015	0.268	0.302	0.233	0.312	0.303	5.738	5.796	5.062	5.996	6
CAF377	03/07/2015	0.268	0.302	0.233	0.312	0.305	6.133	6.05	5.196	6.046	6.075
CAF377	03/08/2015	0.27	0.302	0.233	0.312	0.307	6.608	6.35	5.325	6.121	6.1
CAF377	03/09/2015	0.278	0.303	0.233	0.312	0.309	6.788	6.646	5.475	6.212	6.104
CAF377	03/10/2015	0.278	0.305	0.233	0.312	0.311	6.854	6.85	5.621	6.321	6.2
CAF377	03/11/2015	0.291	0.309	0.234	0.312	0.312	6.654	6.983	5.763	6.417	6.237
CAF377	03/12/2015	0.286	0.312	0.235	0.313	0.313	6.583	7	5.883	6.512	6.3
CAF377	03/13/2015	0.283	0.313	0.237	0.313	0.315	6.758	7.079	5.963	6.6	6.388
CAF377	03/14/2015	0.282	0.313	0.238	0.314	0.316	7.125	7.192	6.058	6.679	6.417
CAF377	03/15/2015	0.28	0.313	0.239	0.315	0.318	7.021	7.358	6.121	6.746	6.5
CAF377	03/16/2015	0.289	0.313	0.239	0.316	0.32	6.942	7.4	6.212	6.813	6.546
CAF377	03/17/2015	0.306	0.319	0.242	0.317	0.323	6.554	7.388	6.3	6.9	6.6
CAF377	03/18/2015	0.295	0.32	0.248	0.322	0.329	6.062	7.242	6.3	6.971	6.662
CAF377	03/19/2015	0.289	0.318	0.246	0.324	0.339	6.421	7.1	6.3	7	6.7
CAF377	03/20/2015	0.286	0.317	0.245	0.324	0.342	7.354	7.267	6.3	7	6.7
CAF377	03/21/2015	0.295	0.319	0.245	0.324	0.344	8.167	7.587	6.354	7.062	6.8
CAF377	03/22/2015	0.289	0.319	0.245	0.325	0.346	7.825	7.863	6.483	7.108	6.8
CAF377	03/23/2015	0.285	0.318	0.245	0.325	0.347	7.996	7.938	6.629	7.2	6.833
CAF377	03/24/2015	0.283	0.317	0.244	0.325	0.348	8.283	8.063	6.721	7.292	6.9
CAF377	03/25/2015	0.282	0.317	0.243	0.325	0.349	7.625	8.171	6.829	7.375	6.958
CAF377	03/26/2015	0.28	0.315	0.243	0.325	0.349	7.008	8.013	6.9	7.454	7
CAF377	03/27/2015	0.279	0.314	0.242	0.325	0.349	6.646	7.817	6.9	7.5	7.087
CAF377	03/28/2015	0.278	0.313	0.241	0.325	0.35	6.846	7.7	6.813	7.5	7.1
CAF377	03/29/2015	0.277	0.313	0.241	0.324	0.349	6.796	7.671	6.8	7.5	7.162
CAF377	03/30/2015	0.277	0.312	0.241	0.324	0.35	6.771	7.6	6.8	7.567	7.2
CAF377	03/31/2015	0.277	0.312	0.24	0.324	0.35	6.5	7.562	6.8	7.6	7.2
CAF377	04/01/2015	0.277	0.312	0.24	0.324	0.35	6.892	7.5	6.742	7.6	7.2
CAF377	04/02/2015	0.277	0.312	0.24	0.324	0.35	6.904	7.562	6.704	7.6	7.2
CAF377	04/03/2015	0.276	0.312	0.24	0.323	0.35	7.217	7.6	6.775	7.6	7.2
CAF377	04/04/2015	0.276	0.312	0.239	0.323	0.35	7.642	7.75	6.8	7.6	7.2
CAF377	04/05/2015	0.276	0.312	0.239	0.323	0.35	7.262	7.871	6.863	7.6	7.25
CAF377	04/06/2015	0.275	0.312	0.239	0.323	0.35	7	7.8	6.9	7.6	7.3
CAF377	04/07/2015	0.275	0.311	0.239	0.323	0.35	7.258	7.8	6.9	7.625	7.3
CAF377	04/08/2015	0.275	0.311	0.239	0.323	0.35	6.792	7.779	6.9	7.654	7.3
CAF377	04/09/2015	0.274	0.311	0.239	0.323	0.35	6.721	7.675	6.9	7.7	7.3
CAF377	04/10/2015	0.274	0.311	0.239	0.323	0.35	7.304	7.667	6.9	7.7	7.371
CAF377	04/11/2015	0.274	0.311	0.239	0.323	0.35	7.896	7.85	6.9	7.7	7.4
CAF377	04/12/2015	0.273	0.311	0.238	0.323	0.35	8.067	8.058	6.983	7.7	7.4
CAF377	04/13/2015	0.272	0.311	0.238	0.323	0.35	8.35	8.217	7.1	7.75	7.4
CAF377	04/14/2015	0.272	0.311	0.238	0.323	0.35	8.962	8.429	7.204	7.8	7.4
CAF377	04/15/2015	0.272	0.312	0.238	0.323	0.35	9.45	8.738	7.342	7.888	7.496
CAF377	04/16/2015	0.271	0.312	0.238	0.323	0.35	9.033	8.9	7.512	7.967	7.5
CAF377	04/17/2015	0.27	0.311	0.238	0.323	0.35	8.713	8.9	7.629	8.067	7.592
CAF377	04/18/2015	0.27	0.311	0.238	0.324	0.35	8.525	8.883	7.7	8.154	7.629
CAF377	04/19/2015	0.269	0.31	0.238	0.324	0.351	8.358	8.8	7.7	8.2	7.7
CAF377	04/20/2015	0.268	0.31	0.238	0.324	0.351	8.488	8.8	7.792	8.283	7.733
CAF377	04/21/2015	0.268	0.31	0.238	0.324	0.35	9.196	8.858	7.8	8.3	7.8
CAF377	04/22/2015	0.269	0.31	0.238	0.324	0.35	10.04	9.03	7.8	8.3	7.8
CAF377	04/23/2015	NA	NA	NA	NA	NA	NA	NA	NA	NA	NA
