CAF135	11/05/2012	NA	NA	NA	NA	NA	NA	NA	NA	NA	NA
CAF135	11/06/2012	0.235	0.217	0.211	0.331	0.267	11.67	10.6	10.6	10.6	11.1
CAF135	11/07/2012	0.237	0.217	0.211	0.331	0.267	11.61	10.66	10.6	10.6	11.1
CAF135	11/08/2012	0.24	0.217	0.211	0.331	0.266	10.26	10.58	10.65	10.6	11.08
CAF135	11/09/2012	0.244	0.217	0.211	0.331	0.267	8.95	10.1	10.57	10.6	11
CAF135	11/10/2012	0.25	0.216	0.211	0.331	0.267	7.83	9.55	10.37	10.57	11
CAF135	11/11/2012	0.252	0.216	0.21	0.33	0.266	6.82	8.97	10.1	10.47	11
CAF135	11/12/2012	0.252	0.215	0.21	0.33	0.266	6.18	8.42	9.78	10.34	10.92
CAF135	11/13/2012	0.273	0.214	0.209	0.329	0.266	5.73	7.92	9.46	10.17	10.85
CAF135	11/14/2012	0.284	0.214	0.209	0.328	0.266	5.85	7.48	9.13	9.98	10.76
CAF135	11/15/2012	0.279	0.214	0.209	0.327	0.265	6.31	7.32	8.87	9.79	10.65
CAF135	11/16/2012	0.276	0.214	0.208	0.326	0.265	6.55	7.3	8.7	9.62	10.53
CAF135	11/17/2012	0.274	0.215	0.208	0.325	0.264	6.84	7.39	8.59	9.46	10.41
CAF135	11/18/2012	0.279	0.215	0.208	0.325	0.264	7.07	7.46	8.5	9.34	10.3
CAF135	11/19/2012	0.29	0.215	0.208	0.324	0.263	6.87	7.46	8.49	9.25	10.2
CAF135	11/20/2012	0.299	0.216	0.208	0.324	0.263	7.3	7.4	8.4	9.17	10.1
CAF135	11/21/2012	0.296	0.294	0.208	0.324	0.263	7.74	7.5	8.32	9.09	10.02
CAF135	11/22/2012	0.287	0.337	0.208	0.323	0.263	7.09	7.59	8.3	9	9.94
CAF135	11/23/2012	0.282	0.34	0.208	0.323	0.262	6.47	7.41	8.29	8.97	9.9
CAF135	11/24/2012	0.292	0.345	0.207	0.323	0.262	6.63	7.18	8.17	8.9	9.8
CAF135	11/25/2012	0.288	0.357	0.208	0.322	0.262	6.7	7.1	8.05	8.8	9.75
CAF135	11/26/2012	0.282	0.356	0.207	0.322	0.262	6.09	7.06	7.98	8.72	9.69
CAF135	11/27/2012	0.279	0.353	0.207	0.321	0.261	5.49	6.8	7.85	8.64	9.6
CAF135	11/28/2012	0.277	0.352	0.207	0.321	0.261	5.45	6.56	7.69	8.55	9.53
CAF135	11/29/2012	0.277	0.35	0.207	0.32	0.26	5.8	6.42	7.54	8.43	9.46
CAF135	11/30/2012	0.287	0.348	0.207	0.32	0.26	6.49	6.46	7.43	8.32	9.38
CAF135	12/01/2012	0.29	0.351	0.207	0.319	0.26	7.05	6.65	7.4	8.22	9.3
CAF135	12/02/2012	0.305	0.379	0.207	0.32	0.26	7.12	6.8	7.4	8.2	9.2
CAF135	12/03/2012	0.294	0.379	0.208	0.319	0.259	6.89	6.9	7.45	8.1	9.16
CAF135	12/04/2012	0.3	0.375	0.21	0.319	0.259	6.82	6.9	7.5	8.1	9.1
CAF135	12/05/2012	0.302	0.379	0.216	0.319	0.259	7.1	6.87	7.44	8.09	9.05
CAF135	12/06/2012	0.295	0.377	0.242	0.319	0.258	6.55	6.89	7.42	8	9
CAF135	12/07/2012	0.3	0.374	0.249	0.319	0.258	5.91	6.72	7.4	8	8.98
CAF135	12/08/2012	0.298	0.384	0.257	0.318	0.258	5.37	6.44	7.33	7.95	8.9
CAF135	12/09/2012	0.29	0.376	0.258	0.318	0.258	4.82	6.17	7.16	7.88	8.89
CAF135	12/10/2012	0.285	0.371	0.257	0.317	0.257	4.49	5.9	7.02	7.78	8.8
CAF135	12/11/2012	0.287	0.368	0.256	0.317	0.257	4.32	5.69	6.85	7.67	8.74
CAF135	12/12/2012	0.302	0.369	0.255	0.317	0.256	4.23	5.5	6.68	7.55	8.67
CAF135	12/13/2012	0.298	0.38	0.259	0.316	0.256	4.22	5.32	6.53	7.43	8.59
CAF135	12/14/2012	0.293	0.375	0.259	0.316	0.255	4.19	5.2	6.37	7.3	8.5
CAF135	12/15/2012	0.29	0.372	0.258	0.315	0.254	4.1	5.1	6.26	7.18	8.4
CAF135	12/16/2012	0.292	0.369	0.258	0.319	0.254	4.1	5	6.16	7.07	8.31
CAF135	12/17/2012	0.306	0.37	0.256	0.331	0.253	4.1	4.95	6.07	6.98	8.22
CAF135	12/18/2012	0.306	0.379	0.26	0.355	0.253	3.98	4.85	5.97	6.89	8.13
CAF135	12/19/2012	0.3	0.374	0.259	0.374	0.252	3.81	4.77	5.88	6.8	8.05
CAF135	12/20/2012	0.296	0.37	0.258	0.381	0.251	3.7	4.69	5.8	6.7	7.97
CAF135	12/21/2012	0.294	0.367	0.257	0.383	0.251	3.62	4.6	5.71	6.63	7.89
CAF135	12/22/2012	0.294	0.365	0.256	0.384	0.251	3.66	4.53	5.64	6.56	7.8
CAF135	12/23/2012	0.3	0.363	0.255	0.385	0.251	3.7	4.5	5.58	6.49	7.72
CAF135	12/24/2012	0.3	0.362	0.255	0.386	0.25	3.7	4.42	5.5	6.4	7.64
CAF135	12/25/2012	0.301	0.363	0.255	0.386	0.25	3.7	4.4	5.44	6.33	7.58
CAF135	12/26/2012	0.3	0.363	0.255	0.387	0.25	3.78	4.4	5.4	6.28	7.5
CAF135	12/27/2012	0.299	0.363	0.255	0.387	0.25	3.82	4.4	5.33	6.2	7.42
CAF135	12/28/2012	0.299	0.363	0.255	0.387	0.25	3.9	4.33	5.3	6.16	7.37
CAF135	12/29/2012	0.299	0.363	0.255	0.387	0.25	3.9	4.3	5.3	6.1	7.3
CAF135	12/30/2012	0.298	0.364	0.255	0.388	0.25	3.9	4.3	5.21	6.07	7.23
CAF135	12/31/2012	0.296	0.363	0.255	0.388	0.25	3.9	4.3	5.2	6	7.2
CAF135	01/01/2013	0.295	0.363	0.255	0.388	0.25	3.9	4.3	5.2	6	7.11
CAF135	01/02/2013	0.294	0.362	0.254	0.388	0.25	3.9	4.3	5.19	5.91	7.1
CAF135	01/03/2013	0.293	0.362	0.254	0.388	0.25	3.83	4.3	5.1	5.9	7.01
CAF135	01/04/2013	0.291	0.362	0.254	0.388	0.25	3.65	4.2	5.1	5.88	7
CAF135	01/05/2013	0.29	0.361	0.254	0.388	0.25	3.6	4.17	5.08	5.8	6.93
CAF135	01/06/2013	0.289	0.36	0.253	0.388	0.25	3.59	4.1	5	5.8	6.9
CAF135	01/07/2013	0.288	0.36	0.253	0.388	0.25	3.6	4.1	5	5.74	6.85
CAF135	01/08/2013	0.3	0.369	0.285	0.391	0.25	3.51	4.02	4.85	5.68	6.8
CAF135	01/09/2013	0.318	0.397	0.307	0.398	0.302	3.26	3.72	4.54	5.51	6.71
CAF135	01/10/2013	0.309	0.387	0.275	0.396	0.378	3.21	3.58	4.5	5.4	6.6
CAF135	01/11/2013	0.304	0.377	0.267	0.394	0.378	3.3	3.65	4.5	5.4	6.54
CAF135	01/12/2013	0.301	0.373	0.264	0.393	0.377	3.3	3.7	4.57	5.4	6.5
CAF135	01/13/2013	0.298	0.37	0.262	0.392	0.377	3.25	3.7	4.56	5.36	6.49
CAF135	01/14/2013	0.296	0.368	0.261	0.391	0.376	3.2	3.7	4.5	5.3	6.4
CAF135	01/15/2013	0.294	0.366	0.26	0.391	0.375	3.2	3.66	4.5	5.3	6.4
CAF135	01/16/2013	0.292	0.364	0.259	0.391	0.375	3.2	3.6	4.5	5.3	6.35
CAF135	01/17/2013	0.291	0.363	0.258	0.391	0.374	3.2	3.6	4.5	5.23	6.3
CAF135	01/18/2013	0.29	0.362	0.258	0.39	0.374	3.2	3.6	4.43	5.2	6.3
CAF135	01/19/2013	0.288	0.361	0.257	0.39	0.373	3.15	3.6	4.4	5.2	6.2
CAF135	01/20/2013	0.287	0.361	0.257	0.39	0.373	3.1	3.6	4.4	5.16	6.2
CAF135	01/21/2013	0.286	0.36	0.256	0.389	0.373	3.1	3.52	4.4	5.1	6.19
CAF135	01/22/2013	0.285	0.359	0.256	0.389	0.373	3.06	3.5	4.34	5.1	6.1
CAF135	01/23/2013	0.283	0.359	0.255	0.389	0.372	3	3.5	4.3	5.1	6.1
CAF135	01/24/2013	0.282	0.358	0.255	0.388	0.372	3	3.5	4.3	5.01	6.06
CAF135	01/25/2013	0.296	0.361	0.253	0.389	0.372	2.98	3.47	4.29	5	6
CAF135	01/26/2013	0.317	0.394	0.281	0.396	0.382	2.83	3.3	4.16	4.93	5.96
CAF135	01/27/2013	0.308	0.387	0.273	0.394	0.384	2.92	3.2	4.1	4.87	5.9
CAF135	01/28/2013	0.306	0.379	0.267	0.393	0.382	3	3.2	4	4.8	5.8
CAF135	01/29/2013	0.304	0.374	0.264	0.392	0.38	3.01	3.2	4	4.8	5.8
CAF135	01/30/2013	0.323	0.392	0.283	0.396	0.39	3.01	3.17	3.96	4.73	5.73
CAF135	01/31/2013	0.31	0.388	0.276	0.399	0.421	3.44	3.1	3.9	4.65	5.68
CAF135	02/01/2013	0.306	0.38	0.272	0.401	0.421	4.01	3.25	3.9	4.6	5.6
CAF135	02/02/2013	0.303	0.376	0.27	0.401	0.422	3.96	3.45	3.96	4.6	5.6
CAF135	02/03/2013	0.3	0.373	0.269	0.401	0.422	3.84	3.5	4.01	4.6	5.6
CAF135	02/04/2013	0.298	0.371	0.267	0.402	0.422	3.98	3.57	4.1	4.7	5.6
CAF135	02/05/2013	0.297	0.37	0.267	0.402	0.422	4.33	3.66	4.1	4.7	5.6
CAF135	02/06/2013	0.296	0.369	0.266	0.402	0.422	4.35	3.79	4.2	4.7	5.6
CAF135	02/07/2013	0.295	0.368	0.265	0.402	0.423	4.22	3.86	4.24	4.7	5.6
CAF135	02/08/2013	0.295	0.366	0.264	0.403	0.424	4.16	3.9	4.3	4.76	5.6
CAF135	02/09/2013	0.298	0.366	0.263	0.403	0.424	3.92	3.88	4.3	4.8	5.6
CAF135	02/10/2013	0.302	0.365	0.263	0.403	0.425	3.63	3.8	4.3	4.8	5.6
CAF135	02/11/2013	0.301	0.366	0.263	0.403	0.425	3.36	3.69	4.3	4.8	5.6
CAF135	02/12/2013	0.301	0.366	0.262	0.404	0.426	3.37	3.6	4.25	4.8	5.6
CAF135	02/13/2013	0.302	0.366	0.262	0.403	0.427	4	3.6	4.2	4.8	5.6
CAF135	02/14/2013	0.3	0.366	0.261	0.401	0.427	4.15	3.75	4.2	4.8	5.6
CAF135	02/15/2013	0.298	0.366	0.261	0.4	0.428	4.07	3.8	4.25	4.8	5.6
CAF135	02/16/2013	0.297	0.365	0.261	0.4	0.428	4.36	3.84	4.3	4.8	5.6
CAF135	02/17/2013	0.296	0.365	0.261	0.4	0.428	4.51	3.95	4.3	4.8	5.6
CAF135	02/18/2013	0.294	0.365	0.261	0.399	0.428	4.24	4	4.38	4.8	5.6
CAF135	02/19/2013	0.293	0.364	0.26	0.399	0.428	3.98	3.95	4.4	4.8	5.6
CAF135	02/20/2013	0.293	0.364	0.26	0.398	0.429	4.02	3.9	4.4	4.8	5.6
CAF135	02/21/2013	0.293	0.363	0.259	0.398	0.429	3.94	3.9	4.4	4.8	5.6
CAF135	02/22/2013	0.296	0.361	0.259	0.397	0.429	3.57	3.82	4.36	4.8	5.6
CAF135	02/23/2013	0.313	0.38	0.265	0.397	0.429	3.41	3.68	4.3	4.8	5.6
CAF135	02/24/2013	0.307	0.383	0.269	0.398	0.43	3.34	3.6	4.23	4.8	5.56
CAF135	02/25/2013	0.305	0.377	0.267	0.401	0.429	3.26	3.5	4.2	4.71	5.5
CAF135	02/26/2013	0.305	0.376	0.266	0.402	0.43	3.3	3.5	4.12	4.7	5.5
CAF135	02/27/2013	0.302	0.374	0.265	0.402	0.43	3.37	3.45	4.1	4.7	5.5
CAF135	02/28/2013	0.305	0.371	0.264	0.401	0.43	3.77	3.47	4.1	4.62	5.5
CAF135	03/01/2013	0.312	0.379	0.266	0.401	0.43	4.31	3.55	4.1	4.6	5.42
CAF135	03/02/2013	0.309	0.379	0.268	0.404	0.43	5.09	3.78	4.1	4.6	5.4
CAF135	03/03/2013	0.305	0.377	0.267	0.404	0.43	5.34	4.07	4.21	4.6	5.4
CAF135	03/04/2013	0.301	0.374	0.267	0.405	0.43	4.65	4.2	4.33	4.61	5.4
CAF135	03/05/2013	0.298	0.372	0.266	0.405	0.43	4.25	4.1	4.4	4.7	5.4
CAF135	03/06/2013	0.296	0.37	0.265	0.405	0.43	4.34	4	4.4	4.7	5.4
CAF135	03/07/2013	0.301	0.368	0.264	0.403	0.431	4.74	4.04	4.4	4.7	5.4
CAF135	03/08/2013	0.303	0.367	0.263	0.401	0.431	4.79	4.15	4.4	4.7	5.4
CAF135	03/09/2013	0.3	0.367	0.263	0.4	0.431	4.58	4.2	4.43	4.71	5.4
CAF135	03/10/2013	0.298	0.366	0.262	0.4	0.431	4.58	4.2	4.5	4.8	5.4
CAF135	03/11/2013	0.297	0.366	0.262	0.4	0.432	4.8	4.19	4.5	4.8	5.48
CAF135	03/12/2013	0.296	0.366	0.262	0.4	0.432	5.28	4.27	4.5	4.8	5.5
CAF135	03/13/2013	0.297	0.365	0.262	0.399	0.432	6.1	4.48	4.55	4.8	5.5
CAF135	03/14/2013	0.297	0.366	0.261	0.399	0.432	6.96	4.82	4.67	4.8	5.5
CAF135	03/15/2013	0.297	0.366	0.262	0.398	0.432	7.37	5.18	4.85	4.9	5.5
CAF135	03/16/2013	0.295	0.366	0.262	0.398	0.432	7.35	5.46	5.05	4.97	5.5
CAF135	03/17/2013	0.293	0.365	0.262	0.398	0.432	6.64	5.58	5.2	5.06	5.57
CAF135	03/18/2013	0.292	0.365	0.262	0.397	0.432	5.7	5.42	5.3	5.16	5.6
CAF135	03/19/2013	0.291	0.364	0.262	0.397	0.432	5.18	5.15	5.3	5.2	5.68
CAF135	03/20/2013	0.294	0.362	0.261	0.396	0.432	5.6	5	5.2	5.28	5.7
CAF135	03/21/2013	0.303	0.362	0.26	0.396	0.432	5.63	5	5.2	5.3	5.75
CAF135	03/22/2013	0.301	0.364	0.261	0.396	0.432	5.08	4.94	5.19	5.3	5.8
CAF135	03/23/2013	0.299	0.364	0.261	0.395	0.432	4.77	4.77	5.1	5.3	5.8
CAF135	03/24/2013	0.297	0.364	0.261	0.395	0.431	4.8	4.65	5.05	5.23	5.8
CAF135	03/25/2013	0.295	0.364	0.261	0.394	0.43	4.92	4.6	5	5.2	5.8
CAF135	03/26/2013	0.295	0.363	0.261	0.394	0.428	5.5	4.6	4.95	5.2	5.8
CAF135	03/27/2013	0.295	0.362	0.261	0.394	0.427	6.38	4.8	4.96	5.2	5.8
CAF135	03/28/2013	0.295	0.362	0.261	0.394	0.426	7.27	5.15	5.05	5.2	5.73
CAF135	03/29/2013	0.295	0.362	0.261	0.394	0.418	7.95	5.57	5.21	5.2	5.7
CAF135	03/30/2013	0.294	0.362	0.261	0.394	0.407	8.25	5.94	5.42	5.28	5.78
CAF135	03/31/2013	0.293	0.363	0.261	0.394	0.403	8.63	6.24	5.62	5.37	5.8
CAF135	04/01/2013	0.293	0.363	0.262	0.394	0.4	9.06	6.53	5.82	5.48	5.81
CAF135	04/02/2013	0.292	0.363	0.262	0.394	0.393	9.26	6.82	6.02	5.58	5.9
CAF135	04/03/2013	0.291	0.363	0.262	0.395	0.39	9.35	7.04	6.22	5.72	5.96
CAF135	04/04/2013	0.295	0.363	0.263	0.395	0.388	9.67	7.24	6.4	5.84	6.03
CAF135	04/05/2013	0.313	0.363	0.262	0.396	0.386	9.5	7.4	6.56	5.96	6.1
CAF135	04/06/2013	0.315	0.365	0.263	0.396	0.385	9.51	7.49	6.7	6.07	6.2
CAF135	04/07/2013	0.324	0.367	0.264	0.397	0.385	9.11	7.5	6.8	6.18	6.29
CAF135	04/08/2013	0.323	0.375	0.267	0.397	0.384	8.48	7.44	6.9	6.28	6.37
CAF135	04/09/2013	0.317	0.376	0.27	0.398	0.386	8.06	7.25	6.9	6.35	6.44
CAF135	04/10/2013	0.314	0.374	0.27	0.398	0.389	8.32	7.1	6.82	6.4	6.5
CAF135	04/11/2013	0.311	0.373	0.27	0.398	0.389	8.08	7.1	6.8	6.4	6.58
CAF135	04/12/2013	0.307	0.372	0.27	0.399	0.389	7.71	6.98	6.8	6.41	6.6
CAF135	04/13/2013	0.322	0.372	0.269	0.399	0.389	7.8	6.9	6.76	6.5	6.6
CAF135	04/14/2013	0.317	0.374	0.27	0.399	0.389	7.21	6.8	6.7	6.5	6.7
CAF135	04/15/2013	0.312	0.373	0.27	0.399	0.39	7.03	6.65	6.67	6.47	6.7
CAF135	04/16/2013	0.308	0.372	0.27	0.399	0.39	6.77	6.48	6.6	6.4	6.7
CAF135	04/17/2013	0.305	0.37	0.269	0.399	0.389	6.66	6.34	6.5	6.4	6.7
CAF135	04/18/2013	0.303	0.369	0.268	0.399	0.389	6.96	6.28	6.41	6.4	6.7
CAF135	04/19/2013	0.311	0.368	0.268	0.399	0.388	7.28	6.3	6.4	6.31	6.7
CAF135	04/20/2013	0.321	0.37	0.267	0.398	0.388	7.64	6.43	6.4	6.3	6.7
CAF135	04/21/2013	0.317	0.372	0.269	0.398	0.388	7.77	6.54	6.4	6.3	6.7
CAF135	04/22/2013	0.313	0.372	0.269	0.399	0.388	7.62	6.6	6.44	6.3	6.7
CAF135	04/23/2013	0.311	0.371	0.269	0.399	0.388	7.75	6.6	6.5	6.3	6.7
CAF135	04/24/2013	0.309	0.37	0.269	0.399	0.388	8.1	6.66	6.5	6.3	6.7
CAF135	04/25/2013	0.308	0.37	0.268	0.399	0.388	8.82	6.82	6.54	6.33	6.7
CAF135	04/26/2013	0.307	0.369	0.268	0.399	0.387	9.72	7.15	6.64	6.4	6.7
CAF135	04/27/2013	0.306	0.37	0.268	0.399	0.387	10.42	7.57	6.81	6.41	6.7
CAF135	04/28/2013	0.304	0.369	0.269	0.399	0.387	10.27	7.89	7.02	6.51	6.7
CAF135	04/29/2013	0.301	0.369	0.269	0.399	0.387	10.19	8.06	7.2	6.61	6.8
CAF135	04/30/2013	0.297	0.368	0.269	0.4	0.387	9.01	8.06	7.34	6.71	6.83
CAF135	05/01/2013	0.294	0.367	0.268	0.4	0.387	8.4	7.79	7.4	6.8	6.9
CAF135	05/02/2013	0.295	0.366	0.268	0.4	0.387	9.28	7.66	7.3	6.87	6.97
CAF135	05/03/2013	0.297	0.366	0.268	0.4	0.387	10.56	7.86	7.31	6.9	7
CAF135	05/04/2013	0.298	0.366	0.268	0.4	0.387	11.45	8.31	7.44	6.9	7.01
CAF135	05/05/2013	0.297	0.366	0.268	0.4	0.387	12.03	8.73	7.65	6.99	7.1
CAF135	05/06/2013	0.297	0.366	0.268	0.4	0.387	12.85	9.14	7.89	7.09	7.12
CAF135	05/07/2013	0.297	0.366	0.268	0.401	0.387	13.69	9.6	8.15	7.23	7.2
CAF135	05/08/2013	0.297	0.367	0.269	0.401	0.387	14.4	10.09	8.44	7.38	7.28
CAF135	05/09/2013	0.296	0.367	0.269	0.402	0.387	15.09	10.58	8.75	7.56	7.38
CAF135	05/10/2013	0.296	0.367	0.27	0.403	0.387	15.56	11.04	9.08	7.76	7.5
CAF135	05/11/2013	0.296	0.367	0.271	0.403	0.388	16.21	11.46	9.41	7.98	7.63
CAF135	05/12/2013	0.296	0.367	0.272	0.404	0.388	16.62	11.89	9.73	8.19	7.76
CAF135	05/13/2013	0.295	0.367	0.272	0.405	0.389	16.68	12.25	10.05	8.42	7.93
CAF135	05/14/2013	0.291	0.367	0.273	0.406	0.389	15.63	12.4	10.32	8.65	8.07
CAF135	05/15/2013	0.288	0.366	0.273	0.406	0.39	15.03	12.28	10.5	8.85	8.24
CAF135	05/16/2013	0.287	0.365	0.273	0.407	0.39	15.04	12.18	10.6	9.04	8.38
CAF135	05/17/2013	0.286	0.364	0.272	0.407	0.391	14.92	12.1	10.61	9.15	8.53
CAF135	05/18/2013	0.284	0.363	0.272	0.407	0.391	14.73	12.1	10.7	9.26	8.65
CAF135	05/19/2013	0.282	0.362	0.272	0.408	0.391	14.11	11.97	10.7	9.35	8.75
CAF135	05/20/2013	0.282	0.361	0.271	0.408	0.391	14.5	11.9	10.7	9.4	8.84
CAF135	05/21/2013	0.282	0.36	0.271	0.408	0.392	15.26	12	10.7	9.5	8.92
CAF135	05/22/2013	0.28	0.359	0.27	0.408	0.392	14.06	12.08	10.8	9.53	9
CAF135	05/23/2013	0.277	0.358	0.27	0.408	0.392	12.93	11.79	10.8	9.6	9.08
CAF135	05/24/2013	0.277	0.357	0.269	0.408	0.392	12.91	11.48	10.72	9.63	9.14
CAF135	05/25/2013	0.276	0.355	0.268	0.408	0.392	12.66	11.29	10.63	9.69	9.2
CAF135	05/26/2013	0.276	0.354	0.268	0.408	0.392	13.03	11.2	10.53	9.6	9.22
CAF135	05/27/2013	0.276	0.353	0.267	0.408	0.392	13.56	11.22	10.5	9.6	9.3
CAF135	05/28/2013	0.275	0.353	0.266	0.408	0.392	13.87	11.37	10.5	9.6	9.3
CAF135	05/29/2013	0.273	0.351	0.266	0.408	0.392	13.78	11.48	10.55	9.6	9.3
CAF135	05/30/2013	0.271	0.351	0.266	0.407	0.392	13.56	11.5	10.6	9.69	9.3
CAF135	05/31/2013	0.269	0.349	0.266	0.407	0.392	13.66	11.5	10.6	9.7	9.4
CAF135	06/01/2013	0.268	0.347	0.265	0.408	0.392	14.17	11.57	10.63	9.7	9.4
CAF135	06/02/2013	0.266	0.346	0.265	0.407	0.392	14.5	11.73	10.7	9.76	9.4
CAF135	06/03/2013	0.263	0.344	0.265	0.408	0.392	14.4	11.87	10.79	9.8	9.47
CAF135	06/04/2013	0.26	0.342	0.265	0.408	0.392	14.9	11.97	10.86	9.85	9.5
CAF135	06/05/2013	0.258	0.34	0.264	0.408	0.392	15.75	12.23	10.95	9.9	9.5
CAF135	06/06/2013	0.253	0.336	0.264	0.408	0.393	16.58	12.57	11.12	9.99	9.6
CAF135	06/07/2013	0.25	0.332	0.264	0.408	0.393	17.11	12.97	11.31	10.08	9.61
CAF135	06/08/2013	0.247	0.326	0.264	0.408	0.393	16.86	13.24	11.53	10.2	9.7
CAF135	06/09/2013	0.244	0.318	0.263	0.409	0.393	16.91	13.36	11.72	10.34	9.77
CAF135	06/10/2013	0.241	0.308	0.262	0.409	0.393	16.73	13.47	11.85	10.45	9.85
CAF135	06/11/2013	0.238	0.298	0.261	0.41	0.394	16.67	13.5	11.97	10.58	9.94
CAF135	06/12/2013	0.235	0.287	0.259	0.41	0.394	16.41	13.5	12.07	10.68	10.03
CAF135	06/13/2013	0.233	0.273	0.257	0.41	0.394	16.43	13.53	12.11	10.78	10.1
CAF135	06/14/2013	0.231	0.259	0.253	0.41	0.394	16.25	13.5	12.2	10.85	10.2
CAF135	06/15/2013	0.229	0.248	0.25	0.41	0.394	16.38	13.5	12.2	10.9	10.27
CAF135	06/16/2013	0.227	0.242	0.246	0.41	0.394	16.8	13.57	12.25	11	10.33
CAF135	06/17/2013	0.225	0.237	0.242	0.41	0.395	17.47	13.71	12.3	11.03	10.4
CAF135	06/18/2013	0.224	0.234	0.24	0.41	0.395	17.81	13.96	12.42	11.1	10.46
CAF135	06/19/2013	0.223	0.234	0.24	0.41	0.395	17.09	14.1	12.55	11.18	10.5
CAF135	06/20/2013	0.221	0.235	0.24	0.41	0.395	15.51	13.89	12.6	11.27	10.6
CAF135	06/21/2013	0.22	0.234	0.24	0.41	0.396	14.79	13.44	12.57	11.32	10.66
CAF135	06/22/2013	0.221	0.233	0.239	0.41	0.397	15.19	13.2	12.44	11.4	10.7
CAF135	06/23/2013	0.22	0.232	0.238	0.409	0.398	15.46	13.2	12.35	11.32	10.77
CAF135	06/24/2013	0.221	0.232	0.238	0.409	0.398	15.95	13.25	12.3	11.3	10.8
CAF135	06/25/2013	0.222	0.232	0.238	0.408	0.398	15.91	13.3	12.33	11.3	10.8
CAF135	06/26/2013	0.223	0.232	0.238	0.408	0.398	16.32	13.38	12.4	11.36	10.8
CAF135	06/27/2013	0.224	0.232	0.237	0.408	0.398	16.72	13.51	12.4	11.4	10.85
CAF135	06/28/2013	0.226	0.231	0.236	0.407	0.398	17.8	13.76	12.5	11.4	10.9
CAF135	06/29/2013	0.226	0.231	0.234	0.407	0.397	18.82	14.17	12.64	11.47	10.9
CAF135	06/30/2013	0.226	0.231	0.233	0.407	0.397	19.21	14.57	12.83	11.54	10.96
CAF135	07/01/2013	0.226	0.23	0.231	0.407	0.397	19.63	14.85	13.05	11.65	11
CAF135	07/02/2013	0.226	0.229	0.229	0.406	0.396	20.35	15.18	13.25	11.77	11.1
CAF135	07/03/2013	0.225	0.227	0.227	0.406	0.395	20.75	15.54	13.47	11.91	11.17
CAF135	07/04/2013	0.224	0.226	0.225	0.404	0.394	20.32	15.78	13.69	12.05	11.26
CAF135	07/05/2013	0.221	0.225	0.223	0.402	0.391	19.7	15.78	13.86	12.2	11.37
CAF135	07/06/2013	0.22	0.224	0.222	0.4	0.386	19.14	15.67	13.95	12.33	11.47
CAF135	07/07/2013	0.219	0.223	0.22	0.397	0.376	19	15.56	14	12.42	11.57
CAF135	07/08/2013	0.217	0.222	0.219	0.394	0.364	19.13	15.5	14	12.5	11.65
CAF135	07/09/2013	0.216	0.221	0.217	0.391	0.351	19.12	15.53	14	12.55	11.72
CAF135	07/10/2013	0.214	0.22	0.215	0.387	0.338	19.25	15.58	14.02	12.6	11.8
CAF135	07/11/2013	0.213	0.219	0.214	0.382	0.325	19.52	15.67	14.1	12.64	11.85
CAF135	07/12/2013	0.21	0.218	0.213	0.378	0.316	19.03	15.7	14.15	12.7	11.9
CAF135	07/13/2013	0.209	0.218	0.212	0.376	0.309	18.59	15.58	14.2	12.75	11.97
CAF135	07/14/2013	0.207	0.217	0.211	0.372	0.3	18.38	15.47	14.2	12.8	12
CAF135	07/15/2013	0.207	0.217	0.21	0.368	0.291	18.5	15.4	14.12	12.8	12.08
CAF135	07/16/2013	0.206	0.216	0.209	0.365	0.283	18.64	15.4	14.1	12.8	12.1
CAF135	07/17/2013	0.206	0.216	0.208	0.361	0.277	19.18	15.47	14.11	12.84	12.13
CAF135	07/18/2013	0.206	0.215	0.208	0.357	0.27	19.38	15.67	14.2	12.9	12.2
CAF135	07/19/2013	0.205	0.215	0.207	0.353	0.265	19.37	15.75	14.28	12.9	12.2
CAF135	07/20/2013	0.204	0.214	0.206	0.35	0.259	19.56	15.8	14.31	12.97	12.24
CAF135	07/21/2013	0.204	0.214	0.205	0.346	0.255	19.6	15.91	14.4	13	12.3
CAF135	07/22/2013	0.203	0.213	0.205	0.344	0.252	19.67	15.98	14.47	13.05	12.31
CAF135	07/23/2013	0.203	0.213	0.204	0.341	0.25	19.81	16.08	14.51	13.1	12.4
CAF135	07/24/2013	0.203	0.213	0.204	0.339	0.249	20.06	16.18	14.6	13.15	12.4
CAF135	07/25/2013	0.203	0.212	0.203	0.337	0.248	20.24	16.33	14.68	13.2	12.48
CAF135	07/26/2013	0.203	0.212	0.203	0.335	0.248	20.22	16.45	14.77	13.28	12.5
CAF135	07/27/2013	0.202	0.212	0.203	0.334	0.247	20.24	16.49	14.84	13.33	12.57
CAF135	07/28/2013	0.202	0.212	0.202	0.333	0.247	20.07	16.55	14.9	13.4	12.6
CAF135	07/29/2013	0.202	0.212	0.202	0.332	0.247	19.78	16.53	14.99	13.46	12.68
CAF135	07/30/2013	0.202	0.211	0.202	0.332	0.247	19.77	16.5	15	13.5	12.7
CAF135	07/31/2013	0.202	0.211	0.202	0.331	0.247	19.87	16.5	15	13.54	12.78
CAF135	08/01/2013	0.202	0.211	0.202	0.331	0.247	19.74	16.52	15.03	13.6	12.8
CAF135	08/02/2013	0.201	0.211	0.203	0.333	0.248	19.02	16.44	15.1	13.6	12.83
CAF135	08/03/2013	0.2	0.211	0.203	0.334	0.248	18.31	16.18	15.03	13.67	12.9
CAF135	08/04/2013	0.2	0.211	0.203	0.334	0.248	18.32	15.95	14.94	13.7	12.9
CAF135	08/05/2013	0.201	0.211	0.203	0.333	0.249	18.79	15.9	14.87	13.64	12.9
CAF135	08/06/2013	0.201	0.211	0.203	0.333	0.249	19.24	15.98	14.8	13.6	13
CAF135	08/07/2013	0.202	0.211	0.203	0.334	0.249	19.61	16.17	14.9	13.6	13
CAF135	08/08/2013	0.202	0.212	0.203	0.334	0.249	19.79	16.35	14.93	13.64	13
CAF135	08/09/2013	0.202	0.212	0.203	0.334	0.249	20.05	16.47	15.01	13.7	13
CAF135	08/10/2013	0.203	0.212	0.204	0.335	0.25	20.66	16.66	15.11	13.71	13
CAF135	08/11/2013	0.203	0.213	0.204	0.336	0.25	21.06	16.93	15.24	13.8	13.08
CAF135	08/12/2013	0.203	0.213	0.204	0.337	0.251	21.09	17.16	15.37	13.86	13.1
CAF135	08/13/2013	0.203	0.212	0.205	0.337	0.251	21.19	17.27	15.52	13.95	13.15
CAF135	08/14/2013	0.203	0.212	0.205	0.338	0.252	21.3	17.38	15.62	14.03	13.2
CAF135	08/15/2013	0.203	0.213	0.205	0.338	0.254	21.49	17.54	15.72	14.11	13.28
CAF135	08/16/2013	0.203	0.213	0.205	0.339	0.255	21.57	17.67	15.83	14.2	13.33
CAF135	08/17/2013	0.203	0.213	0.206	0.34	0.256	21.73	17.76	15.93	14.29	13.4
CAF135	08/18/2013	0.203	0.213	0.206	0.34	0.257	21.51	17.83	16.03	14.37	13.47
CAF135	08/19/2013	0.203	0.213	0.206	0.341	0.258	21.21	17.8	16.1	14.44	13.52
CAF135	08/20/2013	0.202	0.213	0.206	0.341	0.26	21.06	17.77	16.1	14.5	13.6
CAF135	08/21/2013	0.202	0.213	0.206	0.341	0.261	20.76	17.68	16.11	14.58	13.66
CAF135	08/22/2013	0.202	0.213	0.206	0.341	0.262	20.65	17.6	16.1	14.6	13.7
CAF135	08/23/2013	0.202	0.213	0.206	0.341	0.263	20.62	17.5	16.1	14.6	13.76
CAF135	08/24/2013	0.201	0.213	0.206	0.342	0.264	20.37	17.49	16.1	14.69	13.8
CAF135	08/25/2013	0.201	0.213	0.206	0.341	0.265	20.5	17.41	16.1	14.7	13.8
CAF135	08/26/2013	0.201	0.213	0.206	0.341	0.266	20.55	17.44	16.1	14.7	13.87
CAF135	08/27/2013	0.201	0.212	0.206	0.341	0.267	20.08	17.37	16.1	14.7	13.9
CAF135	08/28/2013	0.201	0.213	0.206	0.343	0.268	20.18	17.3	16.07	14.7	13.9
CAF135	08/29/2013	0.202	0.213	0.207	0.345	0.269	20.28	17.29	16	14.7	13.9
CAF135	08/30/2013	0.202	0.213	0.207	0.345	0.269	20.17	17.29	16	14.7	13.96
CAF135	08/31/2013	0.202	0.213	0.207	0.345	0.27	20.09	17.26	16	14.7	14
CAF135	09/01/2013	0.202	0.213	0.207	0.345	0.271	20.28	17.24	16	14.7	14
CAF135	09/02/2013	0.202	0.213	0.207	0.345	0.272	20.4	17.29	16	14.7	14
CAF135	09/03/2013	0.202	0.213	0.207	0.346	0.272	20.01	17.28	16	14.73	14
CAF135	09/04/2013	0.202	0.213	0.207	0.346	0.273	19.96	17.2	16	14.8	14
CAF135	09/05/2013	0.202	0.213	0.207	0.346	0.273	20.2	17.2	16	14.8	14.03
CAF135	09/06/2013	0.201	0.213	0.207	0.346	0.274	19.7	17.2	16	14.8	14.1
CAF135	09/07/2013	0.2	0.213	0.207	0.346	0.274	18.95	17.03	16	14.8	14.1
CAF135	09/08/2013	0.2	0.213	0.207	0.346	0.275	18.73	16.78	15.92	14.8	14.1
CAF135	09/09/2013	0.2	0.212	0.207	0.346	0.276	18.5	16.59	15.82	14.74	14.1
CAF135	09/10/2013	0.2	0.212	0.206	0.346	0.276	18.81	16.5	15.71	14.7	14.1
CAF135	09/11/2013	0.2	0.212	0.206	0.346	0.276	19.16	16.5	15.67	14.69	14.1
CAF135	09/12/2013	0.201	0.212	0.206	0.346	0.276	19.45	16.61	15.63	14.6	14.1
CAF135	09/13/2013	0.201	0.213	0.206	0.346	0.277	19.56	16.7	15.7	14.6	14.07
CAF135	09/14/2013	0.201	0.213	0.206	0.346	0.277	19.72	16.79	15.7	14.6	14
CAF135	09/15/2013	0.201	0.213	0.207	0.346	0.277	20.07	16.88	15.74	14.6	14.02
CAF135	09/16/2013	0.201	0.213	0.207	0.346	0.278	20.21	17.07	15.8	14.65	14.09
CAF135	09/17/2013	0.2	0.213	0.207	0.346	0.278	18.87	17.03	15.9	14.7	14.1
CAF135	09/18/2013	0.2	0.212	0.207	0.346	0.278	17.53	16.63	15.83	14.7	14.1
CAF135	09/19/2013	0.199	0.212	0.207	0.346	0.279	16.48	16.13	15.67	14.7	14.1
CAF135	09/20/2013	0.198	0.211	0.206	0.346	0.279	16.13	15.69	15.44	14.63	14.1
CAF135	09/21/2013	0.198	0.211	0.206	0.345	0.279	16.29	15.43	15.22	14.54	14.1
CAF135	09/22/2013	0.198	0.211	0.206	0.344	0.279	15.83	15.26	15.05	14.44	14.02
CAF135	09/23/2013	0.197	0.211	0.205	0.344	0.279	15.36	15	14.9	14.33	14
CAF135	09/24/2013	0.201	0.21	0.205	0.344	0.279	14.98	14.75	14.73	14.23	13.92
CAF135	09/25/2013	0.203	0.21	0.205	0.343	0.279	14.56	14.51	14.55	14.13	13.88
CAF135	09/26/2013	0.202	0.209	0.205	0.343	0.279	13.99	14.23	14.37	14.02	13.8
CAF135	09/27/2013	0.201	0.209	0.204	0.342	0.279	13.49	13.92	14.17	13.88	13.73
CAF135	09/28/2013	0.203	0.209	0.204	0.341	0.278	13.13	13.6	13.97	13.76	13.66
CAF135	09/29/2013	0.206	0.208	0.204	0.341	0.278	13.08	13.37	13.75	13.63	13.59
CAF135	09/30/2013	0.206	0.208	0.204	0.34	0.278	12.42	13.15	13.56	13.47	13.5
CAF135	10/01/2013	0.205	0.207	0.204	0.34	0.277	11.98	12.87	13.37	13.35	13.4
CAF135	10/02/2013	0.204	0.207	0.203	0.339	0.277	11.44	12.59	13.17	13.22	13.31
CAF135	10/03/2013	0.204	0.207	0.203	0.338	0.277	11.1	12.28	12.96	13.06	13.22
CAF135	10/04/2013	0.203	0.206	0.203	0.337	0.276	10.75	12	12.74	12.93	13.12
CAF135	10/05/2013	0.203	0.206	0.202	0.337	0.276	10.51	11.71	12.53	12.76	13.02
CAF135	10/06/2013	0.204	0.206	0.202	0.336	0.275	10.79	11.51	12.32	12.62	12.9
CAF135	10/07/2013	0.204	0.206	0.202	0.335	0.275	10.98	11.47	12.16	12.46	12.79
CAF135	10/08/2013	0.205	0.206	0.202	0.334	0.274	10.87	11.4	12.05	12.34	12.68
CAF135	10/09/2013	0.204	0.206	0.201	0.334	0.274	10.19	11.28	11.94	12.22	12.58
CAF135	10/10/2013	0.204	0.205	0.201	0.333	0.274	10.06	11.03	11.8	12.12	12.48
CAF135	10/11/2013	0.205	0.205	0.201	0.333	0.273	10.41	10.9	11.65	11.98	12.39
CAF135	10/12/2013	0.205	0.205	0.201	0.332	0.273	10.73	10.9	11.53	11.87	12.3
CAF135	10/13/2013	0.206	0.205	0.201	0.332	0.272	10.64	10.9	11.47	11.78	12.2
CAF135	10/14/2013	0.205	0.205	0.201	0.331	0.272	10.17	10.83	11.4	11.7	12.1
CAF135	10/15/2013	0.205	0.205	0.2	0.331	0.271	9.63	10.61	11.31	11.6	12.02
CAF135	10/16/2013	0.206	0.204	0.2	0.331	0.271	9.67	10.39	11.16	11.52	11.94
CAF135	10/17/2013	0.206	0.204	0.2	0.33	0.271	9.73	10.3	11.04	11.42	11.87
CAF135	10/18/2013	0.206	0.204	0.2	0.33	0.27	9.51	10.18	10.93	11.32	11.79
CAF135	10/19/2013	0.206	0.204	0.199	0.329	0.27	9.52	10.08	10.83	11.22	11.7
CAF135	10/20/2013	0.207	0.204	0.199	0.329	0.27	9.46	10	10.73	11.13	11.62
CAF135	10/21/2013	0.207	0.204	0.199	0.329	0.269	9.65	9.9	10.64	11.05	11.54
CAF135	10/22/2013	0.208	0.204	0.199	0.328	0.269	10.1	9.98	10.6	10.97	11.47
CAF135	10/23/2013	0.208	0.204	0.199	0.328	0.269	10.45	10.08	10.6	10.9	11.4
CAF135	10/24/2013	0.209	0.204	0.199	0.328	0.268	10.65	10.18	10.6	10.84	11.32
CAF135	10/25/2013	0.209	0.204	0.199	0.327	0.268	10.55	10.26	10.6	10.8	11.3
CAF135	10/26/2013	0.209	0.204	0.199	0.327	0.268	10.37	10.22	10.6	10.8	11.2
CAF135	10/27/2013	0.209	0.204	0.199	0.327	0.268	10.06	10.17	10.58	10.78	11.2
CAF135	10/28/2013	0.209	0.204	0.199	0.327	0.268	9.73	10.05	10.5	10.7	11.13
CAF135	10/29/2013	0.208	0.204	0.199	0.327	0.267	8.78	9.82	10.43	10.7	11.1
CAF135	10/30/2013	0.208	0.203	0.199	0.326	0.267	7.8	9.45	10.29	10.62	11.07
CAF135	10/31/2013	0.208	0.203	0.199	0.326	0.267	7.7	9.08	10.09	10.55	11
CAF135	11/01/2013	0.208	0.203	0.198	0.325	0.267	7.88	8.89	9.9	10.43	10.94
CAF135	11/02/2013	0.209	0.203	0.198	0.325	0.266	8.25	8.8	9.75	10.32	10.87
CAF135	11/03/2013	0.209	0.203	0.198	0.324	0.266	7.97	8.8	9.67	10.21	10.8
CAF135	11/04/2013	0.208	0.203	0.198	0.324	0.266	7.33	8.64	9.57	10.12	10.7
CAF135	11/05/2013	0.208	0.203	0.198	0.323	0.265	6.69	8.37	9.44	10.04	10.64
CAF135	11/06/2013	0.208	0.202	0.198	0.323	0.265	6.27	8.04	9.26	9.94	10.57
CAF135	11/07/2013	0.216	0.202	0.197	0.322	0.265	6.75	7.84	9.07	9.83	10.49
CAF135	11/08/2013	0.232	0.202	0.198	0.322	0.264	7.17	7.86	8.93	9.7	10.4
CAF135	11/09/2013	0.23	0.202	0.197	0.321	0.264	6.95	7.88	8.87	9.6	10.3
CAF135	11/10/2013	0.229	0.202	0.197	0.321	0.264	7.17	7.8	8.8	9.5	10.22
CAF135	11/11/2013	0.229	0.202	0.197	0.32	0.263	7.61	7.87	8.7	9.42	10.15
CAF135	11/12/2013	0.229	0.202	0.197	0.32	0.263	7.91	7.96	8.7	9.36	10.1
CAF135	11/13/2013	0.229	0.202	0.197	0.32	0.262	7.98	8.07	8.7	9.3	10
CAF135	11/14/2013	0.229	0.202	0.197	0.319	0.262	7.67	8.08	8.7	9.3	9.96
CAF135	11/15/2013	0.229	0.202	0.197	0.319	0.262	7.33	7.98	8.7	9.21	9.9
CAF135	11/16/2013	0.231	0.201	0.197	0.319	0.262	6.56	7.78	8.65	9.2	9.87
CAF135	11/17/2013	0.235	0.201	0.197	0.318	0.262	6.13	7.45	8.52	9.14	9.8
CAF135	11/18/2013	0.238	0.201	0.196	0.318	0.261	6.28	7.25	8.36	9.06	9.77
CAF135	11/19/2013	0.241	0.201	0.196	0.318	0.261	6.48	7.2	8.24	8.98	9.7
CAF135	11/20/2013	0.244	0.201	0.196	0.317	0.261	6.56	7.2	8.17	8.9	9.61
CAF135	11/21/2013	0.245	0.201	0.196	0.317	0.26	5.42	7.04	8.1	8.8	9.57
CAF135	11/22/2013	0.245	0.201	0.196	0.317	0.26	4.57	6.64	7.95	8.74	9.5
CAF135	11/23/2013	0.244	0.2	0.196	0.316	0.26	4.06	6.24	7.74	8.64	9.43
CAF135	11/24/2013	0.243	0.2	0.195	0.316	0.259	3.75	5.91	7.52	8.52	9.36
CAF135	11/25/2013	0.243	0.2	0.195	0.315	0.259	3.55	5.65	7.3	8.36	9.27
CAF135	11/26/2013	0.242	0.2	0.195	0.315	0.258	3.42	5.43	7.1	8.23	9.18
CAF135	11/27/2013	0.241	0.199	0.195	0.314	0.258	3.35	5.25	6.93	8.08	9.07
CAF135	11/28/2013	0.241	0.199	0.194	0.314	0.257	3.27	5.11	6.76	7.95	8.97
CAF135	11/29/2013	0.24	0.199	0.194	0.313	0.257	3.19	4.97	6.63	7.82	8.86
CAF135	11/30/2013	0.24	0.199	0.194	0.312	0.256	3.1	4.86	6.5	7.68	8.76
CAF135	12/01/2013	0.24	0.199	0.194	0.311	0.256	3.1	4.76	6.37	7.57	8.66
CAF135	12/02/2013	0.25	0.198	0.194	0.311	0.256	3.46	4.68	6.25	7.46	8.56
CAF135	12/03/2013	0.261	0.199	0.194	0.31	0.255	3.7	4.7	6.18	7.35	8.47
CAF135	12/04/2013	0.26	0.199	0.194	0.31	0.254	3.64	4.7	6.1	7.26	8.37
CAF135	12/05/2013	0.256	0.199	0.194	0.31	0.254	3.52	4.63	6.06	7.2	8.3
CAF135	12/06/2013	0.252	0.199	0.194	0.309	0.253	3.34	4.57	6	7.1	8.2
CAF135	12/07/2013	0.249	0.199	0.194	0.309	0.253	3.13	4.46	5.91	7.02	8.13
CAF135	12/08/2013	0.248	0.199	0.193	0.309	0.253	2.91	4.35	5.83	6.95	8.06
CAF135	12/09/2013	0.246	0.199	0.193	0.309	0.252	2.7	4.2	5.72	6.88	7.99
CAF135	12/10/2013	0.245	0.199	0.193	0.308	0.252	2.55	4.05	5.62	6.78	7.9
CAF135	12/11/2013	0.244	0.199	0.193	0.308	0.252	2.5	3.93	5.5	6.69	7.82
CAF135	12/12/2013	0.243	0.199	0.193	0.307	0.251	2.4	3.82	5.39	6.6	7.74
CAF135	12/13/2013	0.242	0.199	0.193	0.307	0.251	2.4	3.74	5.29	6.5	7.66
CAF135	12/14/2013	0.241	0.199	0.193	0.307	0.251	2.4	3.7	5.2	6.41	7.58
CAF135	12/15/2013	0.241	0.199	0.193	0.306	0.251	2.4	3.61	5.12	6.33	7.5
CAF135	12/16/2013	0.24	0.199	0.193	0.306	0.251	2.4	3.6	5.06	6.25	7.4
CAF135	12/17/2013	0.24	0.199	0.193	0.306	0.25	2.4	3.54	5	6.18	7.33
CAF135	12/18/2013	0.24	0.199	0.192	0.305	0.25	2.4	3.5	4.93	6.1	7.27
CAF135	12/19/2013	0.24	0.199	0.192	0.305	0.25	2.4	3.5	4.9	6.03	7.2
CAF135	12/20/2013	0.24	0.2	0.192	0.305	0.25	2.4	3.5	4.81	5.99	7.1
CAF135	12/21/2013	0.24	0.2	0.192	0.304	0.25	2.4	3.43	4.8	5.9	7.05
CAF135	12/22/2013	0.24	0.2	0.192	0.304	0.25	2.4	3.4	4.74	5.87	7
CAF135	12/23/2013	0.265	0.2	0.192	0.303	0.25	2.4	3.4	4.7	5.8	6.91
CAF135	12/24/2013	0.273	0.2	0.192	0.303	0.25	2.4	3.31	4.67	5.76	6.88
CAF135	12/25/2013	0.268	0.2	0.192	0.303	0.25	2.41	3.3	4.6	5.7	6.8
CAF135	12/26/2013	0.265	0.2	0.192	0.303	0.25	2.5	3.3	4.6	5.67	6.75
CAF135	12/27/2013	0.262	0.2	0.192	0.302	0.25	2.5	3.3	4.51	5.6	6.7
CAF135	12/28/2013	0.258	0.2	0.192	0.302	0.249	2.5	3.3	4.5	5.59	6.64
CAF135	12/29/2013	0.255	0.201	0.192	0.302	0.249	2.5	3.26	4.5	5.5	6.6
CAF135	12/30/2013	0.252	0.201	0.192	0.302	0.249	2.5	3.2	4.44	5.5	6.54
CAF135	12/31/2013	0.25	0.201	0.192	0.302	0.249	2.5	3.2	4.4	5.45	6.5
CAF135	01/01/2014	0.249	0.201	0.192	0.302	0.249	2.5	3.2	4.4	5.4	6.45
CAF135	01/02/2014	0.249	0.201	0.192	0.301	0.249	2.5	3.2	4.37	5.4	6.4
CAF135	01/03/2014	0.249	0.201	0.192	0.301	0.249	2.5	3.2	4.3	5.32	6.38
CAF135	01/04/2014	0.25	0.201	0.192	0.301	0.249	2.5	3.14	4.3	5.3	6.3
CAF135	01/05/2014	0.25	0.202	0.192	0.301	0.249	2.43	3.1	4.3	5.3	6.3
CAF135	01/06/2014	0.249	0.202	0.192	0.301	0.249	2.38	3.1	4.23	5.21	6.21
CAF135	01/07/2014	0.248	0.202	0.192	0.301	0.249	2.3	3.1	4.2	5.2	6.2
CAF135	01/08/2014	0.247	0.202	0.192	0.301	0.249	2.3	3	4.2	5.2	6.17
CAF135	01/09/2014	0.246	0.202	0.192	0.3	0.249	2.3	3	4.12	5.11	6.1
CAF135	01/10/2014	0.246	0.203	0.192	0.3	0.249	2.3	3	4.1	5.1	6.1
CAF135	01/11/2014	0.247	0.203	0.191	0.3	0.249	2.3	2.92	4.07	5.08	6.02
CAF135	01/12/2014	0.25	0.203	0.191	0.299	0.249	2.3	2.9	4	5	6
CAF135	01/13/2014	0.255	0.203	0.191	0.299	0.249	2.3	2.88	3.95	5	5.97
CAF135	01/14/2014	0.266	0.203	0.191	0.298	0.249	2.3	2.8	3.9	4.91	5.9
CAF135	01/15/2014	0.273	0.203	0.191	0.298	0.249	2.3	2.8	3.9	4.9	5.9
CAF135	01/16/2014	0.274	0.204	0.191	0.298	0.249	2.3	2.8	3.9	4.9	5.82
CAF135	01/17/2014	0.273	0.204	0.191	0.298	0.249	2.38	2.8	3.8	4.82	5.8
CAF135	01/18/2014	0.271	0.205	0.191	0.298	0.249	2.4	2.8	3.8	4.8	5.8
CAF135	01/19/2014	0.269	0.206	0.191	0.298	0.248	2.4	2.8	3.8	4.8	5.7
CAF135	01/20/2014	0.267	0.208	0.191	0.298	0.248	2.4	2.85	3.8	4.79	5.7
CAF135	01/21/2014	0.267	0.21	0.191	0.298	0.248	2.4	2.9	3.8	4.7	5.7
CAF135	01/22/2014	0.266	0.213	0.191	0.298	0.248	2.45	2.9	3.8	4.7	5.62
CAF135	01/23/2014	0.264	0.216	0.191	0.297	0.248	2.5	2.9	3.8	4.7	5.6
CAF135	01/24/2014	0.263	0.22	0.191	0.297	0.248	2.5	2.9	3.71	4.7	5.6
CAF135	01/25/2014	0.261	0.223	0.191	0.297	0.248	2.5	2.9	3.7	4.66	5.56
CAF135	01/26/2014	0.261	0.227	0.191	0.297	0.248	2.5	2.9	3.7	4.6	5.5
CAF135	01/27/2014	0.259	0.231	0.191	0.297	0.248	2.5	2.9	3.7	4.6	5.5
CAF135	01/28/2014	0.256	0.235	0.191	0.297	0.248	2.5	2.9	3.7	4.6	5.5
CAF135	01/29/2014	0.254	0.238	0.191	0.297	0.248	2.5	2.9	3.7	4.6	5.48
CAF135	01/30/2014	0.262	0.256	0.191	0.297	0.248	2.5	2.82	3.7	4.6	5.4
CAF135	01/31/2014	0.273	0.285	0.191	0.297	0.248	2.5	2.8	3.7	4.55	5.4
CAF135	02/01/2014	0.276	0.293	0.191	0.297	0.248	2.5	2.8	3.65	4.5	5.4
CAF135	02/02/2014	0.276	0.297	0.191	0.297	0.248	2.5	2.8	3.6	4.5	5.4
CAF135	02/03/2014	0.276	0.299	0.191	0.297	0.248	2.5	2.8	3.6	4.5	5.33
CAF135	02/04/2014	0.276	0.301	0.191	0.297	0.248	2.5	2.8	3.6	4.5	5.3
CAF135	02/05/2014	0.275	0.301	0.191	0.296	0.248	2.5	2.8	3.6	4.48	5.3
CAF135	02/06/2014	0.272	0.302	0.191	0.296	0.248	2.5	2.8	3.6	4.4	5.3
CAF135	02/07/2014	0.268	0.302	0.191	0.296	0.248	2.5	2.8	3.6	4.4	5.27
CAF135	02/08/2014	0.264	0.302	0.191	0.296	0.248	2.5	2.8	3.6	4.4	5.2
CAF135	02/09/2014	0.261	0.302	0.191	0.296	0.248	2.5	2.8	3.56	4.4	5.2
CAF135	02/10/2014	0.259	0.302	0.191	0.296	0.248	2.5	2.8	3.5	4.4	5.2
CAF135	02/11/2014	0.258	0.301	0.191	0.296	0.248	2.5	2.8	3.5	4.39	5.2
CAF135	02/12/2014	0.282	0.368	0.21	0.296	0.248	2.43	2.5	3.43	4.3	5.14
CAF135	02/13/2014	0.298	0.38	0.247	0.296	0.248	2.4	2.47	3.3	4.3	5.1
CAF135	02/14/2014	0.298	0.377	0.251	0.296	0.248	2.4	2.5	3.3	4.22	5.1
CAF135	02/15/2014	0.298	0.375	0.256	0.296	0.248	2.47	2.59	3.3	4.2	5.1
CAF135	02/16/2014	0.298	0.378	0.26	0.295	0.247	2.61	2.61	3.3	4.17	5
CAF135	02/17/2014	0.298	0.368	0.258	0.295	0.247	2.82	2.7	3.3	4.1	5
CAF135	02/18/2014	0.301	0.374	0.261	0.296	0.247	3.14	2.78	3.3	4.1	5
CAF135	02/19/2014	0.297	0.375	0.263	0.318	0.247	3.43	2.88	3.33	4.1	4.92
CAF135	02/20/2014	0.29	0.366	0.26	0.351	0.247	3.16	2.98	3.4	4.1	4.9
CAF135	02/21/2014	0.293	0.363	0.259	0.361	0.247	3.01	2.92	3.4	4.1	4.9
CAF135	02/22/2014	0.287	0.361	0.258	0.367	0.247	3.05	2.9	3.4	4.1	4.9
CAF135	02/23/2014	0.284	0.358	0.257	0.37	0.246	3	2.9	3.41	4.1	4.9
CAF135	02/24/2014	0.284	0.356	0.256	0.372	0.247	3	2.9	3.5	4.1	4.81
CAF135	02/25/2014	0.286	0.354	0.256	0.373	0.246	3	2.9	3.5	4.1	4.8
CAF135	02/26/2014	0.287	0.354	0.255	0.374	0.246	3	2.9	3.5	4.1	4.8
CAF135	02/27/2014	0.287	0.354	0.255	0.375	0.246	3	2.9	3.46	4.1	4.8
CAF135	02/28/2014	0.287	0.354	0.255	0.376	0.246	3	2.9	3.48	4.1	4.8
CAF135	03/01/2014	0.293	0.356	0.256	0.376	0.246	3	2.9	3.4	4.1	4.8
CAF135	03/02/2014	0.288	0.357	0.256	0.377	0.246	2.94	2.9	3.4	4.1	4.8
CAF135	03/03/2014	0.304	0.365	0.259	0.378	0.246	2.86	2.89	3.4	4.1	4.8
CAF135	03/04/2014	0.305	0.384	0.27	0.381	0.248	2.95	2.8	3.39	4	4.73
CAF135	03/05/2014	0.3	0.375	0.266	0.382	0.311	4	2.88	3.31	4	4.7
CAF135	03/06/2014	0.309	0.377	0.267	0.383	0.35	5.07	3.2	3.41	4	4.7
CAF135	03/07/2014	0.304	0.375	0.267	0.384	0.363	5.58	3.61	3.55	4	4.7
CAF135	03/08/2014	0.296	0.369	0.265	0.384	0.367	5.7	3.93	3.75	4.05	4.7
CAF135	03/09/2014	0.309	0.371	0.265	0.384	0.367	6.27	4.15	3.94	4.13	4.7
CAF135	03/10/2014	0.306	0.375	0.268	0.385	0.372	6.99	4.51	4.12	4.22	4.7
CAF135	03/11/2014	0.3	0.37	0.267	0.385	0.373	6.41	4.78	4.34	4.34	4.75
CAF135	03/12/2014	0.295	0.366	0.265	0.386	0.373	6.24	4.8	4.51	4.45	4.8
CAF135	03/13/2014	0.291	0.363	0.264	0.386	0.372	6.28	4.87	4.61	4.56	4.88
CAF135	03/14/2014	0.289	0.361	0.263	0.386	0.372	6.37	4.93	4.7	4.65	4.93
CAF135	03/15/2014	0.293	0.359	0.263	0.386	0.372	6.03	4.99	4.79	4.72	5
CAF135	03/16/2014	0.291	0.358	0.262	0.387	0.372	6.07	4.9	4.8	4.8	5.05
CAF135	03/17/2014	0.295	0.358	0.262	0.387	0.371	6.25	4.98	4.89	4.85	5.1
CAF135	03/18/2014	0.295	0.359	0.262	0.387	0.371	5.67	4.99	4.9	4.9	5.14
CAF135	03/19/2014	0.29	0.358	0.262	0.387	0.372	5.49	4.89	4.9	4.93	5.2
CAF135	03/20/2014	0.286	0.357	0.262	0.387	0.372	5.39	4.8	4.9	5	5.2
CAF135	03/21/2014	0.281	0.356	0.261	0.387	0.372	5.03	4.74	4.9	5	5.27
CAF135	03/22/2014	0.278	0.355	0.261	0.387	0.372	4.91	4.61	4.88	5	5.3
CAF135	03/23/2014	0.276	0.354	0.26	0.387	0.372	5.14	4.55	4.8	5	5.3
CAF135	03/24/2014	0.274	0.353	0.26	0.387	0.372	5.44	4.6	4.8	5	5.3
CAF135	03/25/2014	0.273	0.352	0.259	0.387	0.372	5.82	4.68	4.8	5	5.3
CAF135	03/26/2014	0.271	0.352	0.259	0.387	0.372	6.03	4.79	4.84	5	5.3
CAF135	03/27/2014	0.27	0.351	0.259	0.387	0.371	6.41	4.95	4.9	5	5.3
CAF135	03/28/2014	0.271	0.35	0.259	0.387	0.371	6.42	5.09	4.99	5.02	5.32
CAF135	03/29/2014	0.281	0.35	0.258	0.387	0.371	6.7	5.18	5.07	5.1	5.4
CAF135	03/30/2014	0.29	0.35	0.258	0.387	0.371	6.93	5.36	5.14	5.1	5.4
CAF135	03/31/2014	0.288	0.351	0.258	0.387	0.371	6.66	5.45	5.23	5.19	5.4
CAF135	04/01/2014	0.285	0.351	0.259	0.387	0.371	6.9	5.48	5.3	5.2	5.45
CAF135	04/02/2014	0.283	0.351	0.259	0.388	0.371	7.03	5.57	5.37	5.3	5.5
CAF135	04/03/2014	0.279	0.351	0.259	0.388	0.371	6.88	5.65	5.43	5.3	5.5
CAF135	04/04/2014	0.278	0.351	0.259	0.388	0.371	7.37	5.72	5.5	5.4	5.56
CAF135	04/05/2014	0.277	0.351	0.259	0.388	0.371	7.29	5.86	5.56	5.4	5.6
CAF135	04/06/2014	0.276	0.35	0.259	0.388	0.371	7.58	5.93	5.62	5.5	5.6
CAF135	04/07/2014	0.276	0.35	0.259	0.388	0.371	7.88	6.07	5.7	5.5	5.69
CAF135	04/08/2014	0.276	0.35	0.259	0.389	0.372	8.95	6.28	5.81	5.6	5.7
CAF135	04/09/2014	0.276	0.351	0.259	0.389	0.372	9.58	6.67	5.96	5.65	5.74
CAF135	04/10/2014	0.273	0.351	0.26	0.389	0.372	9.4	6.93	6.11	5.7	5.8
CAF135	04/11/2014	NA	NA	NA	NA	NA	NA	NA	NA	NA	NA
CAF135	04/13/2014	NA	NA	NA	NA	NA	NA	NA	NA	NA	NA
CAF135	04/14/2014	0.263	0.349	0.261	0.391	0.373	8.74	7.1	6.6	6.2	6.1
CAF135	04/15/2014	0.263	0.349	0.26	0.391	0.373	9.07	7.15	6.61	6.2	6.14
CAF135	04/16/2014	0.26	0.348	0.26	0.391	0.373	8.63	7.2	6.7	6.26	6.2
CAF135	04/17/2014	0.259	0.348	0.26	0.391	0.373	8.67	7.13	6.7	6.3	6.27
CAF135	04/18/2014	0.259	0.347	0.26	0.392	0.374	8.7	7.18	6.75	6.38	6.3
CAF135	04/19/2014	0.258	0.347	0.259	0.392	0.374	8.38	7.17	6.8	6.4	6.38
CAF135	04/20/2014	0.258	0.346	0.259	0.392	0.374	8.57	7.1	6.8	6.41	6.4
CAF135	04/21/2014	0.259	0.345	0.259	0.392	0.374	9.18	7.21	6.8	6.5	6.43
CAF135	04/22/2014	0.259	0.345	0.259	0.392	0.374	9.46	7.38	6.88	6.5	6.5
CAF135	04/23/2014	0.256	0.345	0.259	0.392	0.374	8.8	7.48	6.96	6.54	6.5
CAF135	04/24/2014	0.255	0.344	0.259	0.392	0.374	8.5	7.36	7	6.6	6.57
CAF135	04/25/2014	0.258	0.343	0.259	0.392	0.374	8.68	7.3	7	6.6	6.6
CAF135	04/26/2014	0.261	0.343	0.258	0.392	0.374	8.67	7.3	7	6.69	6.6
CAF135	04/27/2014	0.262	0.342	0.258	0.392	0.374	8.6	7.3	7	6.7	6.7
CAF135	04/28/2014	0.263	0.342	0.258	0.392	0.374	8.28	7.27	7	6.7	6.7
CAF135	04/29/2014	0.263	0.341	0.257	0.392	0.374	8.42	7.2	7	6.7	6.7
CAF135	04/30/2014	0.264	0.341	0.257	0.392	0.374	9.31	7.29	7	6.7	6.71
CAF135	05/01/2014	0.264	0.341	0.257	0.392	0.374	10.35	7.57	7.05	6.72	6.8
CAF135	05/02/2014	0.264	0.342	0.257	0.392	0.374	11.34	8.01	7.2	6.8	6.8
CAF135	05/03/2014	0.262	0.342	0.258	0.392	0.374	11.85	8.46	7.42	6.85	6.8
CAF135	05/04/2014	0.26	0.342	0.259	0.393	0.374	11.7	8.76	7.67	6.97	6.87
CAF135	05/05/2014	0.258	0.341	0.259	0.393	0.375	11.64	8.94	7.86	7.1	6.93
CAF135	05/06/2014	0.255	0.341	0.259	0.394	0.375	11.38	9	8.03	7.23	7
CAF135	05/07/2014	0.253	0.34	0.259	0.394	0.375	11.19	9.04	8.13	7.35	7.12
CAF135	05/08/2014	0.251	0.34	0.259	0.395	0.376	11.29	9.08	8.2	7.45	7.2
CAF135	05/09/2014	0.25	0.339	0.259	0.395	0.376	11.6	9.16	8.29	7.52	7.3
CAF135	05/10/2014	0.249	0.338	0.259	0.395	0.376	11.14	9.2	8.37	7.6	7.38
CAF135	05/11/2014	0.248	0.337	0.259	0.395	0.376	10.95	9.17	8.4	7.69	7.44
CAF135	05/12/2014	0.247	0.335	0.259	0.396	0.376	10.99	9.15	8.44	7.75	7.5
CAF135	05/13/2014	0.246	0.334	0.258	0.396	0.376	11.45	9.18	8.5	7.8	7.58
CAF135	05/14/2014	0.245	0.332	0.258	0.396	0.377	12.02	9.38	8.54	7.85	7.6
CAF135	05/15/2014	0.243	0.331	0.257	0.396	0.377	12.75	9.65	8.65	7.9	7.7
CAF135	05/16/2014	0.242	0.329	0.257	0.396	0.377	13.46	10.01	8.81	8	7.72
CAF135	05/17/2014	0.239	0.327	0.257	0.397	0.377	13.48	10.34	9.02	8.1	7.8
CAF135	05/18/2014	0.237	0.325	0.257	0.397	0.377	13.15	10.49	9.22	8.22	7.88
CAF135	05/19/2014	0.235	0.322	0.256	0.397	0.377	12.9	10.5	9.35	8.35	7.95
CAF135	05/20/2014	0.233	0.318	0.255	0.397	0.377	13.01	10.55	9.43	8.45	8.05
CAF135	05/21/2014	0.23	0.315	0.253	0.398	0.377	13.2	10.65	9.52	8.55	8.13
CAF135	05/22/2014	0.228	0.312	0.252	0.398	0.378	13.5	10.75	9.61	8.63	8.2
CAF135	05/23/2014	0.226	0.308	0.25	0.398	0.378	14.03	10.92	9.72	8.72	8.3
CAF135	05/24/2014	0.224	0.304	0.249	0.398	0.378	14.23	11.13	9.85	8.82	8.36
CAF135	05/25/2014	0.222	0.299	0.247	0.399	0.379	14.11	11.28	9.99	8.93	8.44
CAF135	05/26/2014	0.221	0.293	0.245	0.399	0.379	14.15	11.36	10.11	9.03	8.52
CAF135	05/27/2014	0.219	0.287	0.242	0.399	0.379	13.97	11.43	10.21	9.13	8.6
CAF135	05/28/2014	0.218	0.282	0.241	0.399	0.379	13.8	11.46	10.3	9.22	8.7
CAF135	05/29/2014	0.217	0.279	0.24	0.399	0.379	13	11.35	10.37	9.3	8.77
CAF135	05/30/2014	0.216	0.274	0.238	0.4	0.38	12.93	11.17	10.34	9.39	8.84
CAF135	05/31/2014	0.215	0.267	0.235	0.4	0.38	13.41	11.16	10.3	9.4	8.9
CAF135	06/01/2014	0.214	0.258	0.231	0.4	0.381	13.64	11.27	10.33	9.46	8.98
CAF135	06/02/2014	0.213	0.251	0.227	0.397	0.382	14.04	11.38	10.4	9.5	9
CAF135	06/03/2014	0.212	0.246	0.224	0.393	0.383	14.67	11.6	10.47	9.53	9.07
CAF135	06/04/2014	0.211	0.242	0.221	0.388	0.383	14.85	11.83	10.58	9.6	9.1
CAF135	06/05/2014	0.21	0.238	0.218	0.381	0.382	14.84	11.97	10.71	9.68	9.18
CAF135	06/06/2014	0.209	0.234	0.216	0.373	0.382	14.44	12	10.8	9.76	9.22
CAF135	06/07/2014	0.208	0.231	0.214	0.365	0.382	14.24	11.97	10.89	9.83	9.31
CAF135	06/08/2014	0.207	0.228	0.213	0.356	0.382	14.23	11.9	10.9	9.9	9.4
CAF135	06/09/2014	0.206	0.226	0.212	0.348	0.383	14.51	11.97	10.9	9.95	9.45
CAF135	06/10/2014	0.206	0.224	0.211	0.341	0.382	14.47	12.04	11	10	9.5
CAF135	06/11/2014	0.205	0.223	0.21	0.336	0.381	14.28	12	11	10.05	9.55
CAF135	06/12/2014	0.204	0.221	0.209	0.331	0.379	14.5	12.03	11.02	10.1	9.6
CAF135	06/13/2014	0.204	0.22	0.209	0.329	0.376	14.54	12.1	11.1	10.12	9.64
CAF135	06/14/2014	0.203	0.22	0.209	0.33	0.376	14.18	12.1	11.1	10.2	9.7
CAF135	06/15/2014	0.203	0.22	0.209	0.329	0.375	13.64	11.96	11.1	10.2	9.71
CAF135	06/16/2014	0.202	0.219	0.208	0.327	0.369	13.48	11.8	11.1	10.25	9.8
CAF135	06/17/2014	0.202	0.219	0.208	0.327	0.366	13.09	11.67	11.08	10.3	9.8
CAF135	06/18/2014	0.201	0.219	0.208	0.329	0.367	12.54	11.47	11	10.3	9.8
CAF135	06/19/2014	0.201	0.219	0.208	0.329	0.354	12.94	11.3	10.91	10.24	9.89
CAF135	06/20/2014	0.202	0.218	0.207	0.327	0.335	13.73	11.45	10.9	10.2	9.9
CAF135	06/21/2014	0.202	0.218	0.208	0.326	0.323	13.76	11.6	10.9	10.2	9.9
CAF135	06/22/2014	0.202	0.218	0.207	0.323	0.311	13.7	11.66	10.9	10.2	9.9
CAF135	06/23/2014	0.202	0.217	0.207	0.32	0.297	13.98	11.7	10.99	10.23	9.9
CAF135	06/24/2014	0.203	0.217	0.206	0.318	0.288	14.62	11.87	11	10.3	9.9
CAF135	06/25/2014	0.202	0.217	0.206	0.317	0.28	14.68	12.08	11.09	10.3	9.9
CAF135	06/26/2014	0.202	0.216	0.206	0.316	0.277	14.97	12.2	11.19	10.34	9.97
CAF135	06/27/2014	0.203	0.216	0.206	0.317	0.279	15.05	12.36	11.28	10.4	10
CAF135	06/28/2014	0.202	0.216	0.206	0.316	0.273	14.96	12.4	11.38	10.46	10
CAF135	06/29/2014	0.202	0.216	0.206	0.314	0.265	14.92	12.44	11.4	10.5	10.09
CAF135	06/30/2014	0.202	0.215	0.206	0.313	0.259	14.7	12.44	11.5	10.58	10.1
CAF135	07/01/2014	0.202	0.214	0.205	0.31	0.254	14.87	12.4	11.5	10.6	10.15
CAF135	07/02/2014	0.202	0.213	0.204	0.308	0.25	15.57	12.54	11.5	10.61	10.2
CAF135	07/03/2014	0.202	0.213	0.204	0.306	0.249	16.34	12.81	11.61	10.7	10.2
CAF135	07/04/2014	0.202	0.213	0.203	0.304	0.248	16.46	13.13	11.75	10.72	10.28
CAF135	07/05/2014	0.202	0.212	0.203	0.303	0.247	16.31	13.2	11.88	10.8	10.3
CAF135	07/06/2014	0.202	0.212	0.203	0.301	0.246	16.61	13.34	11.99	10.89	10.36
CAF135	07/07/2014	0.202	0.211	0.202	0.3	0.245	17.02	13.5	12.1	10.97	10.4
CAF135	07/08/2014	0.202	0.211	0.202	0.298	0.245	17.38	13.73	12.22	11.03	10.48
CAF135	07/09/2014	0.202	0.21	0.202	0.297	0.244	17.81	13.94	12.36	11.12	10.51
CAF135	07/10/2014	0.202	0.21	0.201	0.296	0.243	17.93	14.17	12.51	11.22	10.6
CAF135	07/11/2014	0.201	0.21	0.201	0.295	0.243	17.93	14.3	12.66	11.32	10.66
CAF135	07/12/2014	0.201	0.209	0.201	0.294	0.242	18.12	14.46	12.78	11.42	10.72
CAF135	07/13/2014	0.201	0.209	0.201	0.293	0.242	18.4	14.62	12.91	11.52	10.8
CAF135	07/14/2014	0.201	0.209	0.201	0.293	0.241	18.9	14.82	13.05	11.62	10.9
CAF135	07/15/2014	0.202	0.209	0.201	0.292	0.241	19.17	15.08	13.2	11.72	10.96
CAF135	07/16/2014	0.202	0.209	0.201	0.293	0.241	19.44	15.29	13.37	11.84	11.04
CAF135	07/17/2014	0.202	0.209	0.201	0.293	0.241	19.75	15.53	13.54	11.95	11.12
CAF135	07/18/2014	0.201	0.209	0.201	0.293	0.241	19.5	15.67	13.7	12.08	11.21
CAF135	07/19/2014	0.201	0.209	0.201	0.294	0.241	19.1	15.69	13.83	12.2	11.3
CAF135	07/20/2014	0.201	0.208	0.201	0.294	0.241	19.32	15.7	13.9	12.31	11.4
CAF135	07/21/2014	0.2	0.209	0.201	0.295	0.241	18.9	15.78	14	12.4	11.49
CAF135	07/22/2014	0.2	0.208	0.201	0.295	0.241	18.75	15.7	14.06	12.5	11.58
CAF135	07/23/2014	0.2	0.208	0.201	0.296	0.241	18.79	15.7	14.1	12.58	11.65
CAF135	07/24/2014	0.2	0.208	0.201	0.296	0.242	18.23	15.68	14.1	12.63	11.71
CAF135	07/25/2014	0.2	0.208	0.201	0.297	0.242	17.28	15.47	14.1	12.7	11.8
CAF135	07/26/2014	0.2	0.208	0.201	0.297	0.242	17.19	15.26	14.07	12.7	11.85
CAF135	07/27/2014	0.2	0.208	0.201	0.297	0.242	17.48	15.17	14	12.7	11.9
CAF135	07/28/2014	0.201	0.208	0.201	0.297	0.242	18.19	15.24	14	12.7	11.92
CAF135	07/29/2014	0.202	0.208	0.201	0.297	0.242	18.97	15.5	14.02	12.76	12
CAF135	07/30/2014	0.202	0.208	0.201	0.298	0.242	19.42	15.8	14.14	12.8	12
CAF135	07/31/2014	0.202	0.209	0.202	0.298	0.242	19.64	16.04	14.28	12.87	12.05
CAF135	08/01/2014	0.203	0.209	0.202	0.299	0.242	20.06	16.26	14.44	12.95	12.1
CAF135	08/02/2014	0.203	0.209	0.202	0.3	0.243	20.63	16.53	14.6	13.04	12.18
CAF135	08/03/2014	0.203	0.21	0.202	0.3	0.243	20.86	16.82	14.77	13.15	12.23
CAF135	08/04/2014	0.203	0.21	0.203	0.301	0.243	20.65	16.98	14.95	13.26	12.31
CAF135	08/05/2014	0.203	0.21	0.203	0.302	0.243	20.44	17.05	15.08	13.38	12.4
CAF135	08/06/2014	0.203	0.21	0.203	0.302	0.243	20.15	17.03	15.19	13.5	12.49
CAF135	08/07/2014	0.202	0.21	0.203	0.303	0.243	19.78	16.98	15.2	13.59	12.58
CAF135	08/08/2014	0.202	0.21	0.203	0.303	0.243	19.52	16.9	15.3	13.67	12.65
CAF135	08/09/2014	0.202	0.21	0.203	0.304	0.244	19.01	16.76	15.29	13.7	12.71
CAF135	08/10/2014	0.202	0.21	0.203	0.304	0.244	19.05	16.62	15.2	13.78	12.8
CAF135	08/11/2014	0.202	0.21	0.203	0.304	0.244	19.58	16.67	15.2	13.8	12.82
CAF135	08/12/2014	0.203	0.21	0.203	0.305	0.244	20.33	16.83	15.22	13.8	12.9
CAF135	08/13/2014	0.203	0.21	0.203	0.305	0.244	20.33	17.08	15.33	13.83	12.9
CAF135	08/14/2014	0.205	0.21	0.203	0.305	0.244	19.82	17.07	15.4	13.9	12.98
CAF135	08/15/2014	0.206	0.21	0.203	0.306	0.244	19.58	16.95	15.4	13.97	13
CAF135	08/16/2014	0.206	0.21	0.203	0.306	0.244	19.44	16.8	15.4	14	13.09
CAF135	08/17/2014	0.206	0.21	0.203	0.306	0.244	19.37	16.7	15.4	14	13.1
CAF135	08/18/2014	0.206	0.21	0.203	0.306	0.244	19.45	16.69	15.4	14.08	13.17
CAF135	08/19/2014	0.206	0.21	0.203	0.307	0.245	19.57	16.69	15.4	14.1	13.2
CAF135	08/20/2014	0.205	0.21	0.203	0.307	0.245	19.35	16.7	15.4	14.1	13.2
CAF135	08/21/2014	0.205	0.21	0.203	0.307	0.245	18.88	16.58	15.4	14.1	13.25
CAF135	08/22/2014	0.205	0.21	0.203	0.307	0.245	18.64	16.46	15.35	14.1	13.3
CAF135	08/23/2014	0.204	0.21	0.203	0.307	0.245	18.36	16.3	15.3	14.1	13.3
CAF135	08/24/2014	0.204	0.209	0.203	0.307	0.245	18.23	16.18	15.23	14.1	13.3
CAF135	08/25/2014	0.204	0.209	0.203	0.307	0.245	18.1	16.08	15.2	14.1	13.3
CAF135	08/26/2014	0.204	0.209	0.203	0.307	0.245	17.95	15.98	15.1	14.1	13.3
CAF135	08/27/2014	0.204	0.209	0.203	0.307	0.245	18.12	15.92	15.05	14.08	13.3
CAF135	08/28/2014	0.205	0.209	0.203	0.307	0.245	18.52	15.98	15	14	13.3
CAF135	08/29/2014	0.204	0.209	0.202	0.307	0.245	18.42	16.09	15	14	13.3
CAF135	08/30/2014	0.205	0.209	0.202	0.307	0.245	18.45	16.1	15.03	14	13.37
CAF135	08/31/2014	0.204	0.21	0.203	0.308	0.245	18.25	16.09	15.1	14	13.4
CAF135	09/01/2014	0.204	0.209	0.203	0.308	0.245	17.81	15.97	15.07	14	13.4
CAF135	09/02/2014	0.204	0.209	0.203	0.308	0.245	17.55	15.84	15	14	13.4
CAF135	09/03/2014	0.203	0.209	0.202	0.308	0.245	17.46	15.7	14.94	14	13.4
CAF135	09/04/2014	0.203	0.209	0.202	0.308	0.245	16.72	15.54	14.88	14	13.4
CAF135	09/05/2014	0.203	0.209	0.202	0.308	0.245	16.65	15.35	14.77	14	13.4
CAF135	09/06/2014	0.203	0.209	0.202	0.307	0.245	16.74	15.22	14.67	13.92	13.4
CAF135	09/07/2014	0.203	0.209	0.202	0.307	0.245	16.89	15.2	14.6	13.9	13.4
CAF135	09/08/2014	0.203	0.209	0.202	0.307	0.245	16.95	15.22	14.6	13.84	13.35
CAF135	09/09/2014	0.203	0.209	0.202	0.307	0.245	16.89	15.2	14.52	13.8	13.3
CAF135	09/10/2014	0.203	0.209	0.202	0.307	0.245	16.75	15.2	14.5	13.8	13.3
CAF135	09/11/2014	0.202	0.208	0.202	0.307	0.245	16.1	15.06	14.49	13.8	13.3
CAF135	09/12/2014	0.202	0.208	0.202	0.307	0.245	15.67	14.83	14.39	13.73	13.3
CAF135	09/13/2014	0.202	0.208	0.202	0.307	0.245	15.57	14.66	14.28	13.7	13.3
CAF135	09/14/2014	0.202	0.208	0.201	0.306	0.245	15.57	14.51	14.17	13.64	13.28
CAF135	09/15/2014	0.202	0.208	0.201	0.306	0.245	15.59	14.48	14.1	13.6	13.2
CAF135	09/16/2014	0.202	0.208	0.201	0.306	0.245	16	14.47	14	13.51	13.2
CAF135	09/17/2014	0.203	0.208	0.201	0.305	0.245	16.36	14.57	14	13.5	13.1
CAF135	09/18/2014	0.203	0.208	0.201	0.305	0.245	16.58	14.67	14	13.48	13.1
CAF135	09/19/2014	0.203	0.208	0.201	0.305	0.244	16.77	14.77	14.03	13.4	13.1
CAF135	09/20/2014	0.203	0.208	0.201	0.305	0.244	16.72	14.81	14.1	13.4	13.1
CAF135	09/21/2014	0.203	0.208	0.201	0.305	0.244	16.84	14.88	14.1	13.4	13.1
CAF135	09/22/2014	0.203	0.208	0.201	0.305	0.244	17	14.96	14.11	13.4	13.1
CAF135	09/23/2014	0.204	0.208	0.201	0.306	0.245	17.26	15.05	14.2	13.4	13.1
CAF135	09/24/2014	0.204	0.209	0.202	0.306	0.244	17.28	15.1	14.2	13.4	13.1
CAF135	09/25/2014	0.203	0.209	0.202	0.306	0.244	16.91	15.14	14.29	13.4	13.1
CAF135	09/26/2014	0.203	0.209	0.202	0.306	0.245	16.67	15.03	14.3	13.5	13.1
CAF135	09/27/2014	0.203	0.209	0.202	0.306	0.245	16.34	14.95	14.24	13.5	13.1
CAF135	09/28/2014	0.203	0.208	0.202	0.306	0.245	16.22	14.81	14.2	13.5	13.13
CAF135	09/29/2014	0.203	0.208	0.201	0.306	0.245	16.42	14.8	14.2	13.47	13.2
CAF135	09/30/2014	0.204	0.208	0.201	0.306	0.245	16.08	14.76	14.13	13.4	13.2
CAF135	10/01/2014	0.203	0.208	0.201	0.306	0.245	15.11	14.53	14.1	13.4	13.2
CAF135	10/02/2014	0.202	0.208	0.201	0.306	0.245	14.18	14.13	13.97	13.4	13.2
CAF135	10/03/2014	0.201	0.207	0.201	0.306	0.244	13.47	13.73	13.79	13.33	13.12
CAF135	10/04/2014	0.201	0.207	0.201	0.305	0.244	13.34	13.37	13.57	13.24	13.1
CAF135	10/05/2014	0.201	0.207	0.201	0.305	0.244	13.59	13.2	13.37	13.13	13.1
CAF135	10/06/2014	0.202	0.207	0.2	0.304	0.244	13.91	13.16	13.23	13.02	13.02
CAF135	10/07/2014	0.202	0.207	0.2	0.304	0.244	14.33	13.2	13.14	12.92	12.99
CAF135	10/08/2014	0.202	0.207	0.2	0.303	0.244	14.5	13.29	13.1	12.86	12.9
CAF135	10/09/2014	0.202	0.207	0.2	0.303	0.244	14.11	13.29	13.1	12.8	12.9
CAF135	10/10/2014	0.202	0.207	0.2	0.303	0.244	13.7	13.16	13.06	12.8	12.8
CAF135	10/11/2014	0.202	0.207	0.2	0.303	0.244	13.8	13.02	12.99	12.71	12.8
CAF135	10/12/2014	0.202	0.207	0.2	0.303	0.244	13.57	12.98	12.9	12.7	12.78
CAF135	10/13/2014	0.201	0.206	0.2	0.302	0.244	13.26	12.85	12.84	12.63	12.7
CAF135	10/14/2014	0.201	0.206	0.199	0.302	0.244	13.35	12.7	12.75	12.6	12.7
CAF135	10/15/2014	0.201	0.206	0.199	0.302	0.244	13.25	12.68	12.69	12.52	12.65
CAF135	10/16/2014	0.202	0.206	0.199	0.303	0.244	12.65	12.53	12.6	12.5	12.6
CAF135	10/17/2014	0.201	0.206	0.199	0.303	0.244	12.23	12.3	12.49	12.44	12.6
CAF135	10/18/2014	0.202	0.206	0.199	0.303	0.243	12.31	12.1	12.36	12.39	12.5
CAF135	10/19/2014	0.202	0.206	0.199	0.302	0.243	12.63	12.05	12.24	12.3	12.5
CAF135	10/20/2014	0.202	0.206	0.199	0.302	0.243	12.8	12.09	12.2	12.23	12.4
CAF135	10/21/2014	0.203	0.206	0.199	0.302	0.243	12.89	12.1	12.1	12.2	12.39
CAF135	10/22/2014	0.202	0.206	0.199	0.301	0.243	12.44	12.06	12.1	12.12	12.3
CAF135	10/23/2014	0.202	0.205	0.199	0.301	0.243	12.37	11.91	12.04	12.1	12.3
CAF135	10/24/2014	0.203	0.205	0.199	0.301	0.243	12.18	11.84	11.98	12.04	12.21
CAF135	10/25/2014	0.203	0.205	0.198	0.301	0.243	12.02	11.71	11.9	12	12.2
CAF135	10/26/2014	0.203	0.205	0.198	0.3	0.243	12.02	11.6	11.81	11.93	12.15
CAF135	10/27/2014	0.202	0.205	0.198	0.3	0.243	11.35	11.49	11.75	11.9	12.1
CAF135	10/28/2014	0.202	0.205	0.198	0.3	0.243	10.83	11.23	11.63	11.81	12.06
CAF135	10/29/2014	0.203	0.204	0.198	0.299	0.243	10.65	10.98	11.48	11.75	12
CAF135	10/30/2014	0.204	0.204	0.198	0.299	0.243	10.95	10.87	11.34	11.66	11.95
CAF135	10/31/2014	0.205	0.204	0.198	0.298	0.242	11.42	10.87	11.23	11.6	11.9
CAF135	11/01/2014	0.205	0.204	0.198	0.298	0.242	11.63	10.97	11.2	11.5	11.82
CAF135	11/02/2014	0.205	0.204	0.197	0.298	0.242	10.94	10.94	11.2	11.47	11.78
CAF135	11/03/2014	0.204	0.204	0.197	0.297	0.242	10.26	10.69	11.11	11.4	11.7
CAF135	11/04/2014	0.205	0.204	0.197	0.297	0.242	10.23	10.45	10.97	11.35	11.68
CAF135	11/05/2014	0.206	0.204	0.197	0.297	0.242	10.52	10.4	10.86	11.29	11.6
CAF135	11/06/2014	0.207	0.204	0.197	0.296	0.242	11	10.42	10.8	11.2	11.57
CAF135	11/07/2014	0.208	0.204	0.197	0.296	0.242	11.06	10.5	10.8	11.13	11.5
CAF135	11/08/2014	0.207	0.204	0.197	0.296	0.242	10.3	10.45	10.73	11.1	11.46
CAF135	11/09/2014	0.207	0.204	0.197	0.295	0.242	9.942	10.23	10.67	11.07	11.4
CAF135	11/10/2014	0.207	0.203	0.196	0.295	0.242	9.587	10.05	10.56	11	11.38
CAF135	11/11/2014	0.207	0.203	0.196	0.295	0.242	8.45	9.754	10.44	10.92	11.3
CAF135	11/12/2014	0.205	0.203	0.196	0.294	0.241	7.071	9.225	10.23	10.85	11.27
CAF135	11/13/2014	0.205	0.202	0.196	0.294	0.241	6.063	8.625	9.946	10.74	11.2
CAF135	11/14/2014	0.204	0.202	0.195	0.293	0.241	5.425	8.075	9.608	10.58	11.11
CAF135	11/15/2014	0.204	0.201	0.195	0.292	0.241	5	7.633	9.271	10.4	11.01
CAF135	11/16/2014	0.203	0.201	0.194	0.291	0.241	4.525	7.242	8.958	10.2	10.87
CAF135	11/17/2014	0.203	0.2	0.194	0.29	0.241	4.129	6.863	8.663	10.01	10.75
CAF135	11/18/2014	0.203	0.2	0.194	0.289	0.241	3.854	6.537	8.379	9.804	10.61
CAF135	11/19/2014	0.203	0.2	0.193	0.288	0.24	3.7	6.263	8.121	9.608	10.46
CAF135	11/20/2014	0.203	0.199	0.193	0.287	0.24	3.7	6.05	7.892	9.412	10.32
CAF135	11/21/2014	0.202	0.199	0.193	0.286	0.24	3.7	5.883	7.683	9.233	10.16
CAF135	11/22/2014	0.204	0.199	0.192	0.285	0.24	3.667	5.746	7.5	9.054	10.02
CAF135	11/23/2014	0.204	0.199	0.192	0.284	0.24	3.804	5.629	7.342	8.896	9.862
CAF135	11/24/2014	0.205	0.199	0.192	0.283	0.239	4.146	5.6	7.2	8.746	9.729
CAF135	11/25/2014	0.207	0.198	0.192	0.282	0.239	4.596	5.6	7.096	8.621	9.583
CAF135	11/26/2014	0.232	0.198	0.192	0.281	0.239	5.479	5.771	7	8.5	9.454
CAF135	11/27/2014	0.241	0.199	0.192	0.281	0.239	6.246	6.033	7.029	8.4	9.342
CAF135	11/28/2014	0.247	0.199	0.192	0.281	0.239	7	6.363	7.117	8.358	9.237
CAF135	11/29/2014	0.274	0.199	0.192	0.28	0.239	7.363	6.712	7.233	8.3	9.167
CAF135	11/30/2014	0.277	0.199	0.193	0.28	0.239	6.454	6.788	7.367	8.3	9.1
CAF135	12/01/2014	0.27	0.199	0.193	0.28	0.239	5.508	6.554	7.396	8.387	9.096
CAF135	12/02/2014	0.265	0.199	0.193	0.28	0.239	4.958	6.229	7.279	8.321	9
CAF135	12/03/2014	0.262	0.199	0.192	0.28	0.239	4.629	5.95	7.15	8.3	9
CAF135	12/04/2014	0.259	0.198	0.192	0.28	0.239	4.4	5.712	7.008	8.212	8.917
CAF135	12/05/2014	0.272	0.198	0.192	0.279	0.239	4.229	5.521	6.858	8.129	8.887
CAF135	12/06/2014	0.293	0.198	0.191	0.278	0.239	4.258	5.4	6.729	8.033	8.8
CAF135	12/07/2014	0.287	0.198	0.191	0.278	0.239	4.7	5.4	6.608	7.946	8.717
CAF135	12/08/2014	0.282	0.198	0.191	0.278	0.239	5.033	5.433	6.55	7.854	8.642
CAF135	12/09/2014	0.279	0.198	0.191	0.277	0.238	5.517	5.542	6.5	7.792	8.567
CAF135	12/10/2014	0.279	0.199	0.191	0.277	0.238	6.121	5.725	6.504	7.7	8.5
CAF135	12/11/2014	0.278	0.199	0.191	0.277	0.238	6.671	5.988	6.6	7.7	8.417
CAF135	12/12/2014	0.289	0.2	0.191	0.276	0.238	7.133	6.258	6.687	7.7	8.4
CAF135	12/13/2014	0.298	0.2	0.192	0.277	0.238	7.121	6.471	6.808	7.7	8.346
CAF135	12/14/2014	0.288	0.2	0.192	0.277	0.238	6.642	6.5	6.9	7.7	8.3
CAF135	12/15/2014	0.282	0.2	0.192	0.277	0.238	5.937	6.321	6.9	7.758	8.3
CAF135	12/16/2014	0.279	0.201	0.192	0.277	0.238	5.475	6.046	6.854	7.775	8.3
CAF135	12/17/2014	0.277	0.201	0.192	0.277	0.238	5.421	5.833	6.742	7.7	8.3
CAF135	12/18/2014	0.276	0.201	0.191	0.277	0.238	5.537	5.708	6.629	7.696	8.3
CAF135	12/19/2014	0.291	0.202	0.191	0.276	0.238	5.8	5.7	6.562	7.6	8.258
CAF135	12/20/2014	0.297	0.203	0.191	0.276	0.238	5.838	5.7	6.5	7.587	8.2
CAF135	12/21/2014	0.306	0.337	0.191	0.275	0.238	5.996	5.7	6.467	7.5	8.196
CAF135	12/22/2014	0.295	0.362	0.191	0.275	0.238	6.346	5.8	6.4	7.5	8.1
CAF135	12/23/2014	0.29	0.357	0.191	0.275	0.238	5.979	5.9	6.4	7.4	8.1
CAF135	12/24/2014	0.301	0.361	0.191	0.274	0.238	5.788	5.804	6.4	7.4	8.05
CAF135	12/25/2014	0.301	0.373	0.191	0.274	0.238	5.546	5.704	6.379	7.4	8
CAF135	12/26/2014	0.293	0.367	0.191	0.274	0.238	5.146	5.567	6.3	7.321	8
CAF135	12/27/2014	0.289	0.362	0.191	0.274	0.238	4.825	5.404	6.196	7.3	7.921
CAF135	12/28/2014	0.288	0.359	0.192	0.273	0.238	4.604	5.217	6.075	7.204	7.9
CAF135	12/29/2014	0.289	0.358	0.192	0.273	0.238	4.5	5.067	5.958	7.142	7.846
CAF135	12/30/2014	0.286	0.357	0.193	0.272	0.238	4.363	4.963	5.846	7.071	7.8
CAF135	12/31/2014	0.281	0.356	0.193	0.272	0.238	4.121	4.838	5.746	6.992	7.717
CAF135	01/01/2015	0.277	0.354	0.194	0.271	0.238	3.913	4.687	5.633	6.9	7.667
CAF135	01/02/2015	0.273	0.353	0.195	0.271	0.238	3.742	4.554	5.521	6.817	7.6
CAF135	01/03/2015	0.27	0.351	0.196	0.27	0.238	3.625	4.438	5.413	6.733	7.521
CAF135	01/04/2015	0.267	0.35	0.198	0.27	0.237	3.592	4.333	5.304	6.646	7.442
CAF135	01/05/2015	0.285	0.36	0.199	0.269	0.237	3.45	4.229	5.2	6.567	7.367
CAF135	01/06/2015	0.302	0.377	0.205	0.269	0.237	3.3	4.062	5.092	6.45	7.288
CAF135	01/07/2015	0.299	0.375	0.236	0.269	0.237	3.329	4	4.992	6.354	7.2
CAF135	01/08/2015	0.295	0.371	0.246	0.268	0.237	3.562	4	4.9	6.254	7.117
CAF135	01/09/2015	0.291	0.367	0.247	0.268	0.237	3.654	4	4.9	6.167	7.017
CAF135	01/10/2015	0.289	0.364	0.248	0.268	0.236	3.779	4.062	4.813	6.1	6.921
CAF135	01/11/2015	0.288	0.362	0.248	0.267	0.236	3.967	4.1	4.8	6.025	6.838
CAF135	01/12/2015	0.287	0.36	0.248	0.267	0.236	4.167	4.1	4.8	6	6.788
CAF135	01/13/2015	0.286	0.359	0.249	0.267	0.236	4.212	4.2	4.8	5.975	6.7
CAF135	01/14/2015	0.285	0.359	0.249	0.267	0.236	4.217	4.2	4.8	5.9	6.692
CAF135	01/15/2015	0.283	0.358	0.249	0.267	0.236	3.988	4.192	4.8	5.9	6.6
CAF135	01/16/2015	0.285	0.357	0.249	0.267	0.236	3.854	4.1	4.8	5.9	6.6
CAF135	01/17/2015	0.296	0.357	0.249	0.267	0.236	3.938	4.1	4.8	5.896	6.517
CAF135	01/18/2015	0.309	0.388	0.263	0.268	0.236	3.954	3.946	4.733	5.8	6.5
CAF135	01/19/2015	0.297	0.377	0.262	0.282	0.235	4.421	3.975	4.633	5.733	6.438
CAF135	01/20/2015	0.292	0.37	0.258	0.334	0.235	4.463	4.1	4.696	5.7	6.379
CAF135	01/21/2015	0.288	0.365	0.256	0.369	0.235	4.137	4.1	4.7	5.7	6.3
CAF135	01/22/2015	0.285	0.363	0.254	0.376	0.235	3.883	4.058	4.7	5.7	6.283
CAF135	01/23/2015	0.283	0.36	0.253	0.379	0.235	3.821	4	4.7	5.7	6.2
CAF135	01/24/2015	0.285	0.359	0.252	0.381	0.235	4.321	4	4.637	5.667	6.2
CAF135	01/25/2015	0.286	0.358	0.251	0.382	0.235	5.033	4.137	4.646	5.6	6.142
CAF135	01/26/2015	0.286	0.358	0.251	0.383	0.235	5.496	4.375	4.712	5.6	6.1
CAF135	01/27/2015	0.285	0.358	0.251	0.383	0.235	5.8	4.604	4.821	5.617	6.1
CAF135	01/28/2015	0.284	0.358	0.251	0.384	0.235	5.921	4.788	4.938	5.7	6.1
CAF135	01/29/2015	0.283	0.357	0.251	0.384	0.235	5.837	4.942	5.042	5.721	6.1
CAF135	01/30/2015	0.282	0.357	0.251	0.385	0.235	5.642	5	5.112	5.8	6.1
CAF135	01/31/2015	0.28	0.356	0.251	0.385	0.235	5.442	4.971	5.2	5.8	6.1
CAF135	02/01/2015	0.279	0.355	0.251	0.386	0.235	5.225	4.9	5.2	5.896	6.1
CAF135	02/02/2015	0.28	0.355	0.251	0.386	0.235	5.029	4.825	5.2	5.9	6.1
CAF135	02/03/2015	0.294	0.356	0.251	0.386	0.235	5.096	4.8	5.2	5.9	6.1
CAF135	02/04/2015	0.293	0.357	0.251	0.386	0.235	5.308	4.8	5.2	5.9	6.1
CAF135	02/05/2015	0.292	0.358	0.251	0.386	0.235	5.533	4.804	5.2	5.9	6.1
CAF135	02/06/2015	0.293	0.358	0.252	0.387	0.235	6.088	4.938	5.2	5.9	6.1
CAF135	02/07/2015	0.302	0.36	0.252	0.387	0.235	6.55	5.129	5.242	5.9	6.1
CAF135	02/08/2015	0.303	0.368	0.255	0.388	0.236	6.883	5.363	5.346	5.904	6.1
CAF135	02/09/2015	0.311	0.388	0.265	0.39	0.236	7.154	5.558	5.463	6	6.1
CAF135	02/10/2015	0.311	0.39	0.271	0.394	0.275	7.404	5.754	5.571	6	6.129
CAF135	02/11/2015	0.305	0.382	0.268	0.393	0.373	7.388	5.892	5.7	6.096	6.2
CAF135	02/12/2015	0.3	0.376	0.265	0.393	0.379	7.429	5.992	5.8	6.15	6.2
CAF135	02/13/2015	0.297	0.372	0.262	0.393	0.38	7.5	6.083	5.9	6.2	6.275
CAF135	02/14/2015	0.295	0.37	0.261	0.393	0.381	7.404	6.154	5.988	6.3	6.3
CAF135	02/15/2015	0.293	0.368	0.26	0.393	0.381	7.371	6.2	6.037	6.333	6.371
CAF135	02/16/2015	0.29	0.366	0.259	0.394	0.381	6.95	6.187	6.1	6.4	6.4
CAF135	02/17/2015	0.288	0.365	0.259	0.394	0.381	6.387	6.054	6.1	6.408	6.45
CAF135	02/18/2015	0.285	0.363	0.258	0.394	0.381	5.996	5.858	6.087	6.5	6.5
CAF135	02/19/2015	0.284	0.362	0.257	0.393	0.381	5.908	5.692	6	6.5	6.5
CAF135	02/20/2015	0.285	0.361	0.257	0.393	0.381	6.133	5.6	5.929	6.458	6.525
CAF135	02/21/2015	0.287	0.36	0.256	0.393	0.38	6.279	5.6	5.9	6.4	6.6
CAF135	02/22/2015	0.288	0.36	0.256	0.393	0.38	5.779	5.587	5.9	6.4	6.6
CAF135	02/23/2015	0.286	0.359	0.255	0.393	0.38	5.113	5.413	5.838	6.4	6.6
CAF135	02/24/2015	0.283	0.358	0.255	0.393	0.38	4.692	5.158	5.75	6.4	6.6
CAF135	02/25/2015	0.281	0.357	0.254	0.393	0.38	4.542	4.946	5.629	6.313	6.546
CAF135	02/26/2015	0.28	0.357	0.254	0.392	0.38	4.629	4.813	5.508	6.283	6.5
CAF135	02/27/2015	0.28	0.356	0.253	0.392	0.38	4.992	4.8	5.404	6.2	6.5
CAF135	02/28/2015	0.28	0.356	0.253	0.392	0.379	5.075	4.8	5.396	6.15	6.475
CAF135	03/01/2015	0.277	0.355	0.253	0.391	0.379	4.767	4.792	5.3	6.1	6.4
CAF135	03/02/2015	0.275	0.355	0.252	0.391	0.379	4.496	4.675	5.3	6.1	6.4
CAF135	03/03/2015	0.275	0.354	0.252	0.391	0.379	4.463	4.592	5.204	6.004	6.4
CAF135	03/04/2015	0.273	0.354	0.252	0.391	0.378	4.313	4.5	5.162	6	6.3
CAF135	03/05/2015	0.272	0.353	0.251	0.391	0.378	4.125	4.396	5.1	5.921	6.3
CAF135	03/06/2015	0.272	0.353	0.251	0.39	0.378	4.308	4.3	5.012	5.9	6.288
CAF135	03/07/2015	0.272	0.352	0.251	0.39	0.378	4.754	4.354	5	5.838	6.2
CAF135	03/08/2015	0.272	0.352	0.251	0.39	0.378	5.129	4.467	5	5.8	6.2
CAF135	03/09/2015	0.272	0.352	0.251	0.39	0.377	5.392	4.587	5	5.8	6.183
CAF135	03/10/2015	0.272	0.352	0.251	0.39	0.377	5.746	4.746	5.025	5.8	6.1
CAF135	03/11/2015	0.272	0.352	0.251	0.389	0.377	6.313	4.925	5.1	5.8	6.1
CAF135	03/12/2015	0.273	0.352	0.251	0.39	0.377	6.838	5.179	5.204	5.8	6.1
CAF135	03/13/2015	0.272	0.353	0.251	0.39	0.377	7.117	5.438	5.338	5.808	6.1
CAF135	03/14/2015	0.273	0.353	0.251	0.39	0.377	7.517	5.654	5.467	5.9	6.1
CAF135	03/15/2015	0.288	0.353	0.251	0.39	0.377	7.988	5.896	5.617	5.954	6.183
CAF135	03/16/2015	0.304	0.357	0.251	0.391	0.377	8.121	6.154	5.763	6.025	6.2
CAF135	03/17/2015	0.301	0.36	0.253	0.391	0.377	8.154	6.329	5.929	6.104	6.242
CAF135	03/18/2015	0.309	0.368	0.255	0.392	0.377	7.988	6.4	6.054	6.2	6.3
CAF135	03/19/2015	0.303	0.375	0.261	0.392	0.377	7.95	6.488	6.154	6.279	6.388
CAF135	03/20/2015	0.299	0.373	0.262	0.394	0.38	8.121	6.5	6.208	6.346	6.438
CAF135	03/21/2015	0.297	0.371	0.262	0.395	0.383	8.513	6.629	6.3	6.4	6.521
CAF135	03/22/2015	0.295	0.37	0.262	0.395	0.383	8.417	6.767	6.383	6.479	6.604
CAF135	03/23/2015	0.303	0.371	0.262	0.395	0.383	8.333	6.8	6.479	6.525	6.7
CAF135	03/24/2015	0.311	0.384	0.267	0.396	0.384	7.975	6.8	6.517	6.6	6.767
CAF135	03/25/2015	0.306	0.388	0.273	0.399	0.394	7.488	6.679	6.6	6.633	6.8
CAF135	03/26/2015	0.303	0.379	0.269	0.399	0.392	7.812	6.6	6.504	6.7	6.9
CAF135	03/27/2015	0.302	0.376	0.267	0.398	0.39	8.713	6.704	6.508	6.7	6.904
CAF135	03/28/2015	0.309	0.379	0.267	0.398	0.389	9.483	7.025	6.612	6.7	7
CAF135	03/29/2015	0.305	0.38	0.269	0.399	0.39	9.188	7.275	6.754	6.779	7
CAF135	03/30/2015	0.301	0.377	0.268	0.399	0.39	9.342	7.363	6.871	6.838	7.087
CAF135	03/31/2015	0.298	0.375	0.267	0.399	0.389	9.6	7.479	6.971	6.9	7.117
CAF135	04/01/2015	0.294	0.373	0.266	0.399	0.388	9.008	7.575	7.075	7	7.2
CAF135	04/02/2015	0.291	0.371	0.266	0.399	0.387	8.442	7.433	7.1	7.067	7.25
CAF135	04/03/2015	0.289	0.369	0.265	0.399	0.386	8.067	7.25	7.1	7.1	7.304
CAF135	04/04/2015	0.288	0.367	0.264	0.399	0.386	8.233	7.1	7.075	7.1	7.4
CAF135	04/05/2015	0.286	0.366	0.264	0.399	0.386	8.154	7.1	7	7.146	7.421
CAF135	04/06/2015	0.286	0.366	0.263	0.399	0.384	8.15	7.1	7	7.196	7.596
CAF135	04/07/2015	0.292	0.365	0.263	0.398	0.384	7.896	7.029	7	7.2	7.6
CAF135	04/08/2015	0.292	0.365	0.262	0.398	0.383	8.208	7	7	7.2	7.6
CAF135	04/09/2015	0.291	0.365	0.262	0.398	0.383	8.263	7.054	7	7.2	7.629
CAF135	04/10/2015	0.29	0.365	0.262	0.398	0.383	8.554	7.1	7	7.2	7.7
CAF135	04/11/2015	0.29	0.365	0.262	0.398	0.383	9.004	7.242	7	7.2	7.7
CAF135	04/12/2015	0.29	0.365	0.262	0.398	0.383	8.717	7.363	7.092	7.254	7.7
CAF135	04/13/2015	0.288	0.364	0.262	0.398	0.383	8.471	7.3	7.1	7.367	7.7
CAF135	04/14/2015	0.288	0.364	0.262	0.398	0.383	8.733	7.3	7.1	7.4	7.708
CAF135	04/15/2015	0.289	0.364	0.262	0.398	0.383	8.288	7.288	7.175	7.4	7.8
CAF135	04/16/2015	0.288	0.363	0.262	0.398	0.383	8.217	7.2	7.137	7.4	7.8
CAF135	04/17/2015	0.288	0.363	0.262	0.398	0.383	8.704	7.2	7.1	7.4	7.8
CAF135	04/18/2015	0.287	0.363	0.262	0.398	0.383	9.25	7.375	7.142	7.4	7.8
CAF135	04/19/2015	0.286	0.364	0.262	0.398	0.383	9.404	7.562	7.217	7.488	7.804
CAF135	04/20/2015	0.285	0.363	0.262	0.398	0.383	9.763	7.725	7.313	7.5	7.9
CAF135	04/21/2015	0.284	0.363	0.262	0.399	0.383	10.36	7.946	7.421	7.517	7.9
CAF135	04/22/2015	0.283	0.363	0.262	0.399	0.382	10.82	8.238	7.554	7.6	7.904
CAF135	04/23/2015	0.28	0.364	0.262	0.399	0.383	10.42	8.4	7.721	7.683	8
CAF135	04/24/2015	0.28	0.363	0.262	0.399	0.383	10.13	8.4	7.833	7.775	8
CAF135	04/25/2015	0.282	0.362	0.262	0.4	0.382	9.867	8.375	7.9	7.863	8.092
CAF135	04/26/2015	0.28	0.362	0.262	0.4	0.382	9.637	8.296	7.9	7.9	8.113
CAF135	04/27/2015	0.28	0.361	0.262	0.4	0.382	9.783	8.2	7.9	7.988	8.2
CAF135	04/28/2015	0.282	0.361	0.262	0.4	0.383	10.57	8.279	7.9	8	8.2
CAF135	04/29/2015	0.286	0.361	0.262	0.401	0.383	11.42	8.521	7.983	8	8.2
CAF135	04/30/2015	0.287	0.361	0.262	0.401	0.383	11.12	8.767	8.104	8.096	8.283
CAF135	05/01/2015	0.286	0.361	0.262	0.401	0.383	11.28	8.862	8.221	8.133	8.3
CAF135	05/02/2015	0.283	0.361	0.262	0.401	0.383	11.66	9.013	8.321	8.2	8.321
CAF135	05/03/2015	0.282	0.36	0.262	0.401	0.383	11.72	9.167	8.433	8.288	8.4
CAF135	05/04/2015	0.282	0.36	0.262	0.402	0.383	12.04	9.312	8.542	8.358	8.417
CAF135	05/05/2015	0.282	0.36	0.262	0.402	0.383	12.46	9.496	8.654	8.433	8.5
CAF135	05/06/2015	0.28	0.36	0.262	0.402	0.383	12.02	9.663	8.775	8.513	8.533
CAF135	05/07/2015	0.279	0.36	0.262	0.402	0.384	11.94	9.7	8.896	8.6	8.6
CAF135	05/08/2015	0.278	0.359	0.262	0.403	0.384	12.13	9.7	8.95	8.692	8.667
CAF135	05/09/2015	0.278	0.359	0.262	0.403	0.384	12.51	9.796	9.017	8.737	8.7
CAF135	05/10/2015	0.281	0.359	0.262	0.403	0.384	12.75	9.954	9.108	8.8	8.779
CAF135	05/11/2015	0.282	0.359	0.262	0.403	0.384	13.06	10.11	9.217	8.892	8.8
CAF135	05/12/2015	0.279	0.359	0.263	0.404	0.384	13.46	10.3	9.333	8.958	8.892
CAF135	05/13/2015	0.31	0.36	0.262	0.404	0.384	13.33	10.51	9.462	9.042	8.917
CAF135	05/14/2015	0.317	0.365	0.263	0.405	0.384	12.64	10.57	9.592	9.138	9
CAF135	05/15/2015	0.313	0.367	0.265	0.405	0.385	13.05	10.53	9.679	9.208	9.058
CAF135	05/16/2015	NA	0.368	0.266	0.405	0.385	NA	10.6	9.704	9.3	9.1
CAF135	09/01/2015	NA	0.209	0.199	0.32	0.276	NA	16.73	15.96	15.1	14.7
CAF135	09/02/2015	0.199	0.209	0.199	0.32	0.276	18.2	16.57	15.84	15.1	14.7
CAF135	09/03/2015	0.198	0.208	0.199	0.32	0.277	17.54	16.38	15.74	15	14.7
CAF135	09/04/2015	0.197	0.208	0.198	0.319	0.277	17.4	16.11	15.61	14.99	14.7
CAF135	09/05/2015	0.197	0.208	0.198	0.32	0.277	17.15	15.9	15.45	14.83	14.7
CAF135	09/06/2015	0.196	0.208	0.198	0.319	0.277	16.19	15.66	15.33	14.74	14.63
CAF135	09/07/2015	0.196	0.207	0.198	0.318	0.277	15.83	15.31	15.16	14.66	14.6
CAF135	09/08/2015	0.196	0.207	0.198	0.318	0.277	15.9	15.08	14.96	14.56	14.6
CAF135	09/09/2015	0.196	0.207	0.197	0.317	0.277	16.24	14.99	14.83	14.46	14.5
CAF135	09/10/2015	0.196	0.207	0.197	0.316	0.277	16.56	14.99	14.71	14.36	14.49
CAF135	09/11/2015	0.197	0.207	0.197	0.316	0.277	16.85	15.06	14.7	14.3	14.4
CAF135	09/12/2015	0.197	0.207	0.197	0.315	0.276	17.21	15.16	14.66	14.2	14.39
CAF135	09/13/2015	0.197	0.207	0.197	0.315	0.276	17.61	15.3	14.7	14.2	14.3
CAF135	09/14/2015	0.197	0.207	0.197	0.315	0.276	17.26	15.4	14.7	14.2	14.3
CAF135	09/15/2015	0.196	0.207	0.197	0.315	0.276	16.41	15.28	14.7	14.2	14.3
CAF135	09/16/2015	0.196	0.207	0.197	0.315	0.276	16.19	15.1	14.69	14.2	14.3
CAF135	09/17/2015	0.196	0.207	0.197	0.315	0.276	16.03	14.94	14.6	14.1	14.22
CAF135	09/18/2015	0.196	0.207	0.197	0.315	0.276	15.81	14.8	14.5	14.1	14.2
CAF135	09/19/2015	0.196	0.206	0.197	0.314	0.276	15.75	14.69	14.41	14.03	14.2
CAF135	09/20/2015	0.196	0.206	0.197	0.314	0.276	15.82	14.6	14.33	14	14.2
CAF135	09/21/2015	0.197	0.206	0.196	0.314	0.276	16.15	14.6	14.29	13.92	14.1
CAF135	09/22/2015	0.198	0.206	0.196	0.314	0.276	16.02	14.63	14.2	13.9	14.1
CAF135	09/23/2015	0.197	0.206	0.196	0.313	0.276	15.31	14.53	14.2	13.88	14.1
CAF135	09/24/2015	0.197	0.206	0.196	0.313	0.276	14.97	14.31	14.13	13.8	14.01
CAF135	09/25/2015	0.197	0.206	0.196	0.313	0.276	14.86	14.14	14.03	13.8	14
CAF135	09/26/2015	0.197	0.206	0.196	0.312	0.275	15.04	14.08	13.92	13.7	14
CAF135	09/27/2015	0.197	0.206	0.196	0.312	0.275	14.72	13.98	13.86	13.67	13.94
CAF135	09/28/2015	0.196	0.205	0.196	0.312	0.275	13.82	13.78	13.77	13.6	13.9
CAF135	09/29/2015	0.196	0.205	0.196	0.311	0.275	13.84	13.56	13.64	13.54	13.9
CAF135	09/30/2015	0.196	0.205	0.196	0.311	0.275	14.09	13.46	13.52	13.47	13.8
CAF135	10/01/2015	0.197	0.205	0.195	0.311	0.275	14.63	13.46	13.42	13.4	13.8
CAF135	10/02/2015	0.197	0.205	0.195	0.31	0.274	14.63	13.53	13.4	13.32	13.7
CAF135	10/03/2015	0.197	0.205	0.195	0.31	0.274	14.69	13.55	13.4	13.3	13.7
CAF135	10/04/2015	0.197	0.205	0.195	0.31	0.274	14.59	13.59	13.4	13.27	13.62
CAF135	10/05/2015	0.197	0.205	0.195	0.31	0.274	14.46	13.5	13.33	13.2	13.6
CAF135	10/06/2015	0.197	0.205	0.195	0.309	0.274	14.41	13.4	13.3	13.2	13.6
CAF135	10/07/2015	0.197	0.205	0.195	0.309	0.273	14.66	13.4	13.28	13.2	13.53
CAF135	10/08/2015	0.197	0.205	0.195	0.309	0.273	14.77	13.42	13.2	13.13	13.5
CAF135	10/09/2015	0.198	0.205	0.195	0.309	0.273	15.12	13.54	13.2	13.1	13.5
CAF135	10/10/2015	0.198	0.205	0.195	0.309	0.273	15.35	13.67	13.28	13.1	13.5
CAF135	10/11/2015	0.198	0.205	0.195	0.309	0.273	15.27	13.73	13.3	13.1	13.43
CAF135	10/12/2015	0.197	0.205	0.195	0.309	0.273	14.5	13.67	13.3	13.1	13.4
CAF135	10/13/2015	0.197	0.205	0.195	0.309	0.273	14.19	13.5	13.3	13.1	13.4
CAF135	10/14/2015	0.197	0.205	0.195	0.309	0.273	13.92	13.36	13.21	13.1	13.4
CAF135	10/15/2015	0.197	0.205	0.195	0.309	0.273	13.7	13.19	13.13	13.1	13.4
CAF135	10/16/2015	0.197	0.205	0.195	0.308	0.273	13.54	13.05	13.05	13	13.4
CAF135	10/17/2015	0.197	0.205	0.195	0.308	0.273	13.58	12.94	12.95	13	13.35
CAF135	10/18/2015	0.197	0.205	0.195	0.308	0.272	13.64	12.9	12.9	12.9	13.3
CAF135	10/19/2015	0.196	0.205	0.195	0.307	0.272	13.9	12.9	12.82	12.9	13.3
CAF135	10/20/2015	0.197	0.204	0.195	0.307	0.272	13.69	12.9	12.8	12.83	13.24
CAF135	10/21/2015	0.196	0.204	0.194	0.307	0.272	13.32	12.85	12.8	12.8	13.2
CAF135	10/22/2015	0.196	0.204	0.194	0.307	0.272	13.03	12.67	12.7	12.8	13.2
CAF135	10/23/2015	0.195	0.204	0.194	0.307	0.272	12.3	12.49	12.62	12.72	13.19
CAF135	10/24/2015	0.195	0.204	0.194	0.307	0.271	12.16	12.25	12.5	12.7	13.1
CAF135	10/25/2015	0.195	0.204	0.194	0.306	0.271	12.18	12.1	12.37	12.6	13.1
CAF135	10/26/2015	0.196	0.204	0.194	0.306	0.271	12.36	12	12.28	12.55	13.03
CAF135	10/27/2015	0.195	0.203	0.194	0.305	0.271	12.24	12	12.2	12.5	13
CAF135	10/28/2015	0.195	0.203	0.194	0.305	0.27	11.99	11.93	12.13	12.4	12.94
CAF135	10/29/2015	0.195	0.203	0.194	0.305	0.27	11.81	11.79	12.06	12.38	12.9
CAF135	10/30/2015	0.194	0.203	0.193	0.304	0.27	11.71	11.68	11.97	12.3	12.87
CAF135	10/31/2015	0.195	0.203	0.193	0.304	0.27	11.91	11.6	11.9	12.25	12.8
CAF135	11/01/2015	0.196	0.203	0.193	0.304	0.27	12.12	11.67	11.8	12.2	12.78
CAF135	11/02/2015	0.196	0.203	0.193	0.303	0.269	11.25	11.57	11.8	12.14	12.7
CAF135	11/03/2015	0.197	0.203	0.193	0.303	0.269	10.6	11.31	11.72	12.1	12.7
CAF135	11/04/2015	0.196	0.203	0.193	0.303	0.269	9.746	10.97	11.56	12.03	12.6
CAF135	11/05/2015	0.196	0.202	0.193	0.302	0.269	8.863	10.56	11.38	11.95	12.6
CAF135	11/06/2015	0.196	0.202	0.192	0.302	0.268	8.275	10.13	11.13	11.85	12.5
CAF135	11/07/2015	0.196	0.201	0.192	0.301	0.268	8.254	9.804	10.88	11.72	12.45
CAF135	11/08/2015	0.197	0.201	0.192	0.3	0.267	8.504	9.633	10.67	11.57	12.37
CAF135	11/09/2015	0.202	0.201	0.191	0.299	0.267	8.788	9.6	10.52	11.44	12.27
CAF135	11/10/2015	0.236	0.201	0.191	0.299	0.266	8.6	9.538	10.4	11.33	12.17
CAF135	11/11/2015	0.233	0.2	0.191	0.298	0.266	8.179	9.396	10.29	11.22	12.09
CAF135	11/12/2015	0.231	0.2	0.191	0.298	0.266	7.608	9.171	10.16	11.13	12
CAF135	11/13/2015	0.23	0.2	0.191	0.297	0.265	7.4	8.887	10	11.03	11.91
CAF135	11/14/2015	0.23	0.2	0.191	0.297	0.265	7.93	8.8	9.842	10.92	11.83
CAF135	11/15/2015	0.231	0.2	0.191	0.296	0.264	8.212	8.8	9.729	10.81	11.75
CAF135	11/16/2015	0.23	0.2	0.191	0.295	0.264	7.858	8.85	9.7	10.72	11.66
CAF135	11/17/2015	0.24	0.2	0.191	0.295	0.263	7.091	8.629	9.596	10.65	11.59
CAF135	11/18/2015	0.263	0.199	0.19	0.294	0.263	7.122	8.387	9.458	10.58	11.5
CAF135	11/19/2015	0.255	0.199	0.19	0.294	0.263	6.65	8.213	9.333	10.48	11.41
CAF135	11/20/2015	0.253	0.199	0.19	0.293	0.262	6.217	7.971	9.171	10.38	11.34
CAF135	11/21/2015	0.251	0.199	0.19	0.292	0.262	5.538	7.662	9.004	10.28	11.25
CAF135	11/22/2015	0.25	0.198	0.19	0.292	0.262	5.012	7.325	8.804	10.16	11.17
CAF135	11/23/2015	0.249	0.198	0.189	0.291	0.261	4.679	7	8.588	10.04	11.08
CAF135	11/24/2015	0.248	0.198	0.189	0.29	0.26	4.512	6.737	8.371	9.892	10.98
CAF135	11/25/2015	0.249	0.198	0.189	0.29	0.26	4.5	6.542	8.163	9.75	10.87
CAF135	11/26/2015	0.249	0.198	0.189	0.289	0.259	4.325	6.388	7.996	9.617	10.76
CAF135	11/27/2015	0.249	0.197	0.188	0.288	0.259	4.037	6.217	7.842	9.475	10.65
CAF135	11/28/2015	0.249	0.197	0.188	0.287	0.258	3.792	6.017	7.671	9.35	10.54
CAF135	11/29/2015	0.248	0.197	0.188	0.287	0.257	3.633	5.833	7.521	9.229	10.43
CAF135	11/30/2015	0.248	0.197	0.188	0.286	0.256	3.477	5.662	7.354	9.092	10.25
CAF135	12/01/2015	0.247	0.197	0.188	0.285	0.255	3.365	5.529	7.208	8.967	10.11
CAF135	12/02/2015	0.246	0.197	0.187	0.284	0.255	3.296	5.379	7.062	8.85	10.01
CAF135	12/03/2015	0.246	0.197	0.187	0.284	0.254	3.2	5.254	6.938	8.729	9.904
CAF135	12/04/2015	0.245	0.197	0.187	0.283	0.253	3.2	5.158	6.817	8.621	9.804
CAF135	12/05/2015	0.245	0.197	0.187	0.282	0.253	3.2	5.083	6.704	8.508	9.7
CAF135	12/06/2015	0.264	0.196	0.187	0.282	0.253	3.179	4.996	6.6	8.404	9.604
CAF135	12/07/2015	0.312	0.226	0.187	0.281	0.253	3.092	4.792	6.5	8.304	9.504
CAF135	12/08/2015	0.315	0.323	0.187	0.28	0.253	3.887	4.562	6.35	8.208	9.417
CAF135	12/09/2015	0.318	0.345	0.186	0.28	0.253	5.296	4.85	6.221	8.104	9.325
CAF135	12/10/2015	0.318	0.353	0.187	0.279	0.252	5.679	5.296	6.275	8	9.237
CAF135	12/11/2015	0.312	0.357	0.187	0.279	0.252	5.504	5.512	6.375	8	9.158
CAF135	12/12/2015	0.311	0.353	0.187	0.278	0.252	5.458	5.6	6.4	8	9.1
CAF135	12/13/2015	0.319	0.364	0.187	0.278	0.252	5.242	5.567	6.4	7.954	9.042
CAF135	12/14/2015	0.311	0.362	0.187	0.278	0.251	5.254	5.5	6.4	7.9	9
CAF135	12/15/2015	0.306	0.358	0.187	0.278	0.251	5.1	5.5	6.4	7.9	8.971
CAF135	12/16/2015	0.303	0.355	0.187	0.278	0.251	4.892	5.429	6.325	7.888	8.9
CAF135	12/17/2015	0.301	0.353	0.187	0.277	0.251	4.746	5.329	6.292	7.8	8.9
CAF135	12/18/2015	0.3	0.351	0.187	0.277	0.251	4.65	5.233	6.2	7.788	8.804
CAF135	12/19/2015	0.304	0.352	0.187	0.277	0.251	4.6	5.167	6.129	7.7	8.8
CAF135	12/20/2015	0.307	0.354	0.187	0.276	0.251	4.6	5.1	6.067	7.662	8.708
CAF135	12/21/2015	0.306	0.356	0.187	0.276	0.251	4.6	5.008	6	7.6	8.7
CAF135	12/22/2015	0.308	0.358	0.187	0.275	0.25	4.579	5	5.908	7.529	8.604
CAF135	12/23/2015	0.308	0.359	0.188	0.275	0.25	4.5	4.908	5.871	7.492	8.588
CAF135	12/24/2015	0.307	0.359	0.188	0.275	0.25	4.5	4.9	5.8	7.4	8.5
CAF135	12/25/2015	0.306	0.358	0.188	0.275	0.25	4.5	4.829	5.754	7.375	8.475
CAF135	12/26/2015	0.304	0.357	0.189	0.274	0.25	4.5	4.8	5.7	7.3	8.4
CAF135	12/27/2015	0.303	0.356	0.189	0.274	0.25	4.488	4.8	5.667	7.271	8.362
CAF135	12/28/2015	0.302	0.355	0.19	0.274	0.25	4.4	4.733	5.6	7.2	8.3
CAF135	12/29/2015	0.3	0.354	0.192	0.274	0.25	4.308	4.7	5.587	7.175	8.258
CAF135	12/30/2015	0.299	0.354	0.193	0.273	0.25	4.3	4.662	5.5	7.1	8.2
CAF135	12/31/2015	0.297	0.353	0.195	0.273	0.25	4.246	4.6	5.5	7.087	8.163
CAF135	01/01/2016	0.296	0.352	0.197	0.273	0.249	4.133	4.567	5.413	7	8.1
CAF135	01/02/2016	0.294	0.351	0.2	0.273	0.249	3.983	4.5	5.4	6.996	8.075
CAF135	01/03/2016	0.291	0.351	0.203	0.273	0.249	3.85	4.408	5.3	6.904	8
CAF135	01/04/2016	0.289	0.35	0.208	0.272	0.249	3.767	4.329	5.254	6.9	7.988
CAF135	01/05/2016	0.288	0.349	0.214	0.272	0.249	3.7	4.279	5.2	6.804	7.9
CAF135	01/06/2016	0.29	0.349	0.218	0.272	0.249	3.7	4.2	5.117	6.775	7.892
CAF135	01/07/2016	0.307	0.35	0.222	0.271	0.249	3.7	4.192	5.1	6.7	7.8
CAF135	01/08/2016	0.309	0.352	0.226	0.271	0.249	3.767	4.1	5.008	6.662	7.779
CAF135	01/09/2016	0.309	0.355	0.23	0.271	0.249	3.821	4.1	5	6.6	7.7
CAF135	01/10/2016	0.309	0.356	0.234	0.271	0.249	3.9	4.1	4.946	6.571	7.683
CAF135	01/11/2016	0.307	0.357	0.236	0.27	0.249	3.883	4.1	4.9	6.5	7.6
CAF135	01/12/2016	0.305	0.357	0.238	0.27	0.249	3.8	4.1	4.9	6.5	7.6
CAF135	01/13/2016	0.336	0.369	0.241	0.27	0.249	3.579	4.004	4.867	6.413	7.508
CAF135	01/14/2016	0.325	0.382	0.25	0.271	0.248	3.546	3.875	4.754	6.346	7.483
CAF135	01/15/2016	0.317	0.373	0.25	0.272	0.248	3.6	3.8	4.7	6.275	7.4
CAF135	01/16/2016	0.312	0.368	0.249	0.286	0.248	3.6	3.8	4.662	6.2	7.329
CAF135	01/17/2016	0.313	0.368	0.248	0.319	0.248	3.6	3.787	4.6	6.2	7.3
CAF135	01/18/2016	0.33	0.383	0.253	0.356	0.248	3.6	3.7	4.583	6.129	7.204
CAF135	01/19/2016	0.328	0.382	0.255	0.374	0.253	3.642	3.679	4.5	6.092	7.15
CAF135	01/20/2016	0.33	0.39	0.262	0.385	0.356	3.723	3.575	4.421	6	7.058
CAF135	01/21/2016	0.322	0.379	0.257	0.384	0.409	4.021	3.592	4.4	5.917	6.996
CAF135	01/22/2016	0.32	0.374	0.253	0.384	0.417	4.304	3.688	4.4	5.9	6.9
CAF135	01/23/2016	0.325	0.373	0.252	0.385	0.418	4.543	3.829	4.4	5.9	6.9
CAF135	01/24/2016	0.322	0.375	0.254	0.387	0.415	4.775	3.938	4.446	5.9	6.833
CAF135	01/25/2016	0.317	0.372	0.253	0.392	0.415	4.739	4.058	4.5	5.9	6.8
CAF135	01/26/2016	0.313	0.368	0.252	0.394	0.415	4.448	4.1	4.587	5.9	6.8
CAF135	01/27/2016	0.311	0.366	0.251	0.394	0.413	4.568	4.008	4.6	5.9	6.8
CAF135	01/28/2016	0.318	0.365	0.251	0.394	0.413	4.97	4.125	4.6	5.9	6.8
CAF135	01/29/2016	0.328	0.377	0.254	0.398	0.413	5.058	4.233	4.646	5.975	6.8
CAF135	01/30/2016	0.323	0.378	0.257	0.405	0.414	4.852	4.3	4.7	6	6.792
CAF135	01/31/2016	0.317	0.373	0.257	0.406	0.413	4.63	4.263	4.7	6	6.704
CAF135	02/01/2016	0.315	0.37	0.256	0.406	0.414	4.374	4.192	4.7	6	6.7
CAF135	02/02/2016	0.312	0.367	0.254	0.407	0.414	4.171	4.1	4.7	6	6.7
CAF135	02/03/2016	0.31	0.365	0.253	0.407	0.414	3.954	4	4.667	6	6.7
CAF135	02/04/2016	0.313	0.364	0.251	0.405	0.414	3.804	3.904	4.6	6	6.7
CAF135	02/05/2016	0.321	0.367	0.251	0.402	0.416	3.946	3.804	4.55	6.012	6.7
CAF135	02/06/2016	0.317	0.367	0.251	0.401	0.416	4.465	3.85	4.5	6.1	6.7
CAF135	02/07/2016	0.314	0.365	0.251	0.4	0.417	4.5	3.971	4.5	6.087	6.625
CAF135	02/08/2016	0.311	0.364	0.251	0.399	0.417	4.537	4	4.5	6	6.6
CAF135	02/09/2016	0.31	0.363	0.25	0.399	0.416	4.979	4.062	4.533	6	6.6
CAF135	02/10/2016	0.309	0.362	0.25	0.398	0.415	5.3	4.221	4.6	6	6.6
CAF135	02/11/2016	0.308	0.361	0.25	0.397	0.415	5.604	4.363	4.662	6.037	6.6
CAF135	02/12/2016	0.307	0.36	0.25	0.396	0.415	5.988	4.537	4.742	6.1	6.6
CAF135	02/13/2016	0.308	0.36	0.25	0.392	0.416	6.363	4.733	4.842	6.1	6.6
CAF135	02/14/2016	0.318	0.36	0.25	0.391	0.416	6.3	4.908	4.958	6.15	6.6
CAF135	02/15/2016	0.325	0.363	0.25	0.39	0.415	6.742	5.033	5.062	6.2	6.6
CAF135	02/16/2016	0.323	0.366	0.25	0.39	0.414	7.079	5.233	5.158	6.267	6.692
CAF135	02/17/2016	0.321	0.367	0.251	0.39	0.414	7.3	5.433	5.275	6.304	6.7
CAF135	02/18/2016	0.332	0.37	0.252	0.391	0.414	7.3	5.575	5.421	6.4	6.7
CAF135	02/19/2016	0.333	0.383	0.26	0.392	0.416	7.15	5.687	5.517	6.463	6.7
CAF135	02/20/2016	0.325	0.378	0.26	0.396	0.419	6.837	5.7	5.6	6.5	6.704
CAF135	02/21/2016	0.32	0.374	0.258	0.399	0.42	6.296	5.575	5.6	6.6	6.796
CAF135	02/22/2016	0.316	0.37	0.257	0.399	0.421	5.883	5.417	5.6	6.6	6.8
CAF135	02/23/2016	0.312	0.368	0.255	0.399	0.422	5.529	5.229	5.571	6.671	6.8
CAF135	02/24/2016	0.31	0.366	0.254	0.398	0.422	5.404	5.058	5.5	6.692	6.825
CAF135	02/25/2016	0.309	0.364	0.253	0.397	0.423	5.675	5	5.404	6.6	6.9
CAF135	02/26/2016	0.308	0.363	0.252	0.396	0.421	5.996	5	5.4	6.6	6.9
CAF135	02/27/2016	0.308	0.362	0.251	0.395	0.417	6.521	5.104	5.4	6.6	6.875
CAF135	02/28/2016	0.313	0.362	0.251	0.394	0.417	6.754	5.271	5.4	6.6	6.825
CAF135	02/29/2016	0.313	0.362	0.251	0.392	0.418	6.596	5.4	5.492	6.6	6.858
CAF135	03/01/2016	0.312	0.362	0.251	0.392	0.418	6.446	5.4	5.5	6.6	6.9
CAF135	03/02/2016	0.315	0.361	0.251	0.392	0.418	6.358	5.4	5.537	6.696	6.9
CAF135	03/03/2016	0.317	0.362	0.251	0.391	0.418	6.742	5.4	5.6	6.7	6.9
CAF135	03/04/2016	0.316	0.362	0.251	0.391	0.418	6.938	5.492	5.6	6.7	6.9
CAF135	03/05/2016	0.315	0.362	0.251	0.391	0.414	7.237	5.579	5.621	6.7	6.9
CAF135	03/06/2016	0.323	0.363	0.251	0.391	0.415	7.875	5.779	5.7	6.7	6.9
CAF135	03/07/2016	0.325	0.365	0.252	0.39	0.414	7.737	5.975	5.8	6.763	6.9
CAF135	03/08/2016	0.322	0.367	0.253	0.391	0.413	7.379	6	5.9	6.8	6.904
CAF135	03/09/2016	0.32	0.367	0.253	0.391	0.413	7.388	6	5.917	6.829	7
CAF135	03/10/2016	0.334	0.372	0.254	0.391	0.413	7.625	6	6	6.9	7
CAF135	03/11/2016	0.328	0.377	0.259	0.392	0.415	7.438	6.1	6	6.9	7
CAF135	03/12/2016	0.329	0.376	0.258	0.393	0.418	7.555	6.087	6	6.9	7.025
CAF135	03/13/2016	NA	0.381	0.261	0.394	0.42	NA	6.158	6.096	6.917	7.1
