CAF357	08/12/2009	0.265	0.348	0.383	0.36	0.339	20.28	18.77	17.9	16.23	14.8
CAF357	08/13/2009	0.264	0.347	0.382	0.36	0.338	19.84	18.66	17.87	16.2	14.8
CAF357	08/14/2009	0.261	0.345	0.382	0.36	0.338	18.48	18.33	17.78	16.2	14.8
CAF357	08/15/2009	0.26	0.343	0.382	0.36	0.338	17.47	17.76	17.6	16.14	14.8
CAF357	08/16/2009	0.259	0.341	0.381	0.36	0.338	17.45	17.26	17.33	16.05	14.8
CAF357	08/17/2009	0.26	0.34	0.381	0.359	0.338	18.13	17.13	17.1	15.94	14.8
CAF357	08/18/2009	0.261	0.34	0.381	0.359	0.338	18.9	17.23	16.95	15.81	14.73
CAF357	08/19/2009	0.263	0.34	0.381	0.359	0.338	19.62	17.47	16.9	15.71	14.7
CAF357	08/20/2009	0.265	0.34	0.381	0.359	0.338	20.51	17.82	16.98	15.7	14.62
CAF357	08/21/2009	0.266	0.341	0.381	0.359	0.337	21.23	18.25	17.12	15.7	14.6
CAF357	08/22/2009	0.265	0.342	0.382	0.359	0.337	20.83	18.53	17.29	15.7	14.6
CAF357	08/23/2009	0.263	0.342	0.382	0.359	0.337	20.18	18.53	17.43	15.78	14.6
CAF357	08/24/2009	0.261	0.341	0.382	0.359	0.337	19.45	18.3	17.5	15.81	14.6
CAF357	08/25/2009	0.261	0.34	0.382	0.359	0.337	19.55	18.14	17.41	15.9	14.7
CAF357	08/26/2009	0.261	0.34	0.382	0.359	0.337	19.5	18.07	17.4	15.9	14.7
CAF357	08/27/2009	0.261	0.339	0.382	0.359	0.337	19.71	18.05	17.32	15.9	14.7
CAF357	08/28/2009	0.261	0.339	0.382	0.359	0.337	20.16	18.16	17.3	15.85	14.7
CAF357	08/29/2009	0.262	0.339	0.382	0.359	0.337	20.34	18.28	17.4	15.88	14.7
CAF357	08/30/2009	0.26	0.339	0.382	0.359	0.337	20	18.32	17.4	15.9	14.7
CAF357	08/31/2009	0.261	0.339	0.382	0.359	0.337	20.48	18.38	17.45	15.9	14.7
CAF357	09/01/2009	0.261	0.34	0.382	0.36	0.337	20.73	18.52	17.5	15.9	14.78
CAF357	09/02/2009	0.261	0.34	0.382	0.36	0.337	20.82	18.68	17.59	15.95	14.8
CAF357	09/03/2009	0.261	0.34	0.382	0.36	0.337	20.85	18.78	17.66	16	14.8
CAF357	09/04/2009	0.257	0.339	0.383	0.36	0.337	19.63	18.65	17.7	16.03	14.8
CAF357	09/05/2009	0.256	0.338	0.382	0.36	0.337	19.53	18.36	17.69	16.1	14.9
CAF357	09/06/2009	0.254	0.338	0.382	0.36	0.337	19.13	18.22	17.6	16.1	14.9
CAF357	09/07/2009	0.252	0.337	0.382	0.36	0.337	17.95	17.9	17.52	16.09	14.9
CAF357	09/08/2009	0.25	0.335	0.382	0.36	0.337	17.02	17.36	17.34	16	14.9
CAF357	09/09/2009	0.25	0.334	0.381	0.36	0.337	16.97	16.96	17.1	15.94	14.9
CAF357	09/10/2009	0.25	0.333	0.381	0.359	0.336	17.1	16.74	16.88	15.83	14.9
CAF357	09/11/2009	0.25	0.333	0.38	0.359	0.336	17.51	16.7	16.73	15.72	14.82
CAF357	09/12/2009	0.251	0.333	0.38	0.359	0.336	18.05	16.77	16.61	15.61	14.8
CAF357	09/13/2009	0.251	0.333	0.38	0.359	0.336	18.48	16.96	16.6	15.54	14.71
CAF357	09/14/2009	0.251	0.333	0.38	0.359	0.336	18.44	17.08	16.6	15.5	14.7
CAF357	09/15/2009	0.25	0.333	0.38	0.358	0.335	18.38	17.1	16.69	15.5	14.64
CAF357	09/16/2009	0.251	0.333	0.38	0.358	0.335	18.66	17.13	16.7	15.5	14.6
CAF357	09/17/2009	0.251	0.333	0.38	0.358	0.335	18.95	17.28	16.7	15.5	14.6
CAF357	09/18/2009	0.25	0.333	0.38	0.358	0.335	18.24	17.27	16.7	15.5	14.6
CAF357	09/19/2009	0.25	0.333	0.38	0.358	0.335	18.14	17.17	16.7	15.5	14.6
CAF357	09/20/2009	0.249	0.332	0.38	0.358	0.335	17.4	17	16.7	15.5	14.6
CAF357	09/21/2009	0.249	0.331	0.38	0.358	0.335	16.48	16.64	16.6	15.45	14.6
CAF357	09/22/2009	0.248	0.33	0.379	0.358	0.334	16.41	16.3	16.44	15.4	14.6
CAF357	09/23/2009	0.249	0.33	0.379	0.358	0.334	17	16.2	16.27	15.32	14.58
CAF357	09/24/2009	0.249	0.33	0.379	0.358	0.334	17.45	16.29	16.2	15.25	14.5
CAF357	09/25/2009	0.248	0.33	0.378	0.358	0.334	17.37	16.38	16.2	15.2	14.5
CAF357	09/26/2009	0.248	0.33	0.378	0.357	0.334	17.08	16.36	16.2	15.16	14.44
CAF357	09/27/2009	0.248	0.329	0.378	0.357	0.334	16.4	16.21	16.11	15.1	14.4
CAF357	09/28/2009	0.247	0.328	0.378	0.357	0.333	15.93	15.9	16.04	15.1	14.4
CAF357	09/29/2009	0.247	0.328	0.378	0.357	0.333	15.73	15.68	15.9	15.01	14.39
CAF357	09/30/2009	0.246	0.326	0.378	0.357	0.333	14.25	15.33	15.76	14.95	14.3
CAF357	10/01/2009	0.245	0.325	0.377	0.357	0.333	13.2	14.71	15.53	14.86	14.3
CAF357	10/02/2009	0.245	0.323	0.376	0.356	0.333	13.06	14.23	15.23	14.73	14.21
CAF357	10/03/2009	0.244	0.322	0.376	0.356	0.332	12.37	13.84	14.94	14.56	14.15
CAF357	10/04/2009	0.244	0.321	0.375	0.355	0.332	11.94	13.42	14.66	14.4	14.07
CAF357	10/05/2009	0.244	0.32	0.375	0.355	0.332	11.77	13.07	14.39	14.21	13.96
CAF357	10/06/2009	0.243	0.319	0.374	0.354	0.331	11.37	12.79	14.12	14.03	13.85
CAF357	10/07/2009	0.243	0.318	0.373	0.354	0.331	11.27	12.51	13.88	13.85	13.74
CAF357	10/08/2009	0.243	0.317	0.373	0.353	0.33	10.85	12.27	13.65	13.66	13.63
CAF357	10/09/2009	0.243	0.316	0.373	0.353	0.33	10.81	12.02	13.39	13.48	13.49
CAF357	10/10/2009	0.242	0.315	0.372	0.353	0.33	9.54	11.7	13.16	13.32	13.37
CAF357	10/11/2009	0.241	0.314	0.372	0.352	0.329	8.29	11.09	12.88	13.15	13.25
CAF357	10/12/2009	0.241	0.312	0.371	0.351	0.329	7.33	10.45	12.53	12.94	13.13
CAF357	10/13/2009	0.24	0.31	0.37	0.351	0.328	7.37	9.9	12.13	12.71	12.97
CAF357	10/14/2009	0.242	0.312	0.369	0.35	0.328	8.38	9.71	11.79	12.46	12.82
CAF357	10/15/2009	0.247	0.315	0.368	0.35	0.327	8.99	9.87	11.56	12.22	12.65
CAF357	10/16/2009	0.247	0.314	0.368	0.349	0.327	9.75	10.03	11.49	12.03	12.48
CAF357	10/17/2009	0.248	0.315	0.368	0.349	0.326	10.59	10.35	11.43	11.87	12.34
CAF357	10/18/2009	0.248	0.315	0.368	0.349	0.326	11.03	10.66	11.5	11.8	12.21
CAF357	10/19/2009	0.247	0.316	0.368	0.348	0.326	10.53	10.8	11.6	11.71	12.1
CAF357	10/20/2009	0.247	0.316	0.368	0.348	0.325	10.25	10.72	11.6	11.7	12
CAF357	10/21/2009	0.247	0.316	0.368	0.348	0.325	10.01	10.65	11.6	11.7	11.95
CAF357	10/22/2009	0.246	0.315	0.368	0.348	0.325	9.73	10.46	11.5	11.6	11.9
CAF357	10/23/2009	0.249	0.315	0.368	0.348	0.325	9.46	10.36	11.42	11.58	11.81
CAF357	10/24/2009	0.255	0.314	0.368	0.348	0.324	9.12	10.14	11.33	11.5	11.77
CAF357	10/25/2009	0.253	0.314	0.368	0.348	0.324	8.24	9.89	11.2	11.42	11.7
CAF357	10/26/2009	0.255	0.313	0.367	0.347	0.324	8.08	9.53	11.03	11.33	11.63
CAF357	10/27/2009	0.261	0.315	0.367	0.347	0.324	7.65	9.3	10.84	11.22	11.55
CAF357	10/28/2009	0.259	0.316	0.366	0.347	0.323	6.75	8.95	10.65	11.08	11.47
CAF357	10/29/2009	0.258	0.316	0.366	0.346	0.323	6.09	8.48	10.41	10.95	11.38
CAF357	10/30/2009	0.257	0.315	0.366	0.346	0.323	6.03	8.08	10.13	10.78	11.27
CAF357	10/31/2009	0.258	0.315	0.365	0.346	0.322	7.3	8.05	9.87	10.61	11.16
CAF357	11/01/2009	0.259	0.316	0.365	0.345	0.322	7.6	8.28	9.8	10.44	11.04
CAF357	11/02/2009	0.258	0.316	0.365	0.345	0.321	6.7	8.26	9.72	10.32	10.92
CAF357	11/03/2009	0.257	0.316	0.365	0.345	0.321	5.94	7.93	9.65	10.22	10.81
CAF357	11/04/2009	0.256	0.315	0.364	0.344	0.321	5.77	7.6	9.45	10.11	10.72
CAF357	11/05/2009	0.256	0.315	0.364	0.344	0.32	6.27	7.46	9.25	9.97	10.62
CAF357	11/06/2009	0.256	0.315	0.364	0.344	0.32	6.99	7.57	9.13	9.84	10.51
CAF357	11/07/2009	0.256	0.315	0.364	0.343	0.32	6.53	7.67	9.1	9.72	10.4
CAF357	11/08/2009	0.255	0.314	0.364	0.343	0.32	6.27	7.54	9.04	9.64	10.3
CAF357	11/09/2009	0.255	0.314	0.364	0.343	0.319	5.77	7.34	8.95	9.56	10.21
CAF357	11/10/2009	0.255	0.313	0.363	0.343	0.319	6.01	7.2	8.83	9.47	10.13
CAF357	11/11/2009	0.255	0.313	0.363	0.343	0.319	5.99	7.17	8.68	9.37	10.05
CAF357	11/12/2009	0.254	0.313	0.363	0.342	0.318	5.58	7.05	8.64	9.28	9.93
CAF357	11/13/2009	0.254	0.313	0.363	0.342	0.318	5.06	6.83	8.54	9.19	9.89
CAF357	11/14/2009	0.253	0.312	0.362	0.342	0.318	4.53	6.52	8.36	9.09	9.8
CAF357	11/15/2009	0.253	0.311	0.362	0.342	0.318	4.2	6.23	8.15	8.98	9.71
CAF357	11/16/2009	0.252	0.31	0.362	0.341	0.317	3.93	5.95	8.04	8.85	9.63
CAF357	11/17/2009	0.252	0.31	0.362	0.341	0.317	4.17	5.75	7.85	8.73	9.53
CAF357	11/18/2009	0.252	0.31	0.362	0.341	0.317	4.58	5.79	7.71	8.59	9.43
CAF357	11/19/2009	0.252	0.31	0.361	0.341	0.316	4.24	5.76	7.57	8.47	9.33
CAF357	11/20/2009	0.252	0.31	0.361	0.34	0.316	4.22	5.62	7.52	8.37	9.23
CAF357	11/21/2009	0.252	0.31	0.361	0.34	0.316	4.24	5.6	7.42	8.27	9.13
CAF357	11/22/2009	0.252	0.309	0.361	0.34	0.315	3.84	5.46	7.34	8.17	9.04
CAF357	11/23/2009	0.253	0.309	0.361	0.34	0.315	3.52	5.27	7.23	8.08	8.95
CAF357	11/24/2009	0.253	0.308	0.361	0.34	0.315	3.4	5.09	7.06	7.98	8.87
CAF357	11/25/2009	0.267	0.312	0.36	0.34	0.315	3.28	4.93	6.96	7.87	8.78
CAF357	11/26/2009	0.268	0.331	0.36	0.34	0.314	3.69	4.8	6.84	7.77	8.69
CAF357	11/27/2009	0.273	0.335	0.36	0.34	0.314	4.14	4.91	6.69	7.66	8.6
CAF357	11/28/2009	0.272	0.342	0.36	0.339	0.314	4.12	5	6.7	7.57	8.5
CAF357	11/29/2009	0.269	0.341	0.361	0.339	0.314	3.92	5	6.7	7.5	8.42
CAF357	11/30/2009	0.268	0.339	0.362	0.339	0.313	3.68	4.95	6.62	7.43	8.35
CAF357	12/01/2009	0.267	0.338	0.362	0.338	0.313	3.55	4.83	6.58	7.39	8.3
CAF357	12/02/2009	0.266	0.337	0.363	0.338	0.313	3.16	4.7	6.49	7.3	8.2
CAF357	12/03/2009	0.264	0.335	0.363	0.338	0.313	2.63	4.48	6.38	7.22	8.15
CAF357	12/04/2009	0.263	0.334	0.363	0.338	0.313	2.17	4.22	6.24	7.14	8.09
CAF357	12/05/2009	0.263	0.333	0.363	0.337	0.312	1.87	3.98	6.07	7.04	8
CAF357	12/06/2009	0.262	0.332	0.364	0.337	0.312	1.64	3.77	5.86	6.93	7.91
CAF357	12/07/2009	0.264	0.331	0.364	0.337	0.312	1.21	3.58	5.73	6.78	7.83
CAF357	12/08/2009	0.263	0.329	0.363	0.337	0.312	0.72	3.35	5.55	6.65	7.73
CAF357	12/09/2009	0.254	0.327	0.363	0.337	0.311	0.33	3.08	5.36	6.53	7.63
CAF357	12/10/2009	0.235	0.324	0.363	0.337	0.311	0	2.82	5.13	6.36	7.53
CAF357	12/11/2009	0.209	0.323	0.363	0.337	0.311	-0.26	2.59	4.97	6.23	7.42
CAF357	12/12/2009	0.205	0.321	0.362	0.337	0.31	-0.26	2.4	4.78	6.06	7.3
CAF357	12/13/2009	0.205	0.319	0.362	0.336	0.31	-0.1	2.26	4.62	5.92	7.17
CAF357	12/14/2009	0.206	0.318	0.362	0.336	0.31	-0.04	2.18	4.47	5.76	7.06
CAF357	12/15/2009	0.208	0.316	0.362	0.335	0.31	0.03	2.1	4.35	5.64	6.94
CAF357	12/16/2009	0.222	0.321	0.362	0.335	0.309	0.2	1.95	4.25	5.51	6.83
CAF357	12/17/2009	0.234	0.336	0.365	0.336	0.309	0.23	1.48	4	5.33	6.71
CAF357	12/18/2009	0.24	0.338	0.372	0.341	0.309	0.26	1.3	3.69	5.05	6.55
CAF357	12/19/2009	0.244	0.34	0.377	0.344	0.309	0.3	1.27	3.55	4.85	6.37
CAF357	12/20/2009	0.251	0.343	0.381	0.348	0.31	0.3	1.11	3.41	4.69	6.23
CAF357	12/21/2009	0.293	0.346	0.386	0.351	0.312	0.35	1.01	3.23	4.52	6.06
CAF357	12/22/2009	0.296	0.345	0.388	0.354	0.316	0.31	1.04	3.1	4.35	5.93
CAF357	12/23/2009	0.276	0.342	0.386	0.354	0.319	0.3	1.24	3.06	4.3	5.78
CAF357	12/24/2009	0.264	0.338	0.384	0.354	0.321	0.3	1.37	3.2	4.3	5.7
CAF357	12/25/2009	0.266	0.336	0.383	0.354	0.323	0.33	1.5	3.25	4.3	5.6
CAF357	12/26/2009	0.267	0.334	0.381	0.353	0.323	0.4	1.58	3.3	4.3	5.6
CAF357	12/27/2009	0.267	0.334	0.38	0.352	0.324	0.4	1.6	3.3	4.3	5.51
CAF357	12/28/2009	0.268	0.334	0.379	0.352	0.324	0.47	1.68	3.27	4.3	5.5
CAF357	12/29/2009	0.268	0.333	0.379	0.351	0.324	0.5	1.7	3.34	4.26	5.46
CAF357	12/30/2009	0.269	0.332	0.378	0.351	0.324	0.53	1.7	3.4	4.2	5.4
CAF357	12/31/2009	0.27	0.331	0.377	0.35	0.324	0.6	1.7	3.4	4.2	5.4
CAF357	01/01/2010	0.27	0.327	0.376	0.35	0.323	0.6	1.7	3.34	4.2	5.34
CAF357	01/02/2010	0.303	0.328	0.376	0.35	0.323	0.63	1.71	3.4	4.2	5.3
CAF357	01/03/2010	0.297	0.33	0.375	0.35	0.323	0.7	1.79	3.4	4.2	5.3
CAF357	01/04/2010	0.31	0.336	0.376	0.349	0.323	0.68	1.74	3.4	4.2	5.22
CAF357	01/05/2010	0.362	0.353	0.384	0.352	0.323	0.46	1.01	3.23	4.12	5.2
CAF357	01/06/2010	0.316	0.346	0.384	0.354	0.325	0.57	1.23	3.05	3.9	5.1
CAF357	01/07/2010	0.294	0.344	0.381	0.353	0.327	0.77	1.64	3.15	3.87	4.9
CAF357	01/08/2010	0.338	0.352	0.386	0.355	0.327	0.67	1.31	3.11	3.87	4.9
CAF357	01/09/2010	0.366	0.354	0.388	0.357	0.329	0.54	0.92	2.91	3.76	4.8
CAF357	01/10/2010	0.347	0.355	0.389	0.359	0.334	0.63	1.1	2.74	3.62	4.75
CAF357	01/11/2010	0.334	0.353	0.388	0.359	0.337	0.72	1.27	2.76	3.56	4.69
CAF357	01/12/2010	0.329	0.352	0.388	0.359	0.339	0.98	1.42	2.77	3.51	4.6
CAF357	01/13/2010	0.324	0.351	0.388	0.36	0.34	1.5	1.55	2.82	3.51	4.6
CAF357	01/14/2010	0.319	0.35	0.388	0.36	0.341	2.02	1.76	2.9	3.59	4.6
CAF357	01/15/2010	0.313	0.347	0.387	0.359	0.341	2.35	2.08	2.99	3.6	4.53
CAF357	01/16/2010	0.308	0.346	0.386	0.359	0.341	2.37	2.33	3.13	3.6	4.5
CAF357	01/17/2010	0.304	0.344	0.386	0.358	0.341	2.32	2.47	3.25	3.68	4.5
CAF357	01/18/2010	0.3	0.343	0.385	0.358	0.341	2.09	2.5	3.35	3.7	4.5
CAF357	01/19/2010	0.299	0.342	0.384	0.358	0.341	1.77	2.5	3.4	3.79	4.58
CAF357	01/20/2010	0.301	0.341	0.384	0.358	0.341	1.68	2.4	3.4	3.8	4.6
CAF357	01/21/2010	0.306	0.342	0.383	0.358	0.34	1.85	2.4	3.4	3.8	4.6
CAF357	01/22/2010	0.306	0.345	0.384	0.358	0.34	2.11	2.45	3.4	3.85	4.6
CAF357	01/23/2010	0.305	0.345	0.385	0.358	0.34	2.4	2.6	3.5	3.9	4.6
CAF357	01/24/2010	0.302	0.345	0.385	0.359	0.34	2.34	2.7	3.54	3.9	4.6
CAF357	01/25/2010	0.301	0.343	0.385	0.359	0.34	2.42	2.76	3.6	3.9	4.6
CAF357	01/26/2010	0.3	0.343	0.385	0.359	0.341	2.58	2.81	3.65	3.94	4.6
CAF357	01/27/2010	0.302	0.342	0.384	0.359	0.341	2.67	2.95	3.7	4	4.6
CAF357	01/28/2010	0.307	0.344	0.384	0.359	0.341	2.34	2.92	3.79	4	4.64
CAF357	01/29/2010	0.31	0.347	0.386	0.359	0.341	2.5	2.9	3.8	4.03	4.7
CAF357	01/30/2010	0.306	0.347	0.387	0.36	0.341	2.5	2.98	3.77	4.1	4.7
CAF357	01/31/2010	0.304	0.345	0.386	0.361	0.342	2.68	3	3.8	4.1	4.7
CAF357	02/01/2010	0.303	0.345	0.386	0.361	0.343	3.05	3.08	3.82	4.1	4.7
CAF357	02/02/2010	0.304	0.345	0.386	0.36	0.343	3.12	3.2	3.88	4.1	4.7
CAF357	02/03/2010	0.301	0.345	0.386	0.36	0.343	2.8	3.26	4	4.16	4.7
CAF357	02/04/2010	0.301	0.344	0.385	0.36	0.343	2.74	3.2	3.97	4.2	4.7
CAF357	02/05/2010	0.3	0.343	0.385	0.36	0.343	2.8	3.2	4	4.2	4.78
CAF357	02/06/2010	0.299	0.343	0.385	0.36	0.342	2.87	3.2	4.01	4.2	4.8
CAF357	02/07/2010	0.298	0.342	0.384	0.36	0.342	3.1	3.3	4.1	4.26	4.8
CAF357	02/08/2010	0.3	0.342	0.384	0.36	0.342	3.62	3.42	4.1	4.3	4.8
CAF357	02/09/2010	0.301	0.342	0.384	0.36	0.342	3.67	3.57	4.18	4.3	4.8
CAF357	02/10/2010	0.302	0.343	0.384	0.36	0.342	3.87	3.66	4.26	4.35	4.8
CAF357	02/11/2010	0.311	0.345	0.384	0.36	0.342	4.4	3.78	4.34	4.4	4.86
CAF357	02/12/2010	0.307	0.347	0.386	0.36	0.342	4.6	4.02	4.44	4.43	4.9
CAF357	02/13/2010	0.305	0.347	0.386	0.361	0.342	4.6	4.12	4.56	4.5	4.9
CAF357	02/14/2010	0.302	0.346	0.386	0.361	0.342	4.18	4.18	4.67	4.58	4.94
CAF357	02/15/2010	0.299	0.345	0.386	0.361	0.342	3.73	4.06	4.7	4.63	5
CAF357	02/16/2010	0.297	0.344	0.386	0.361	0.343	3.24	3.91	4.7	4.7	5
CAF357	02/17/2010	0.294	0.342	0.385	0.361	0.343	2.67	3.7	4.66	4.7	5.09
CAF357	02/18/2010	0.292	0.341	0.384	0.361	0.343	2.22	3.48	4.56	4.7	5.1
CAF357	02/19/2010	0.29	0.339	0.384	0.36	0.343	2.02	3.26	4.41	4.7	5.1
CAF357	02/20/2010	0.29	0.338	0.383	0.36	0.342	2	3.12	4.33	4.6	5.1
CAF357	02/21/2010	0.295	0.337	0.382	0.36	0.342	2.46	3.06	4.21	4.58	5.1
CAF357	02/22/2010	0.296	0.338	0.382	0.36	0.342	2.9	3.16	4.19	4.5	5.04
CAF357	02/23/2010	0.297	0.339	0.381	0.359	0.342	3.77	3.35	4.2	4.5	5
CAF357	02/24/2010	0.297	0.34	0.381	0.359	0.342	4.18	3.64	4.18	4.46	5
CAF357	02/25/2010	0.296	0.34	0.381	0.359	0.341	4.19	3.79	4.36	4.5	5
CAF357	02/26/2010	0.295	0.34	0.381	0.359	0.341	4.42	3.95	4.46	4.5	5
CAF357	02/27/2010	0.294	0.34	0.381	0.359	0.341	4.44	4.08	4.55	4.57	5.01
CAF357	02/28/2010	0.294	0.339	0.381	0.359	0.34	4.47	4.11	4.65	4.6	5.1
CAF357	03/01/2010	0.294	0.339	0.381	0.359	0.34	4.7	4.2	4.7	4.68	5.1
CAF357	03/02/2010	0.294	0.339	0.381	0.358	0.34	4.66	4.3	4.8	4.7	5.1
CAF357	03/03/2010	0.293	0.339	0.381	0.358	0.34	4.79	4.38	4.82	4.79	5.1
CAF357	03/04/2010	0.292	0.338	0.381	0.358	0.34	4.8	4.47	4.87	4.8	5.2
CAF357	03/05/2010	0.29	0.338	0.381	0.358	0.34	3.95	4.39	4.99	4.87	5.2
CAF357	03/06/2010	0.289	0.337	0.38	0.358	0.34	3.32	4.12	4.97	4.9	5.2
CAF357	03/07/2010	0.287	0.336	0.38	0.358	0.34	3.03	3.93	4.89	4.9	5.2
CAF357	03/08/2010	0.288	0.335	0.38	0.358	0.34	3.46	3.8	4.8	4.9	5.27
CAF357	03/09/2010	0.288	0.335	0.379	0.358	0.34	3.77	3.9	4.71	4.9	5.3
CAF357	03/10/2010	0.289	0.334	0.379	0.358	0.339	3.62	3.9	4.7	4.87	5.25
CAF357	03/11/2010	0.289	0.334	0.379	0.357	0.339	3.93	3.94	4.67	4.8	5.2
CAF357	03/12/2010	0.289	0.334	0.379	0.357	0.339	4.55	4.08	4.77	4.8	5.2
CAF357	03/13/2010	0.289	0.335	0.379	0.357	0.339	5.19	4.34	4.83	4.83	5.26
CAF357	03/14/2010	0.286	0.335	0.379	0.357	0.339	4.54	4.48	4.94	4.9	5.3
CAF357	03/15/2010	0.285	0.334	0.378	0.357	0.339	4.24	4.37	5	4.9	5.3
CAF357	03/16/2010	0.284	0.334	0.378	0.357	0.338	4.33	4.33	5	4.99	5.3
CAF357	03/17/2010	0.283	0.333	0.378	0.356	0.338	4.71	4.38	5	5	5.39
CAF357	03/18/2010	0.283	0.333	0.378	0.356	0.338	4.69	4.48	5.04	5	5.4
CAF357	03/19/2010	0.284	0.333	0.378	0.356	0.338	4.61	4.5	5.1	5	5.4
CAF357	03/20/2010	0.283	0.333	0.378	0.356	0.338	4.88	4.52	5.1	5	5.4
CAF357	03/21/2010	0.283	0.333	0.377	0.356	0.338	5.12	4.67	5.15	5.1	5.4
CAF357	03/22/2010	0.282	0.333	0.377	0.356	0.338	5.02	4.7	5.2	5.1	5.4
CAF357	03/23/2010	0.281	0.332	0.377	0.356	0.338	4.91	4.72	5.29	5.1	5.45
CAF357	03/24/2010	0.282	0.332	0.377	0.355	0.338	5.63	4.81	5.27	5.17	5.5
CAF357	03/25/2010	0.286	0.332	0.377	0.355	0.337	6.26	5.1	5.36	5.2	5.5
CAF357	03/26/2010	0.293	0.332	0.377	0.355	0.337	5.65	5.27	5.48	5.22	5.5
CAF357	03/27/2010	0.292	0.333	0.377	0.355	0.337	5.2	5.15	5.57	5.3	5.51
CAF357	03/28/2010	0.29	0.334	0.377	0.355	0.337	4.95	5.06	5.6	5.35	5.6
CAF357	03/29/2010	0.289	0.334	0.377	0.355	0.337	4.32	4.92	5.56	5.4	5.57
CAF357	03/30/2010	0.29	0.335	0.377	0.355	0.337	3.74	4.6	5.5	5.4	5.6
CAF357	03/31/2010	0.289	0.335	0.377	0.355	0.337	3.8	4.43	5.38	5.4	5.6
CAF357	04/01/2010	0.288	0.335	0.377	0.355	0.337	3.87	4.36	5.3	5.34	5.6
CAF357	04/02/2010	0.287	0.335	0.377	0.355	0.337	4	4.3	5.21	5.3	5.6
CAF357	04/03/2010	0.287	0.335	0.377	0.354	0.337	4.46	4.38	5.2	5.3	5.6
CAF357	04/04/2010	0.287	0.335	0.377	NA	0.336	5.18	4.6	5.2	NA	5.6
CAF357	04/05/2010	0.285	0.335	0.377	NA	0.336	4.25	4.64	5.25	NA	5.61
CAF357	04/06/2010	0.284	0.335	0.377	NA	0.335	4.35	4.5	5.3	NA	5.7
CAF357	04/07/2010	0.285	0.335	0.377	NA	0.335	5.52	4.65	5.3	NA	5.7
CAF357	04/08/2010	0.286	0.335	0.377	NA	0.336	6.51	5.08	5.31	NA	5.7
CAF357	04/09/2010	0.29	0.335	0.378	NA	0.336	6.41	5.44	5.51	NA	5.7
CAF357	04/10/2010	0.292	0.335	0.378	NA	0.336	6.54	5.54	5.66	NA	5.7
CAF357	04/11/2010	0.292	0.337	0.378	NA	0.336	7.33	5.86	5.77	NA	5.7
CAF357	04/12/2010	0.292	0.338	0.378	NA	0.336	8.01	6.24	5.92	NA	5.74
CAF357	04/13/2010	0.293	0.339	0.378	NA	0.336	9.2	6.73	6.14	NA	5.8
CAF357	04/14/2010	0.299	0.341	0.379	NA	0.336	9.87	7.32	6.45	NA	5.84
CAF357	04/15/2010	0.299	0.343	0.38	NA	0.336	9.98	7.77	6.76	NA	5.92
CAF357	04/16/2010	0.298	0.344	0.38	NA	0.336	10.05	8.01	6.97	NA	6
CAF357	04/17/2010	NA	NA	NA	NA	NA	NA	NA	NA	NA	NA
CAF357	09/02/2011	0.107	0.218	0.219	0.224	0.212	16.93	16.33	15.82	14.2	13.3
CAF357	09/03/2011	0.107	0.218	0.219	0.224	0.212	16.5	16.2	15.78	14.2	13.3
CAF357	09/04/2011	0.107	0.218	0.219	0.224	0.213	16.34	15.97	15.66	14.2	13.3
CAF357	09/05/2011	0.107	0.217	0.219	0.224	0.213	16.54	15.92	15.58	14.2	13.39
CAF357	09/06/2011	0.107	0.217	0.219	0.224	0.213	16.75	15.98	15.5	14.2	13.4
CAF357	09/07/2011	0.106	0.218	0.219	0.224	0.213	16.94	16.08	15.5	14.1	13.4
CAF357	09/08/2011	0.107	0.218	0.219	0.224	0.213	17.28	16.19	15.55	14.1	13.4
CAF357	09/09/2011	0.107	0.218	0.219	0.224	0.214	17.52	16.38	15.62	14.2	13.4
CAF357	09/10/2011	0.107	0.218	0.219	0.224	0.214	17.64	16.5	15.7	14.2	13.4
CAF357	09/11/2011	0.107	0.218	0.219	0.224	0.214	17.78	16.66	15.8	14.25	13.44
CAF357	09/12/2011	0.107	0.218	0.219	0.224	0.214	17.9	16.77	15.87	14.3	13.5
CAF357	09/13/2011	0.106	0.219	0.22	0.224	0.214	17.88	16.84	15.95	14.37	13.5
CAF357	09/14/2011	0.106	0.219	0.22	0.225	0.214	17.7	16.84	16	14.4	13.58
CAF357	09/15/2011	0.106	0.219	0.22	0.225	0.214	17.63	16.82	16.02	14.49	13.6
CAF357	09/16/2011	0.105	0.218	0.22	0.225	0.215	16.6	16.59	16.05	14.5	13.64
CAF357	09/17/2011	0.104	0.218	0.22	0.225	0.215	15.84	16.14	15.93	14.5	13.7
CAF357	09/18/2011	0.104	0.218	0.219	0.225	0.215	15.59	15.77	15.74	14.5	13.7
CAF357	09/19/2011	0.104	0.217	0.219	0.225	0.215	15.69	15.6	15.55	14.41	13.7
CAF357	09/20/2011	0.103	0.216	0.219	0.225	0.215	15.48	15.51	15.42	14.33	13.7
CAF357	09/21/2011	0.103	0.216	0.219	0.225	0.215	15.24	15.32	15.32	14.28	13.7
CAF357	09/22/2011	0.103	0.216	0.219	0.224	0.215	15.33	15.17	15.21	14.2	13.63
CAF357	09/23/2011	0.103	0.216	0.219	0.224	0.215	15.7	15.2	15.1	14.12	13.6
CAF357	09/24/2011	0.103	0.216	0.219	0.224	0.215	16.07	15.37	15.1	14.1	13.6
CAF357	09/25/2011	0.103	0.216	0.219	0.224	0.215	16.36	15.55	15.1	14.04	13.56
CAF357	09/26/2011	0.103	0.216	0.219	0.224	0.215	15.61	15.53	15.2	14.02	13.5
CAF357	09/27/2011	0.102	0.215	0.219	0.224	0.215	15.18	15.24	15.14	14.06	13.5
CAF357	09/28/2011	0.102	0.215	0.219	0.224	0.215	14.59	14.98	15.03	14	13.5
CAF357	09/29/2011	0.101	0.215	0.218	0.224	0.215	13.9	14.57	14.86	13.99	13.5
CAF357	09/30/2011	0.101	0.214	0.218	0.224	0.216	13.81	14.23	14.66	13.89	13.5
CAF357	10/01/2011	0.101	0.214	0.218	0.224	0.216	14.31	14.17	14.47	13.78	13.44
CAF357	10/02/2011	0.101	0.214	0.218	0.224	0.216	14.39	14.28	14.4	13.7	13.4
CAF357	10/03/2011	0.101	0.214	0.218	0.224	0.216	14.37	14.21	14.34	13.6	13.34
CAF357	10/04/2011	0.101	0.214	0.218	0.224	0.216	14.15	14.18	14.3	13.58	13.3
CAF357	10/05/2011	0.101	0.214	0.218	0.224	0.216	13.5	14	14.23	13.5	13.28
CAF357	10/06/2011	0.1	0.213	0.217	0.224	0.216	12.6	13.64	14.07	13.47	13.2
CAF357	10/07/2011	0.1	0.213	0.217	0.224	0.216	11.8	13.11	13.85	13.38	13.2
CAF357	10/08/2011	0.1	0.212	0.217	0.224	0.216	11.45	12.7	13.61	13.22	13.12
CAF357	10/09/2011	0.1	0.212	0.217	0.224	0.216	11.32	12.4	13.36	13.11	13.07
CAF357	10/10/2011	0.1	0.212	0.216	0.223	0.216	11.34	12.24	13.14	12.95	12.98
CAF357	10/11/2011	0.1	0.211	0.216	0.223	0.216	11.29	12.1	12.95	12.81	12.89
CAF357	10/12/2011	0.1	0.211	0.216	0.223	0.216	11.12	11.97	12.82	12.67	12.8
CAF357	10/13/2011	0.1	0.211	0.216	0.223	0.216	10.8	11.78	12.66	12.55	12.7
CAF357	10/14/2011	0.1	0.211	0.215	0.223	0.216	10.81	11.61	12.52	12.43	12.61
CAF357	10/15/2011	0.1	0.211	0.215	0.223	0.216	10.94	11.56	12.37	12.32	12.53
CAF357	10/16/2011	0.101	0.211	0.215	0.223	0.216	10.87	11.52	12.3	12.21	12.44
CAF357	10/17/2011	0.101	0.211	0.215	0.223	0.216	10.15	11.33	12.19	12.11	12.37
CAF357	10/18/2011	0.1	0.21	0.215	0.222	0.216	9.62	10.99	12.05	12.02	12.3
CAF357	10/19/2011	0.1	0.21	0.215	0.222	0.216	9.52	10.72	11.82	11.91	12.2
CAF357	10/20/2011	0.101	0.21	0.214	0.222	0.216	9.65	10.6	11.67	11.78	12.13
CAF357	10/21/2011	0.101	0.21	0.214	0.222	0.216	9.97	10.6	11.54	11.66	12.04
CAF357	10/22/2011	0.101	0.21	0.214	0.222	0.216	10.28	10.68	11.5	11.56	11.95
CAF357	10/23/2011	0.102	0.21	0.214	0.222	0.216	10.5	10.78	11.37	11.49	11.88
CAF357	10/24/2011	0.102	0.21	0.214	0.222	0.215	10.5	10.89	11.4	11.4	11.8
CAF357	10/25/2011	0.101	0.21	0.214	0.222	0.215	9.35	10.66	11.4	11.4	11.73
CAF357	10/26/2011	0.1	0.209	0.214	0.222	0.215	8.15	10.12	11.29	11.32	11.7
CAF357	10/27/2011	0.1	0.209	0.214	0.222	0.215	7.62	9.57	11.03	11.24	11.63
CAF357	10/28/2011	0.1	0.208	0.213	0.222	0.215	7.13	9.16	10.73	11.09	11.57
CAF357	10/29/2011	0.1	0.208	0.213	0.221	0.215	7.39	8.88	10.45	10.92	11.47
CAF357	10/30/2011	0.1	0.208	0.213	0.221	0.215	7.38	8.79	10.24	10.75	11.37
CAF357	10/31/2011	0.101	0.208	0.213	0.221	0.215	7.92	8.78	10.08	10.59	11.25
CAF357	11/01/2011	0.1	0.208	0.213	0.221	0.215	7.23	8.79	10	10.46	11.15
CAF357	11/02/2011	0.1	0.207	0.212	0.221	0.215	6.14	8.36	9.87	10.35	11.05
CAF357	11/03/2011	0.1	0.207	0.212	0.221	0.215	5.67	7.87	9.63	10.24	10.96
CAF357	11/04/2011	0.1	0.207	0.212	0.221	0.215	5.86	7.63	9.38	10.06	10.85
CAF357	11/05/2011	0.1	0.206	0.212	0.22	0.215	5.35	7.44	9.22	9.9	10.74
CAF357	11/06/2011	0.1	0.206	0.211	0.22	0.215	4.87	7.09	9.01	9.74	10.63
CAF357	11/07/2011	0.1	0.205	0.211	0.22	0.214	4.45	6.75	8.79	9.58	10.51
CAF357	11/08/2011	0.1	0.205	0.211	0.22	0.214	4.25	6.45	8.54	9.41	10.38
CAF357	11/09/2011	0.1	0.205	0.211	0.22	0.214	4.38	6.29	8.33	9.23	10.26
CAF357	11/10/2011	0.1	0.205	0.21	0.22	0.214	4.5	6.2	8.16	9.06	10.14
CAF357	11/11/2011	0.1	0.205	0.21	0.22	0.214	4.53	6.18	8.03	8.92	10.01
CAF357	11/12/2011	0.101	0.205	0.21	0.219	0.214	4.61	6.1	7.92	8.77	9.88
CAF357	11/13/2011	0.104	0.205	0.21	0.219	0.214	4.36	6.05	7.82	8.66	9.77
CAF357	11/14/2011	0.118	0.205	0.21	0.219	0.214	4.52	6	7.72	8.55	9.67
CAF357	11/15/2011	0.134	0.205	0.21	0.219	0.214	4.23	5.93	7.64	8.45	9.57
CAF357	11/16/2011	0.14	0.205	0.21	0.219	0.214	3.59	5.65	7.54	8.36	9.48
CAF357	11/17/2011	0.148	0.205	0.21	0.219	0.214	3.13	5.33	7.36	8.26	9.39
CAF357	11/18/2011	0.162	0.204	0.209	0.219	0.214	3	5.07	7.2	8.14	9.3
CAF357	11/19/2011	0.167	0.204	0.209	0.218	0.214	3	4.93	7.03	8.01	9.2
CAF357	11/20/2011	0.169	0.204	0.209	0.218	0.214	3.08	4.83	6.87	7.87	9.09
CAF357	11/21/2011	0.17	0.204	0.209	0.218	0.214	3.1	4.8	6.76	7.75	8.99
CAF357	11/22/2011	0.216	0.204	0.209	0.218	0.214	3.06	4.66	6.66	7.63	8.9
CAF357	11/23/2011	0.217	0.205	0.209	0.218	0.214	3.85	4.75	6.57	7.53	8.8
CAF357	11/24/2011	0.211	0.205	0.209	0.218	0.214	4.45	5.09	6.6	7.45	8.7
CAF357	11/25/2011	0.211	0.205	0.209	0.218	0.214	4.42	5.25	6.65	7.4	8.62
CAF357	11/26/2011	0.21	0.205	0.209	0.218	0.213	3.9	5.22	6.7	7.4	8.56
CAF357	11/27/2011	0.208	0.206	0.209	0.218	0.214	3.56	4.99	6.59	7.38	8.5
CAF357	11/28/2011	0.209	0.206	0.209	0.218	0.214	3.75	4.9	6.56	7.3	8.46
CAF357	11/29/2011	0.209	0.206	0.209	0.218	0.214	3.66	4.88	6.5	7.25	8.4
CAF357	11/30/2011	0.208	0.206	0.209	0.218	0.213	3.7	4.8	6.43	7.2	8.34
CAF357	12/01/2011	0.207	0.206	0.209	0.218	0.213	3.45	4.77	6.4	7.12	8.3
CAF357	12/02/2011	0.205	0.206	0.209	0.218	0.213	3.02	4.57	6.31	7.1	8.22
CAF357	12/03/2011	0.203	0.206	0.209	0.218	0.213	2.71	4.34	6.2	7	8.2
CAF357	12/04/2011	0.201	0.206	0.208	0.218	0.213	2.48	4.14	6.07	6.93	8.1
CAF357	12/05/2011	0.199	0.206	0.208	0.218	0.213	2.29	3.97	5.94	6.84	8.05
CAF357	12/06/2011	0.196	0.207	0.208	0.217	0.213	2.07	3.83	5.78	6.74	8
CAF357	12/07/2011	0.194	0.207	0.208	0.217	0.213	1.94	3.69	5.64	6.64	7.9
CAF357	12/08/2011	0.192	0.207	0.208	0.217	0.213	1.83	3.58	5.55	6.54	7.83
CAF357	12/09/2011	0.19	0.207	0.208	0.217	0.213	1.66	3.46	5.43	6.44	7.75
CAF357	12/10/2011	0.189	0.208	0.207	0.217	0.213	1.57	3.34	5.29	6.34	7.68
CAF357	12/11/2011	0.187	0.208	0.207	0.217	0.213	1.5	3.25	5.2	6.24	7.6
CAF357	12/12/2011	0.185	0.208	0.207	0.217	0.213	1.43	3.16	5.1	6.14	7.5
CAF357	12/13/2011	0.184	0.208	0.207	0.217	0.213	1.37	3.1	5	6.05	7.43
CAF357	12/14/2011	0.183	0.208	0.207	0.217	0.213	1.3	3.01	4.9	5.95	7.35
CAF357	12/15/2011	0.182	0.208	0.207	0.217	0.213	1.3	2.94	4.81	5.87	7.28
CAF357	12/16/2011	0.182	0.209	0.207	0.217	0.213	1.29	2.9	4.75	5.79	7.2
CAF357	12/17/2011	0.181	0.209	0.207	0.217	0.213	1.3	2.9	4.7	5.7	7.1
CAF357	12/18/2011	0.181	0.209	0.207	0.217	0.213	1.3	2.9	4.58	5.63	7.04
CAF357	12/19/2011	0.181	0.209	0.207	0.217	0.213	1.3	2.86	4.6	5.58	6.99
CAF357	12/20/2011	0.181	0.21	0.207	0.217	0.213	1.3	2.8	4.5	5.5	6.9
CAF357	12/21/2011	0.181	0.21	0.207	0.217	0.213	1.3	2.8	4.5	5.45	6.85
CAF357	12/22/2011	0.181	0.21	0.207	0.216	0.212	1.25	2.8	4.43	5.4	6.8
CAF357	12/23/2011	0.18	0.21	0.207	0.216	0.213	1.11	2.72	4.4	5.34	6.71
CAF357	12/24/2011	0.179	0.21	0.207	0.217	0.213	1	2.68	4.35	5.3	6.69
CAF357	12/25/2011	0.178	0.211	0.207	0.217	0.213	1	2.6	4.3	5.21	6.6
CAF357	12/26/2011	0.178	0.211	0.207	0.216	0.213	1	2.6	4.2	5.19	6.57
CAF357	12/27/2011	0.177	0.211	0.207	0.216	0.213	1	2.55	4.2	5.1	6.5
CAF357	12/28/2011	0.187	0.211	0.207	0.216	0.213	0.98	2.5	4.11	5.08	6.45
CAF357	12/29/2011	0.205	0.211	0.207	0.216	0.213	0.97	2.5	4.07	5	6.4
CAF357	12/30/2011	0.22	0.233	0.206	0.216	0.213	0.93	2.44	4.02	4.98	6.33
CAF357	12/31/2011	0.22	0.283	0.206	0.215	0.213	1.04	2.4	3.97	4.9	6.3
CAF357	01/01/2012	0.216	0.285	0.206	0.215	0.213	1.13	2.41	3.87	4.82	6.22
CAF357	01/02/2012	0.215	0.285	0.206	0.215	0.213	1.23	2.5	3.9	4.8	6.2
CAF357	01/03/2012	0.215	0.284	0.206	0.215	0.213	1.35	2.5	3.9	4.79	6.11
CAF357	01/04/2012	0.215	0.284	0.206	0.215	0.213	1.48	2.57	3.9	4.7	6.1
CAF357	01/05/2012	0.216	0.284	0.206	0.215	0.213	1.96	2.66	3.87	4.7	6.04
CAF357	01/06/2012	0.214	0.284	0.206	0.215	0.213	2.05	2.86	3.93	4.7	6
CAF357	01/07/2012	0.213	0.284	0.207	0.215	0.213	1.82	2.9	4	4.7	6
CAF357	01/08/2012	0.213	0.284	0.207	0.215	0.213	1.76	2.8	4	4.7	5.93
CAF357	01/09/2012	0.212	0.284	0.207	0.215	0.213	1.78	2.8	4	4.7	5.9
CAF357	01/10/2012	0.213	0.283	0.207	0.215	0.213	1.89	2.85	4	4.7	5.9
CAF357	01/11/2012	0.212	0.282	0.207	0.215	0.213	1.84	2.9	4	4.7	5.9
CAF357	01/12/2012	0.209	0.282	0.206	0.215	0.213	1.67	2.84	3.97	4.7	5.9
CAF357	01/13/2012	0.207	0.282	0.207	0.215	0.213	1.57	2.8	3.97	4.7	5.89
CAF357	01/14/2012	0.206	0.283	0.207	0.215	0.213	1.5	2.7	4	4.67	5.8
CAF357	01/15/2012	0.205	0.281	0.207	0.215	0.213	1.48	2.7	3.93	4.6	5.8
CAF357	01/16/2012	0.204	0.28	0.207	0.215	0.213	1.4	2.63	3.9	4.6	5.8
CAF357	01/17/2012	0.204	0.279	0.207	0.215	0.213	1.4	2.6	3.89	4.6	5.8
CAF357	01/18/2012	0.203	0.279	0.207	0.215	0.213	1.4	2.6	3.8	4.54	5.75
CAF357	01/19/2012	0.208	0.278	0.207	0.215	0.213	1.37	2.6	3.8	4.5	5.7
CAF357	01/20/2012	0.227	0.277	0.207	0.215	0.213	1.29	2.52	3.8	4.5	5.7
CAF357	01/21/2012	0.248	0.29	0.207	0.215	0.213	1.14	2.48	3.75	4.47	5.65
CAF357	01/22/2012	0.239	0.301	0.207	0.215	0.213	1.19	2.4	3.7	4.41	5.6
CAF357	01/23/2012	0.234	0.299	0.207	0.215	0.213	1.2	2.4	3.64	4.4	5.6
CAF357	01/24/2012	0.231	0.298	0.206	0.215	0.213	1.29	2.4	3.61	4.36	5.55
CAF357	01/25/2012	0.253	0.303	0.207	0.215	0.213	1.2	2.4	3.6	4.3	5.5
CAF357	01/26/2012	0.269	0.314	0.206	0.215	0.213	1.1	2.36	3.57	4.3	5.5
CAF357	01/27/2012	0.248	0.315	0.206	0.215	0.213	1.14	2.3	3.53	4.27	5.47
CAF357	01/28/2012	0.239	0.314	0.206	0.215	0.213	1.2	2.3	3.5	4.2	5.4
CAF357	01/29/2012	0.235	0.313	0.206	0.215	0.213	1.2	2.3	3.5	4.2	5.4
CAF357	01/30/2012	0.282	0.324	0.206	0.215	0.213	1.05	2.27	3.46	4.12	5.33
CAF357	01/31/2012	0.253	0.323	0.206	0.215	0.213	1.09	2.2	3.34	4.1	5.3
CAF357	02/01/2012	0.257	0.321	0.25	0.215	0.213	1.1	2.2	3.27	4.05	5.29
CAF357	02/02/2012	0.254	0.323	NA	0.215	0.213	1.1	2.2	NA	4	5.2
CAF357	11/06/2012	0.196	0.205	0.265	0.244	0.276	10.05	10	10.7	10.8	10.9
CAF357	11/07/2012	0.196	0.205	0.265	0.244	0.276	9.93	10	10.7	10.8	10.9
CAF357	11/08/2012	0.195	0.205	0.266	0.244	0.276	8.87	9.75	10.76	10.8	10.9
CAF357	11/09/2012	0.195	0.204	0.266	0.244	0.276	7.58	9.1	10.65	10.8	10.8
CAF357	11/10/2012	0.195	0.204	0.264	0.244	0.276	6.55	8.47	10.4	10.7	10.8
CAF357	11/11/2012	0.195	0.203	0.262	0.244	0.276	5.61	7.83	10.13	10.59	10.8
CAF357	11/12/2012	0.194	0.203	0.263	0.244	0.276	4.97	7.24	9.76	10.43	10.7
CAF357	11/13/2012	0.195	0.203	0.264	0.243	0.276	4.66	6.75	9.38	10.23	10.63
CAF357	11/14/2012	0.202	0.203	0.262	0.244	0.275	4.55	6.3	8.98	10	10.52
CAF357	11/15/2012	0.204	0.203	0.261	0.244	0.275	4.93	6.2	8.68	9.77	10.38
CAF357	11/16/2012	0.203	0.203	0.26	0.244	0.274	5.14	6.24	8.5	9.57	10.25
CAF357	11/17/2012	0.203	0.204	0.26	0.244	0.274	5.39	6.3	8.4	9.42	10.13
CAF357	11/18/2012	0.204	0.204	0.26	0.243	0.274	5.63	6.41	8.3	9.28	10.01
CAF357	11/19/2012	0.21	0.206	0.261	0.243	0.274	5.44	6.38	8.29	9.19	9.9
CAF357	11/20/2012	0.225	0.221	0.261	0.242	0.274	5.85	6.38	8.2	9.1	9.8
CAF357	11/21/2012	0.224	0.276	0.261	0.242	0.274	6.29	6.62	8.2	9	9.7
CAF357	11/22/2012	0.219	0.278	0.26	0.243	0.273	5.71	6.66	8.2	8.97	9.62
CAF357	11/23/2012	0.217	0.277	0.261	0.243	0.273	5.07	6.37	8.13	8.9	9.56
CAF357	11/24/2012	0.22	0.28	0.262	0.242	0.273	5.16	6.13	7.99	8.86	9.5
CAF357	11/25/2012	0.22	0.283	0.262	0.242	0.273	5.29	6.12	7.86	8.76	9.42
CAF357	11/26/2012	0.218	0.281	0.262	0.242	0.273	4.7	6	7.78	8.7	9.35
CAF357	11/27/2012	0.216	0.279	0.263	0.242	0.273	4.17	5.68	7.65	8.6	9.29
CAF357	11/28/2012	0.216	0.277	0.264	0.242	0.272	4.04	5.39	7.48	8.5	9.2
CAF357	11/29/2012	0.216	0.275	0.265	0.242	0.272	4.34	5.3	7.3	8.37	9.12
CAF357	11/30/2012	0.218	0.276	0.267	0.241	0.272	4.98	5.4	7.2	8.26	9.03
CAF357	12/01/2012	0.219	0.279	0.269	0.241	0.272	5.55	5.71	7.2	8.18	8.95
CAF357	12/02/2012	0.231	0.296	0.276	0.24	0.272	5.64	5.9	7.2	8.1	8.87
CAF357	12/03/2012	0.226	0.293	0.336	0.241	0.272	5.42	5.96	7.28	8.1	8.8
CAF357	12/04/2012	0.226	0.292	0.355	0.24	0.272	5.37	5.9	7.3	8.1	8.74
CAF357	12/05/2012	0.228	0.294	0.365	0.241	0.271	5.63	5.96	7.3	8.03	8.7
CAF357	12/06/2012	0.226	0.292	0.369	0.241	0.271	5.13	5.96	7.3	8	8.66
CAF357	12/07/2012	0.229	0.291	0.37	0.24	0.271	4.51	5.69	7.25	8	8.6
CAF357	12/08/2012	0.23	0.294	0.377	0.241	0.271	4.01	5.35	7.13	7.93	8.59
CAF357	12/09/2012	0.225	0.289	0.379	0.242	0.27	3.58	5.06	6.96	7.85	8.5
CAF357	12/10/2012	0.223	0.286	0.378	0.241	0.271	3.32	4.81	6.8	7.75	8.46
CAF357	12/11/2012	0.223	0.284	0.376	0.242	0.27	3.15	4.6	6.64	7.62	8.4
CAF357	12/12/2012	0.228	0.285	0.375	0.241	0.27	3.05	4.42	6.47	7.48	8.3
CAF357	12/13/2012	0.23	0.29	0.377	0.243	0.27	3	4.24	6.32	7.35	8.22
CAF357	12/14/2012	0.228	0.289	0.379	0.243	0.269	2.91	4.12	6.15	7.22	8.13
CAF357	12/15/2012	0.226	0.286	0.379	0.244	0.269	2.8	4.02	6.03	7.1	8.04
CAF357	12/16/2012	0.225	0.285	0.379	0.245	0.269	2.8	3.94	5.93	6.99	7.95
CAF357	12/17/2012	0.227	0.284	0.378	0.245	0.268	2.78	3.88	5.83	6.9	7.86
CAF357	12/18/2012	0.228	0.287	0.377	0.247	0.268	2.64	3.8	5.73	6.8	7.77
CAF357	12/19/2012	0.226	0.285	0.377	0.249	0.267	2.52	3.7	5.64	6.71	7.68
CAF357	12/20/2012	0.224	0.283	0.377	0.25	0.267	2.42	3.63	5.57	6.61	7.6
CAF357	12/21/2012	0.223	0.281	0.376	0.252	0.267	2.4	3.6	5.49	6.52	7.5
CAF357	12/22/2012	0.223	0.28	0.376	0.253	0.267	2.36	3.51	5.4	6.45	7.43
CAF357	12/23/2012	0.223	0.28	0.375	0.255	0.267	2.24	3.5	5.34	6.4	7.36
CAF357	12/24/2012	0.224	0.281	0.376	0.255	0.267	2.3	3.4	5.3	6.3	7.28
CAF357	12/25/2012	0.225	0.281	0.375	0.257	0.267	2.3	3.4	5.2	6.23	7.2
CAF357	12/26/2012	0.225	0.281	0.375	0.258	0.266	2.3	3.38	5.16	6.2	7.12
CAF357	12/27/2012	0.225	0.281	0.375	0.258	0.266	2.38	3.3	5.1	6.1	7.06
CAF357	12/28/2012	0.225	0.281	0.375	0.259	0.266	2.4	3.3	5.08	6.05	7
CAF357	12/29/2012	0.224	0.281	0.375	0.26	0.266	2.4	3.3	5	6	6.91
CAF357	12/30/2012	0.224	0.281	0.375	0.261	0.266	2.4	3.3	5	5.91	6.88
CAF357	12/31/2012	0.223	0.281	0.374	0.261	0.266	2.37	3.3	5	5.9	6.8
CAF357	01/01/2013	0.223	0.28	0.374	0.262	0.266	2.3	3.3	4.9	5.86	6.76
CAF357	01/02/2013	0.223	0.28	0.374	0.262	0.266	2.3	3.23	4.9	5.8	6.7
CAF357	01/03/2013	0.222	0.279	0.374	0.263	0.265	2.26	3.2	4.9	5.71	6.66
CAF357	01/04/2013	0.221	0.278	0.373	0.264	0.265	2.18	3.2	4.81	5.7	6.6
CAF357	01/05/2013	0.221	0.278	0.373	0.264	0.265	2.1	3.12	4.8	5.67	6.57
CAF357	01/06/2013	0.22	0.277	0.373	0.264	0.265	2.1	3.1	4.75	5.6	6.5
CAF357	01/07/2013	0.219	0.277	0.372	0.264	0.265	2.01	3.1	4.7	5.6	6.47
CAF357	01/08/2013	0.219	0.278	0.371	0.263	0.266	2	3.04	4.69	5.51	6.4
CAF357	01/09/2013	0.236	0.285	0.373	0.262	0.266	1.96	2.98	4.6	5.5	6.38
CAF357	01/10/2013	0.235	0.291	0.38	0.289	0.265	1.9	2.9	4.51	5.41	6.3
CAF357	01/11/2013	0.229	0.287	0.379	0.304	0.265	1.9	2.9	4.47	5.35	6.25
CAF357	01/12/2013	0.227	0.285	0.378	0.305	0.266	1.9	2.87	4.4	5.3	6.2
CAF357	01/13/2013	0.225	0.284	0.377	0.305	0.267	1.85	2.8	4.4	5.3	6.1
CAF357	01/14/2013	0.224	0.282	0.376	0.305	0.269	1.8	2.8	4.4	5.2	6.09
CAF357	01/15/2013	0.223	0.281	0.375	0.304	0.272	1.8	2.8	4.31	5.2	6
CAF357	01/16/2013	0.223	0.28	0.375	0.304	0.274	1.8	2.8	4.3	5.18	6
CAF357	01/17/2013	0.222	0.279	0.374	0.304	0.277	1.8	2.8	4.3	5.1	5.9
CAF357	01/18/2013	0.221	0.278	0.373	0.303	0.28	1.8	2.78	4.29	5.1	5.9
CAF357	01/19/2013	0.221	0.277	0.373	0.302	0.282	1.8	2.7	4.2	5.1	5.83
CAF357	01/20/2013	0.22	0.276	0.372	0.302	0.283	1.8	2.7	4.2	5.03	5.8
CAF357	01/21/2013	0.219	0.275	0.371	0.301	0.285	1.72	2.7	4.2	5	5.78
CAF357	01/22/2013	0.219	0.275	0.371	0.301	0.287	1.7	2.7	4.17	5	5.7
CAF357	01/23/2013	0.218	0.274	0.371	0.3	0.288	1.7	2.66	4.1	4.95	5.7
CAF357	01/24/2013	0.217	0.274	0.371	0.299	0.289	1.7	2.6	4.1	4.9	5.65
CAF357	01/25/2013	0.222	0.274	0.371	0.295	0.29	1.67	2.6	4.09	4.9	5.6
CAF357	01/26/2013	0.245	0.287	0.371	0.294	0.291	1.6	2.54	4	4.89	5.6
CAF357	01/27/2013	0.236	0.29	0.377	0.299	0.292	1.6	2.5	4	4.8	5.52
CAF357	01/28/2013	0.232	0.288	0.378	0.307	0.293	1.6	2.5	3.9	4.8	5.5
CAF357	01/29/2013	0.231	0.288	0.378	0.309	0.294	1.6	2.5	3.9	4.7	5.46
CAF357	01/30/2013	0.244	0.295	0.38	0.312	0.297	1.53	2.43	3.87	4.7	5.4
CAF357	01/31/2013	0.239	0.294	0.382	0.324	0.32	1.65	2.4	3.8	4.6	5.34
CAF357	02/01/2013	0.236	0.291	0.38	0.323	0.332	2.02	2.48	3.79	4.58	5.3
CAF357	02/02/2013	0.233	0.289	0.379	0.323	0.334	2.14	2.6	3.8	4.5	5.22
CAF357	02/03/2013	0.231	0.287	0.379	0.322	0.334	2.15	2.68	3.8	4.5	5.2
CAF357	02/04/2013	0.23	0.286	0.378	0.32	0.335	2.33	2.7	3.9	4.54	5.2
CAF357	02/05/2013	0.229	0.286	0.378	0.319	0.335	2.65	2.83	3.9	4.6	5.2
CAF357	02/06/2013	0.229	0.285	0.377	0.318	0.335	2.75	2.96	3.99	4.6	5.2
CAF357	02/07/2013	0.228	0.285	0.377	0.316	0.335	2.7	3	4.05	4.6	5.2
CAF357	02/08/2013	0.228	0.285	0.377	0.312	0.335	2.65	3	4.1	4.6	5.2
CAF357	02/09/2013	0.228	0.284	0.376	0.313	0.335	2.5	3	4.1	4.7	5.2
CAF357	02/10/2013	0.228	0.284	0.376	0.313	0.335	2.3	2.97	4.1	4.7	5.2
CAF357	02/11/2013	0.228	0.283	0.375	0.313	0.335	2.12	2.9	4.1	4.7	5.2
CAF357	02/12/2013	0.228	0.283	0.375	0.312	0.335	2.08	2.8	4.1	4.7	5.2
CAF357	02/13/2013	0.229	0.284	0.375	0.312	0.334	2.53	2.85	4.1	4.7	5.2
CAF357	02/14/2013	0.228	0.284	0.374	0.312	0.334	2.73	2.99	4.1	4.7	5.19
CAF357	02/15/2013	0.228	0.284	0.375	0.312	0.334	2.66	3	4.1	4.7	5.1
CAF357	02/16/2013	0.228	0.284	0.375	0.311	0.334	2.9	3.09	4.12	4.7	5.1
CAF357	02/17/2013	0.227	0.283	0.375	0.311	0.334	3.03	3.17	4.2	4.7	5.1
CAF357	02/18/2013	0.227	0.283	0.374	0.311	0.334	2.82	3.2	4.2	4.7	5.1
CAF357	02/19/2013	0.226	0.283	0.375	0.31	0.334	2.55	3.1	4.2	4.7	5.1
CAF357	02/20/2013	0.226	0.282	0.374	0.31	0.333	2.56	3.1	4.2	4.7	5.1
CAF357	02/21/2013	0.226	0.282	0.375	0.309	0.333	2.52	3.09	4.2	4.7	5.1
CAF357	02/22/2013	0.226	0.282	0.374	0.307	0.334	2.24	2.98	4.2	4.7	5.1
CAF357	02/23/2013	0.231	0.285	0.375	0.306	0.334	2.12	2.89	4.15	4.7	5.1
CAF357	02/24/2013	0.235	0.291	0.378	0.308	0.333	2.01	2.8	4.1	4.7	5.1
CAF357	02/25/2013	0.234	0.29	0.38	0.314	0.334	1.92	2.7	4.02	4.66	5.1
CAF357	02/26/2013	0.234	0.291	0.38	0.318	0.335	1.93	2.7	4	4.6	5.1
CAF357	02/27/2013	0.233	0.289	0.38	0.32	0.336	1.94	2.67	3.9	4.6	5.07
CAF357	02/28/2013	0.234	0.288	0.38	0.316	0.336	2.23	2.69	3.9	4.53	5
CAF357	03/01/2013	0.239	0.293	0.381	0.317	0.336	2.65	2.78	3.9	4.5	5
CAF357	03/02/2013	0.236	0.292	0.382	0.322	0.337	3.38	3.05	3.92	4.5	5
CAF357	03/03/2013	0.234	0.291	0.381	0.323	0.338	3.7	3.33	4.05	4.5	4.92
CAF357	03/04/2013	0.232	0.289	0.381	0.322	0.338	3.2	3.38	4.18	4.54	4.9
CAF357	03/05/2013	0.231	0.288	0.38	0.321	0.337	2.85	3.26	4.27	4.6	4.9
CAF357	03/06/2013	0.23	0.287	0.38	0.319	0.337	2.79	3.14	4.25	4.6	4.95
CAF357	03/07/2013	0.231	0.286	0.379	0.317	0.337	3.15	3.2	4.2	4.6	5
CAF357	03/08/2013	0.231	0.286	0.378	0.318	0.337	3.3	3.3	4.25	4.6	5
CAF357	03/09/2013	0.23	0.286	0.378	0.317	0.336	3.19	3.3	4.3	4.68	5
CAF357	03/10/2013	0.23	0.286	0.378	0.316	0.336	3.11	3.3	4.3	4.7	5
CAF357	03/11/2013	0.229	0.285	0.378	0.316	0.336	3.24	3.3	4.3	4.7	5
CAF357	03/12/2013	0.229	0.285	0.378	0.315	0.336	3.67	3.44	4.31	4.7	5
CAF357	03/13/2013	0.229	0.285	0.377	0.315	0.335	4.36	3.67	4.4	4.7	5
CAF357	03/14/2013	0.23	0.285	0.377	0.314	0.335	5.16	4.1	4.52	4.74	5
CAF357	03/15/2013	0.229	0.285	0.377	0.314	0.335	5.58	4.5	4.71	4.8	5
CAF357	03/16/2013	0.229	0.286	0.378	0.313	0.335	5.63	4.77	4.92	4.9	5.04
CAF357	03/17/2013	0.228	0.285	0.378	0.312	0.335	5.05	4.83	5.08	5.02	5.1
CAF357	03/18/2013	0.227	0.284	0.377	0.313	0.334	4.22	4.57	5.2	5.1	5.14
CAF357	03/19/2013	0.227	0.283	0.376	0.313	0.334	3.77	4.28	5.17	5.19	5.2
CAF357	03/20/2013	0.227	0.283	0.377	0.309	0.334	4.03	4.1	5.1	5.2	5.26
CAF357	03/21/2013	0.229	0.282	0.376	0.31	0.334	4.12	4.19	5.03	5.2	5.3
CAF357	03/22/2013	0.229	0.282	0.376	0.31	0.334	3.62	4.06	5.01	5.2	5.3
CAF357	03/23/2013	0.229	0.282	0.375	0.31	0.334	3.31	3.87	5	5.2	5.3
CAF357	03/24/2013	0.228	0.282	0.375	0.31	0.334	3.32	3.75	4.92	5.2	5.3
CAF357	03/25/2013	0.228	0.282	0.375	0.311	0.333	3.37	3.68	4.86	5.17	5.3
CAF357	03/26/2013	0.228	0.282	0.375	0.309	0.333	3.77	3.69	4.8	5.1	5.3
CAF357	03/27/2013	0.228	0.282	0.376	0.306	0.333	4.67	3.95	4.8	5.1	5.3
CAF357	03/28/2013	0.228	0.28	0.376	0.306	0.333	5.51	4.4	4.9	5.1	5.3
CAF357	03/29/2013	0.228	0.281	0.377	0.306	0.332	6.15	4.89	5.08	5.12	5.3
CAF357	03/30/2013	0.227	0.281	0.377	0.306	0.332	6.4	5.25	5.29	5.22	5.3
CAF357	03/31/2013	0.227	0.281	0.377	0.306	0.332	6.78	5.55	5.5	5.31	5.35
CAF357	04/01/2013	0.227	0.282	0.378	0.306	0.332	7.21	5.85	5.7	5.42	5.4
CAF357	04/02/2013	0.226	0.282	0.378	0.306	0.332	7.44	6.15	5.9	5.54	5.47
CAF357	04/03/2013	0.225	0.282	0.378	0.305	0.332	7.55	6.36	6.09	5.66	5.52
CAF357	04/04/2013	0.226	0.282	0.378	0.305	0.332	7.78	6.57	6.26	5.8	5.6
CAF357	04/05/2013	0.236	0.283	0.378	0.306	0.332	7.79	6.73	6.44	5.94	5.7
CAF357	04/06/2013	0.234	0.285	0.379	0.305	0.332	7.88	6.86	6.58	6.06	5.77
CAF357	04/07/2013	0.24	0.29	0.379	0.306	0.332	7.6	6.9	6.72	6.18	5.85
CAF357	04/08/2013	0.24	0.296	0.383	0.306	0.333	7.06	6.79	6.8	6.29	5.93
CAF357	04/09/2013	0.236	0.295	0.386	0.308	0.333	6.7	6.6	6.8	6.39	6.01
CAF357	04/10/2013	0.234	0.293	0.386	0.312	0.334	6.94	6.5	6.8	6.4	6.1
CAF357	04/11/2013	0.233	0.292	0.386	0.314	0.335	6.71	6.48	6.8	6.47	6.15
CAF357	04/12/2013	0.232	0.291	0.386	0.314	0.336	6.35	6.35	6.8	6.5	6.2
CAF357	04/13/2013	0.245	0.294	0.386	0.315	0.336	6.44	6.28	6.8	6.5	6.23
CAF357	04/14/2013	0.237	0.294	0.388	0.316	0.337	5.93	6.14	6.75	6.5	6.3
CAF357	04/15/2013	0.235	0.293	0.387	0.318	0.337	5.76	5.97	6.7	6.5	6.3
CAF357	04/16/2013	0.233	0.291	0.387	0.318	0.338	5.49	5.81	6.61	6.5	6.3
CAF357	04/17/2013	0.231	0.289	0.386	0.317	0.338	5.31	5.6	6.54	6.5	6.3
CAF357	04/18/2013	0.23	0.288	0.385	0.317	0.338	5.48	5.5	6.44	6.44	6.3
CAF357	04/19/2013	0.233	0.287	0.385	0.316	0.337	5.7	5.53	6.4	6.4	6.3
CAF357	04/20/2013	0.238	0.29	0.384	0.316	0.337	6.16	5.72	6.4	6.4	6.3
CAF357	04/21/2013	0.236	0.292	0.385	0.315	0.337	6.37	5.89	6.4	6.4	6.3
CAF357	04/22/2013	0.235	0.291	0.386	0.316	0.337	6.27	6	6.49	6.4	6.3
CAF357	04/23/2013	0.234	0.291	0.386	0.316	0.337	6.41	6.05	6.5	6.4	6.3
CAF357	04/24/2013	0.233	0.29	0.385	0.316	0.337	6.58	6.08	6.58	6.4	6.31
CAF357	04/25/2013	0.232	0.29	0.385	0.316	0.337	7.1	6.26	6.6	6.46	6.4
CAF357	04/26/2013	0.231	0.29	0.385	0.316	0.337	7.88	6.61	6.69	6.5	6.4
CAF357	04/27/2013	0.23	0.29	0.385	0.315	0.337	8.63	7.07	6.85	6.53	6.4
CAF357	04/28/2013	0.229	0.29	0.385	0.314	0.337	8.56	7.35	7.05	6.63	6.4
CAF357	04/29/2013	0.228	0.289	0.385	0.314	0.337	8.56	7.48	7.24	6.74	6.5
CAF357	04/30/2013	0.227	0.288	0.384	0.314	0.337	7.56	7.41	7.37	6.85	6.53
CAF357	05/01/2013	0.226	0.286	0.384	0.313	0.337	7	7.04	7.4	6.91	6.6
CAF357	05/02/2013	0.225	0.285	0.384	0.312	0.336	7.62	6.98	7.3	7	6.68
CAF357	05/03/2013	0.225	0.285	0.383	0.312	0.336	8.67	7.3	7.32	7	6.7
CAF357	05/04/2013	0.225	0.285	0.383	0.311	0.336	9.3	7.75	7.45	7.01	6.73
CAF357	05/05/2013	0.225	0.285	0.383	0.311	0.336	9.8	8.13	7.66	7.1	6.8
CAF357	05/06/2013	0.225	0.285	0.383	0.31	0.336	10.58	8.55	7.88	7.21	6.83
CAF357	05/07/2013	0.225	0.286	0.383	0.31	0.336	11.4	9.05	8.14	7.35	6.9
CAF357	05/08/2013	0.225	0.287	0.383	0.309	0.336	12.1	9.56	8.44	7.52	6.99
CAF357	05/09/2013	0.225	0.288	0.384	0.309	0.336	12.83	10.07	8.75	7.72	7.08
CAF357	05/10/2013	0.225	0.289	0.384	0.308	0.336	13.37	10.56	9.09	7.93	7.2
CAF357	05/11/2013	0.225	0.29	0.384	0.308	0.336	14.03	11.04	9.42	8.15	7.33
CAF357	05/12/2013	0.225	0.291	0.384	0.308	0.336	14.52	11.51	9.76	8.38	7.46
CAF357	05/13/2013	0.224	0.292	0.385	0.307	0.336	14.68	11.88	10.1	8.61	7.61
CAF357	05/14/2013	0.223	0.291	0.385	0.307	0.336	13.91	11.97	10.4	8.84	7.76
CAF357	05/15/2013	0.222	0.29	0.385	0.306	0.336	13.31	11.77	10.58	9.05	7.93
CAF357	05/16/2013	0.221	0.289	0.385	0.306	0.336	13.26	11.6	10.65	9.24	8.08
CAF357	05/17/2013	0.221	0.288	0.385	0.305	0.337	13.19	11.6	10.7	9.36	8.22
CAF357	05/18/2013	0.22	0.287	0.385	0.305	0.337	13.02	11.57	10.7	9.47	8.34
CAF357	05/19/2013	0.219	0.286	0.385	0.304	0.337	12.45	11.4	10.8	9.55	8.45
CAF357	05/20/2013	0.219	0.285	0.384	0.304	0.337	12.64	11.3	10.78	9.62	8.55
CAF357	05/21/2013	0.219	0.286	0.384	0.303	0.337	13.34	11.48	10.77	9.7	8.62
CAF357	05/22/2013	0.219	0.285	0.384	0.303	0.337	12.45	11.52	10.85	9.72	8.7
CAF357	05/23/2013	0.218	0.283	0.384	0.302	0.337	11.38	11.06	10.86	9.8	8.78
CAF357	05/24/2013	0.219	0.282	0.383	0.302	0.337	11.32	10.74	10.74	9.8	8.82
CAF357	05/25/2013	0.218	0.281	0.383	0.301	0.337	10.98	10.49	10.63	9.8	8.9
CAF357	05/26/2013	0.218	0.28	0.383	0.301	0.337	11.27	10.4	10.51	9.8	8.9
CAF357	05/27/2013	0.218	0.28	0.382	0.3	0.337	11.65	10.47	10.45	9.8	8.91
CAF357	05/28/2013	0.218	0.28	0.382	0.3	0.336	11.97	10.67	10.49	9.7	8.93
CAF357	05/29/2013	0.217	0.28	0.382	0.3	0.336	11.87	10.78	10.52	9.78	8.94
CAF357	05/30/2013	0.217	0.28	0.382	0.299	0.336	11.66	10.7	10.6	9.8	9
CAF357	05/31/2013	0.216	0.28	0.382	0.299	0.336	11.69	10.7	10.6	9.8	9
CAF357	06/01/2013	0.216	0.28	0.382	0.298	0.336	12.31	10.85	10.6	9.86	9
CAF357	06/02/2013	0.216	0.281	0.382	0.298	0.336	12.84	11.14	10.69	9.9	9.03
CAF357	06/03/2013	0.215	0.281	0.382	0.298	0.336	12.81	11.33	10.82	9.93	9.1
CAF357	06/04/2013	0.215	0.282	0.382	0.297	0.336	13.31	11.49	10.92	10	9.1
CAF357	06/05/2013	0.215	0.283	0.382	0.297	0.336	14.37	11.92	11.05	10.1	9.16
CAF357	06/06/2013	0.215	0.284	0.383	0.296	0.335	15.36	12.5	11.28	10.2	9.22
CAF357	06/07/2013	0.214	0.286	0.383	0.296	0.335	16.13	13.13	11.58	10.33	9.37
CAF357	06/08/2013	0.213	0.286	0.383	0.296	0.335	15.93	13.47	11.9	10.52	9.45
CAF357	06/09/2013	0.212	0.287	0.384	0.295	0.335	16.06	13.65	12.16	10.7	9.56
CAF357	06/10/2013	0.211	0.287	0.383	0.295	0.336	16.02	13.79	12.34	10.88	9.67
CAF357	06/11/2013	0.209	0.287	0.383	0.295	0.336	16.22	13.92	12.52	11.05	9.78
CAF357	06/12/2013	0.208	0.286	0.383	0.294	0.336	15.88	13.94	12.65	11.19	9.91
CAF357	06/13/2013	0.207	0.286	0.383	0.294	0.336	16.02	13.97	12.75	11.34	10.03
CAF357	06/14/2013	0.205	0.285	0.383	0.294	0.336	15.84	13.98	12.84	11.44	10.13
CAF357	06/15/2013	0.204	0.285	0.383	0.293	0.336	15.97	13.99	12.9	11.53	10.23
CAF357	06/16/2013	0.203	0.285	0.383	0.293	0.336	16.56	14.17	13	11.62	10.33
CAF357	06/17/2013	0.203	0.285	0.382	0.293	0.336	17.25	14.51	13.13	11.73	10.42
CAF357	06/18/2013	0.201	0.286	0.382	0.292	0.336	17.66	14.91	13.3	11.83	10.52
CAF357	06/19/2013	0.199	0.285	0.382	0.292	0.336	16.9	14.97	13.5	11.96	10.61
CAF357	06/20/2013	0.198	0.283	0.382	0.292	0.336	15.26	14.53	13.6	12.08	10.72
CAF357	06/21/2013	0.198	0.281	0.381	0.292	0.336	14.35	13.85	13.51	12.19	10.82
CAF357	06/22/2013	0.199	0.28	0.381	0.291	0.336	14.83	13.6	13.33	12.2	10.9
CAF357	06/23/2013	0.2	0.279	0.38	0.291	0.336	15.28	13.68	13.2	12.2	10.98
CAF357	06/24/2013	0.2	0.28	0.38	0.291	0.336	15.66	13.84	13.2	12.14	11
CAF357	06/25/2013	0.204	0.28	0.38	0.291	0.336	15.46	13.91	13.24	12.2	11.02
CAF357	06/26/2013	0.208	0.28	0.38	0.29	0.336	15.73	13.97	13.3	12.2	11.1
CAF357	06/27/2013	0.209	0.28	0.379	0.29	0.336	16.02	14.09	13.3	12.2	11.11
CAF357	06/28/2013	0.209	0.28	0.379	0.29	0.336	17.06	14.44	13.42	12.26	11.2
CAF357	06/29/2013	0.207	0.281	0.38	0.289	0.336	18.09	15.01	13.58	12.3	11.2
CAF357	06/30/2013	0.204	0.281	0.38	0.289	0.336	18.51	15.51	13.85	12.43	11.3
CAF357	07/01/2013	0.2	0.28	0.381	0.289	0.336	19.03	15.92	14.13	12.57	11.36
CAF357	07/02/2013	0.194	0.278	0.381	0.288	0.336	19.77	16.37	14.41	12.75	11.45
CAF357	07/03/2013	0.186	0.273	0.382	0.288	0.336	20.2	16.83	14.72	12.93	11.56
CAF357	07/04/2013	0.175	0.261	0.382	0.287	0.336	19.82	17.06	15.02	13.13	11.68
CAF357	07/05/2013	0.164	0.248	0.382	0.287	0.336	19.27	17	15.25	13.34	11.83
CAF357	07/06/2013	0.156	0.24	0.382	0.287	0.336	18.79	16.83	15.35	13.51	11.96
CAF357	07/07/2013	0.148	0.229	0.381	0.286	0.337	18.65	16.67	15.4	13.63	12.09
CAF357	07/08/2013	0.142	0.219	0.38	0.286	0.336	18.67	16.64	15.4	13.71	12.22
CAF357	07/09/2013	0.137	0.213	0.379	0.285	0.336	18.6	16.62	15.4	13.8	12.32
CAF357	07/10/2013	0.133	0.209	0.377	0.285	0.336	18.68	16.61	15.47	13.86	12.4
CAF357	07/11/2013	0.131	0.207	0.375	0.284	0.336	18.81	16.68	15.5	13.9	12.5
CAF357	07/12/2013	0.129	0.206	0.373	0.284	0.336	18.38	16.64	15.51	14	12.57
CAF357	07/13/2013	0.128	0.205	0.37	0.283	0.336	18	16.45	15.5	14	12.64
CAF357	07/14/2013	0.127	0.205	0.366	0.282	0.336	17.78	16.27	15.5	14.09	12.7
CAF357	07/15/2013	0.126	0.203	0.361	0.282	0.336	17.83	16.18	15.42	14.1	12.78
CAF357	07/16/2013	0.125	0.203	0.354	0.281	0.336	17.92	16.18	15.4	14.1	12.8
CAF357	07/17/2013	0.124	0.203	0.347	0.28	0.335	18.26	16.22	15.4	14.1	12.86
CAF357	07/18/2013	0.124	0.202	0.337	0.278	0.335	18.41	16.39	15.4	14.1	12.9
CAF357	07/19/2013	0.123	0.202	0.325	0.277	0.335	18.32	16.42	15.47	14.1	12.9
CAF357	07/20/2013	0.121	0.201	0.309	0.276	0.334	18.42	16.44	15.5	14.15	12.98
CAF357	07/21/2013	0.12	0.2	0.294	0.274	0.334	18.41	16.47	15.5	14.2	13
CAF357	07/22/2013	0.119	0.199	0.279	0.273	0.334	18.43	16.5	15.56	14.2	13.03
CAF357	07/23/2013	0.117	0.197	0.264	0.271	0.333	18.55	16.54	15.6	14.2	13.1
CAF357	07/24/2013	0.116	0.196	0.253	0.269	0.333	18.74	16.64	15.61	14.27	13.1
CAF357	07/25/2013	0.115	0.195	0.247	0.266	0.332	18.83	16.74	15.7	14.3	13.15
CAF357	07/26/2013	0.115	0.194	0.243	0.264	0.331	18.75	16.77	15.75	14.31	13.2
CAF357	07/27/2013	0.114	0.194	0.239	0.262	0.33	18.7	16.77	15.8	14.4	13.2
CAF357	07/28/2013	0.113	0.193	0.237	0.26	0.329	18.55	16.76	15.8	14.4	13.27
CAF357	07/29/2013	0.113	0.193	0.234	0.258	0.328	18.31	16.67	15.8	14.4	13.3
CAF357	07/30/2013	0.112	0.192	0.232	0.255	0.327	18.3	16.58	15.8	14.46	13.3
CAF357	07/31/2013	0.112	0.192	0.23	0.253	0.326	18.36	16.58	15.8	14.5	13.37
CAF357	08/01/2013	0.112	0.192	0.229	0.251	0.325	18.33	16.6	15.8	14.5	13.4
CAF357	08/02/2013	0.111	0.193	0.229	0.25	0.324	17.76	16.45	15.8	14.5	13.4
CAF357	08/03/2013	0.111	0.194	0.229	0.249	0.323	17.14	16.16	15.74	14.5	13.4
CAF357	08/04/2013	0.111	0.193	0.228	0.247	0.322	17.11	15.94	15.63	14.5	13.42
CAF357	08/05/2013	0.111	0.192	0.226	0.245	0.321	17.48	15.94	15.53	14.44	13.5
CAF357	08/06/2013	0.111	0.191	0.225	0.242	0.319	17.89	16.08	15.5	14.4	13.5
CAF357	08/07/2013	0.111	0.191	0.224	0.238	0.318	18.26	16.27	15.56	14.4	13.5
CAF357	08/08/2013	0.111	0.191	0.223	0.235	0.316	18.43	16.47	15.62	14.4	13.5
CAF357	08/09/2013	0.111	0.191	0.222	0.232	0.314	18.68	16.58	15.7	14.4	13.5
CAF357	08/10/2013	0.112	0.191	0.222	0.23	0.313	19.22	16.84	15.79	14.5	13.5
CAF357	08/11/2013	0.112	0.191	0.221	0.228	0.311	19.62	17.14	15.93	14.51	13.5
CAF357	08/12/2013	0.112	0.191	0.221	0.227	0.31	19.72	17.36	16.07	14.6	13.5
CAF357	08/13/2013	0.112	0.192	0.221	0.225	0.309	19.89	17.48	16.21	14.67	13.6
CAF357	08/14/2013	0.112	0.192	0.221	0.224	0.308	19.99	17.63	16.32	14.76	13.6
CAF357	08/15/2013	0.112	0.192	0.221	0.223	0.307	20.15	17.77	16.43	14.84	13.7
CAF357	08/16/2013	0.112	0.192	0.22	0.222	0.306	20.28	17.88	16.55	14.92	13.72
CAF357	08/17/2013	0.113	0.193	0.221	0.222	0.305	20.48	18.05	16.65	15	13.8
CAF357	08/18/2013	0.113	0.193	0.221	0.222	0.305	20.35	18.14	16.76	15.08	13.85
CAF357	08/19/2013	0.112	0.193	0.221	0.222	0.304	20.16	18.11	16.84	15.17	13.9
CAF357	08/20/2013	0.112	0.193	0.221	0.222	0.303	20	18.07	16.9	15.21	13.99
CAF357	08/21/2013	0.112	0.193	0.221	0.221	0.302	19.7	17.95	16.9	15.3	14.01
CAF357	08/22/2013	0.112	0.193	0.221	0.221	0.302	19.56	17.85	16.9	15.3	14.1
CAF357	08/23/2013	0.112	0.194	0.221	0.22	0.301	19.48	17.77	16.9	15.3	14.1
CAF357	08/24/2013	0.112	0.194	0.221	0.22	0.301	19.34	17.7	16.81	15.4	14.18
CAF357	08/25/2013	0.112	0.194	0.221	0.22	0.3	19.41	17.65	16.8	15.4	14.2
CAF357	08/26/2013	0.112	0.194	0.221	0.22	0.299	19.4	17.66	16.8	15.4	14.2
CAF357	08/27/2013	0.111	0.194	0.221	0.22	0.299	18.93	17.54	16.8	15.4	14.26
CAF357	08/28/2013	0.112	0.194	0.221	0.22	0.298	19.03	17.44	16.8	15.4	14.3
CAF357	08/29/2013	0.112	0.194	0.221	0.22	0.297	19.16	17.49	16.72	15.4	14.3
CAF357	08/30/2013	0.112	0.194	0.221	0.22	0.297	19.06	17.47	16.72	15.4	14.3
CAF357	08/31/2013	0.111	0.194	0.221	0.22	0.296	18.95	17.45	16.7	15.4	14.3
CAF357	09/01/2013	0.112	0.194	0.221	0.22	0.295	19.06	17.42	16.7	15.4	14.35
CAF357	09/02/2013	0.112	0.194	0.221	0.22	0.295	19.2	17.47	16.7	15.4	14.4
CAF357	09/03/2013	0.111	0.194	0.221	0.22	0.294	18.88	17.45	16.73	15.4	14.4
CAF357	09/04/2013	0.111	0.193	0.221	0.219	0.293	18.81	17.35	16.7	15.42	14.4
CAF357	09/05/2013	0.11	0.191	0.221	0.216	0.298	18.99	17.37	16.7	15.5	14.43
CAF357	09/06/2013	0.109	0.191	0.221	0.213	0.304	19	17.4	16.7	15.5	14.5
CAF357	09/07/2013	NA	NA	NA	NA	NA	NA	NA	NA	NA	NA
CAF357	09/25/2013	0.109	0.193	0.221	0.22	0.293	13.53	13.86	14.87	14.6	14.2
CAF357	09/26/2013	0.109	0.192	0.221	0.22	0.293	13.12	13.54	14.69	14.5	14.14
CAF357	09/27/2013	0.108	0.192	0.221	0.22	0.292	12.65	13.16	14.44	14.35	14.07
CAF357	09/28/2013	0.109	0.191	0.221	0.22	0.292	12.17	12.76	14.19	14.19	13.97
CAF357	09/29/2013	0.11	0.191	0.22	0.22	0.292	12.1	12.56	13.94	14.04	13.88
CAF357	09/30/2013	0.113	0.191	0.22	0.22	0.291	11.5	12.28	13.73	13.86	13.78
CAF357	10/01/2013	0.115	0.19	0.22	0.22	0.291	11.02	11.91	13.52	13.72	13.67
CAF357	10/02/2013	0.116	0.19	0.22	0.22	0.291	10.45	11.53	13.28	13.55	13.56
CAF357	10/03/2013	0.117	0.189	0.22	0.22	0.291	10.11	11.13	13	13.39	13.45
CAF357	10/04/2013	0.118	0.189	0.22	0.22	0.291	9.79	10.79	12.74	13.19	13.34
CAF357	10/05/2013	0.118	0.188	0.219	0.22	0.29	9.65	10.5	12.48	13.02	13.22
CAF357	10/06/2013	0.119	0.188	0.219	0.22	0.29	9.81	10.32	12.25	12.83	13.08
CAF357	10/07/2013	0.12	0.188	0.219	0.22	0.29	10.09	10.34	12.09	12.66	12.95
CAF357	10/08/2013	0.121	0.188	0.219	0.22	0.289	10.01	10.35	12	12.53	12.84
CAF357	10/09/2013	0.121	0.188	0.219	0.22	0.289	9.37	10.18	11.89	12.39	12.72
CAF357	10/10/2013	0.122	0.188	0.219	0.22	0.289	9.14	9.9	11.75	12.28	12.61
CAF357	10/11/2013	0.124	0.188	0.219	0.22	0.288	9.31	9.78	11.57	12.16	12.5
CAF357	10/12/2013	0.125	0.188	0.219	0.22	0.288	9.67	9.8	11.45	12.04	12.4
CAF357	10/13/2013	0.126	0.188	0.219	0.22	0.288	9.6	9.87	11.4	11.93	12.3
CAF357	10/14/2013	0.126	0.187	0.219	0.22	0.288	9.17	9.75	11.33	11.85	12.2
CAF357	10/15/2013	0.127	0.187	0.219	0.22	0.288	8.66	9.48	11.22	11.77	12.1
CAF357	10/16/2013	0.127	0.187	0.219	0.22	0.287	8.71	9.24	11.05	11.66	12.02
CAF357	10/17/2013	0.128	0.187	0.219	0.22	0.287	8.78	9.18	10.92	11.54	11.94
CAF357	10/18/2013	0.129	0.187	0.219	0.22	0.287	8.57	9.08	10.81	11.45	11.85
CAF357	10/19/2013	0.129	0.187	0.219	0.22	0.287	8.51	8.98	10.72	11.35	11.76
CAF357	10/20/2013	0.13	0.187	0.218	0.221	0.287	8.5	8.94	10.61	11.25	11.67
CAF357	10/21/2013	0.13	0.186	0.218	0.221	0.286	8.74	8.9	10.53	11.16	11.6
CAF357	10/22/2013	0.131	0.187	0.218	0.221	0.286	9.09	9.05	10.5	11.09	11.5
CAF357	10/23/2013	0.132	0.187	0.218	0.221	0.286	9.37	9.17	10.5	11	11.42
CAF357	10/24/2013	0.132	0.187	0.219	0.221	0.286	9.53	9.29	10.5	11	11.37
CAF357	10/25/2013	0.132	0.187	0.219	0.221	0.286	9.45	9.37	10.52	10.92	11.3
CAF357	10/26/2013	0.133	0.187	0.219	0.221	0.285	9.33	9.35	10.52	10.9	11.25
CAF357	10/27/2013	0.133	0.187	0.219	0.221	0.285	9.05	9.27	10.5	10.9	11.2
CAF357	10/28/2013	0.133	0.187	0.219	0.221	0.285	8.75	9.11	10.48	10.89	11.19
CAF357	10/29/2013	0.133	0.187	0.219	0.221	0.285	7.9	8.84	10.38	10.8	11.1
CAF357	10/30/2013	0.133	0.186	0.219	0.221	0.285	7	8.34	10.21	10.74	11.1
CAF357	10/31/2013	0.133	0.186	0.218	0.221	0.285	6.87	7.92	9.97	10.65	11
CAF357	11/01/2013	0.133	0.186	0.218	0.221	0.285	7	7.8	9.75	10.53	10.95
CAF357	11/02/2013	0.134	0.186	0.218	0.221	0.284	7.36	7.8	9.62	10.37	10.87
CAF357	11/03/2013	0.134	0.186	0.218	0.221	0.284	7.06	7.8	9.53	10.28	10.79
CAF357	11/04/2013	0.133	0.185	0.218	0.221	0.284	6.44	7.57	9.45	10.2	10.7
CAF357	11/05/2013	0.133	0.185	0.218	0.221	0.284	5.82	7.23	9.3	10.1	10.61
CAF357	11/06/2013	0.133	0.185	0.218	0.221	0.284	5.43	6.85	9.1	9.97	10.54
CAF357	11/07/2013	0.158	0.184	0.217	0.221	0.284	5.83	6.7	8.9	9.85	10.45
CAF357	11/08/2013	0.189	0.184	0.217	0.221	0.283	6.22	6.78	8.78	9.71	10.36
CAF357	11/09/2013	0.186	0.184	0.217	0.221	0.283	5.98	6.78	8.7	9.59	10.27
CAF357	11/10/2013	0.185	0.184	0.217	0.221	0.283	6.14	6.7	8.65	9.5	10.18
CAF357	11/11/2013	0.185	0.185	0.217	0.221	0.283	6.57	6.86	8.6	9.41	10.1
CAF357	11/12/2013	0.185	0.185	0.217	0.221	0.282	6.82	6.97	8.6	9.36	10.01
CAF357	11/13/2013	0.184	0.185	0.217	0.221	0.282	6.9	7.1	8.6	9.3	9.95
CAF357	11/14/2013	0.184	0.185	0.217	0.221	0.282	6.6	7.08	8.6	9.3	9.9
CAF357	11/15/2013	0.184	0.185	0.217	0.221	0.282	6.29	6.96	8.6	9.25	9.82
CAF357	11/16/2013	0.201	0.184	0.217	0.221	0.282	5.48	6.68	8.53	9.2	9.8
CAF357	11/17/2013	0.202	0.184	0.217	0.221	0.282	5.08	6.25	8.37	9.14	9.74
CAF357	11/18/2013	0.2	0.184	0.217	0.221	0.282	5.22	6.07	8.2	9.04	9.7
CAF357	11/19/2013	0.199	0.184	0.217	0.221	0.282	5.41	6	8.06	8.95	9.61
CAF357	11/20/2013	0.199	0.184	0.217	0.221	0.282	5.48	6.09	8	8.86	9.55
CAF357	11/21/2013	0.197	0.183	0.217	0.221	0.281	4.44	5.8	7.93	8.79	9.5
CAF357	11/22/2013	0.196	0.183	0.217	0.221	0.281	3.66	5.27	7.75	8.7	9.4
CAF357	11/23/2013	0.194	0.183	0.217	0.221	0.281	3.18	4.8	7.5	8.58	9.34
CAF357	11/24/2013	0.192	0.182	0.216	0.221	0.281	2.86	4.44	7.24	8.45	9.26
CAF357	11/25/2013	0.191	0.182	0.216	0.221	0.28	2.65	4.15	7	8.28	9.16
CAF357	11/26/2013	0.189	0.182	0.216	0.221	0.28	2.5	3.93	6.78	8.13	9.05
CAF357	11/27/2013	0.188	0.182	0.216	0.221	0.28	2.4	3.76	6.58	7.96	8.95
CAF357	11/28/2013	0.187	0.182	0.216	0.22	0.279	2.3	3.64	6.41	7.81	8.84
CAF357	11/29/2013	0.186	0.182	0.215	0.22	0.279	2.2	3.52	6.25	7.66	8.72
CAF357	11/30/2013	0.186	0.182	0.215	0.22	0.279	2.15	3.42	6.12	7.52	8.61
CAF357	12/01/2013	0.203	0.182	0.215	0.22	0.279	2.03	3.32	5.99	7.37	8.5
CAF357	12/02/2013	0.217	0.182	0.215	0.22	0.279	2.17	3.24	5.88	7.24	8.39
CAF357	12/03/2013	0.209	0.183	0.215	0.22	0.278	2.24	3.2	5.78	7.13	8.29
CAF357	12/04/2013	0.206	0.184	0.215	0.22	0.278	2.3	3.2	5.7	7.02	8.2
CAF357	12/05/2013	0.203	0.184	0.215	0.22	0.278	2.3	3.2	5.62	6.93	8.1
CAF357	12/06/2013	0.201	0.184	0.215	0.22	0.278	2.2	3.19	5.6	6.85	8.01
CAF357	12/07/2013	0.199	0.184	0.215	0.22	0.277	2.05	3.1	5.5	6.79	7.93
CAF357	12/08/2013	0.197	0.184	0.215	0.22	0.277	1.82	3	5.43	6.7	7.86
CAF357	12/09/2013	0.195	0.183	0.215	0.22	0.277	1.59	2.84	5.33	6.62	7.78
CAF357	12/10/2013	0.193	0.183	0.215	0.22	0.276	1.41	2.67	5.18	6.52	7.7
CAF357	12/11/2013	0.191	0.183	0.215	0.22	0.276	1.3	2.54	5.05	6.42	7.61
CAF357	12/12/2013	0.189	0.183	0.214	0.22	0.276	1.23	2.44	4.93	6.33	7.52
CAF357	12/13/2013	0.188	0.183	0.214	0.22	0.276	1.2	2.4	4.83	6.22	7.44
CAF357	12/14/2013	0.187	0.183	0.214	0.22	0.275	1.2	2.3	4.73	6.12	7.36
CAF357	12/15/2013	0.187	0.183	0.214	0.22	0.275	1.2	2.3	4.66	6.02	7.27
CAF357	12/16/2013	0.188	0.183	0.214	0.22	0.275	1.2	2.3	4.6	5.94	7.19
CAF357	12/17/2013	0.188	0.183	0.214	0.22	0.275	1.2	2.21	4.52	5.88	7.1
CAF357	12/18/2013	0.188	0.183	0.214	0.22	0.275	1.2	2.2	4.5	5.76	7.02
CAF357	12/19/2013	0.188	0.183	0.214	0.22	0.274	1.24	2.2	4.42	5.7	6.95
CAF357	12/20/2013	0.188	0.183	0.214	0.22	0.274	1.3	2.2	4.4	5.62	6.9
CAF357	12/21/2013	0.188	0.184	0.214	0.22	0.274	1.3	2.2	4.36	5.6	6.8
CAF357	12/22/2013	0.187	0.184	0.214	0.22	0.274	1.3	2.2	4.3	5.5	6.75
CAF357	12/23/2013	0.187	0.184	0.214	0.22	0.274	1.3	2.2	4.3	5.5	6.7
CAF357	12/24/2013	0.186	0.184	0.214	0.22	0.274	1.3	2.2	4.25	5.4	6.62
CAF357	12/25/2013	0.186	0.184	0.214	0.22	0.273	1.3	2.2	4.2	5.4	6.6
CAF357	12/26/2013	0.186	0.184	0.214	0.22	0.273	1.3	2.2	4.2	5.31	6.5
CAF357	12/27/2013	0.186	0.184	0.214	0.22	0.273	1.3	2.2	4.2	5.3	6.49
CAF357	12/28/2013	0.186	0.184	0.214	0.22	0.273	1.3	2.14	4.1	5.29	6.4
CAF357	12/29/2013	0.186	0.184	0.214	0.22	0.273	1.3	2.1	4.1	5.2	6.4
CAF357	12/30/2013	0.186	0.184	0.214	0.22	0.273	1.3	2.1	4.1	5.2	6.3
CAF357	12/31/2013	0.185	0.184	0.214	0.22	0.273	1.3	2.1	4.1	5.15	6.3
CAF357	01/01/2014	0.185	0.184	0.214	0.22	0.273	1.3	2.1	4	5.1	6.21
CAF357	01/02/2014	0.184	0.185	0.214	0.22	0.272	1.3	2.1	4	5.1	6.2
CAF357	01/03/2014	0.184	0.185	0.214	0.22	0.272	1.3	2.1	4	5.06	6.15
CAF357	01/04/2014	0.184	0.185	0.214	0.22	0.272	1.3	2.1	4	5	6.1
CAF357	01/05/2014	0.184	0.185	0.215	0.22	0.272	1.25	2.08	3.98	5	6.1
CAF357	01/06/2014	0.182	0.186	0.214	0.22	0.272	1.09	2	3.9	4.99	6.02
CAF357	01/07/2014	0.181	0.186	0.214	0.22	0.272	0.95	1.9	3.9	4.9	6
CAF357	01/08/2014	0.18	0.186	0.214	0.22	0.272	0.9	1.82	3.82	4.9	5.97
CAF357	01/09/2014	0.179	0.186	0.214	0.22	0.272	0.91	1.8	3.8	4.88	5.9
CAF357	01/10/2014	0.179	0.186	0.215	0.22	0.271	1	1.8	3.78	4.8	5.9
CAF357	01/11/2014	0.18	0.186	0.215	0.22	0.272	1	1.8	3.7	4.77	5.82
CAF357	01/12/2014	0.18	0.186	0.215	0.22	0.272	1	1.7	3.6	4.61	5.77
CAF357	01/13/2014	0.18	0.186	0.215	0.22	0.272	1	1.7	3.6	4.6	5.7
CAF357	01/14/2014	0.181	0.187	0.215	0.22	0.273	1.06	1.7	3.6	4.6	5.69
CAF357	01/15/2014	0.183	0.188	0.215	0.221	0.273	1.1	1.7	3.6	4.6	5.6
CAF357	01/16/2014	0.185	0.189	0.215	0.221	0.273	1.1	1.7	3.58	4.57	5.6
CAF357	01/17/2014	0.187	0.191	0.215	0.222	0.274	1.11	1.7	3.5	4.5	5.58
CAF357	01/18/2014	0.189	0.194	0.215	0.222	0.274	1.2	1.75	3.5	4.5	5.5
CAF357	01/19/2014	0.19	0.197	0.215	0.223	0.274	1.2	1.8	3.5	4.5	5.5
CAF357	01/20/2014	0.191	0.2	0.215	0.223	0.274	1.2	1.8	3.5	4.5	5.5
CAF357	01/21/2014	0.191	0.203	0.215	0.223	0.274	1.2	1.8	3.5	4.44	5.43
CAF357	01/22/2014	0.191	0.206	0.215	0.223	0.274	1.26	1.8	3.5	4.4	5.4
CAF357	01/23/2014	0.191	0.208	0.215	0.224	0.274	1.3	1.8	3.5	4.4	5.4
CAF357	01/24/2014	0.191	0.21	0.215	0.224	0.274	1.3	1.84	3.5	4.4	5.39
CAF357	01/25/2014	0.191	0.212	0.215	0.224	0.273	1.3	1.9	3.5	4.39	5.3
CAF357	01/26/2014	0.191	0.213	0.215	0.224	0.273	1.37	1.9	3.5	4.3	5.3
CAF357	01/27/2014	0.19	0.214	0.215	0.224	0.273	1.4	1.9	3.5	4.3	5.3
CAF357	01/28/2014	0.19	0.215	0.215	0.225	0.273	1.4	1.9	3.5	4.3	5.3
CAF357	01/29/2014	0.189	0.216	0.216	0.225	0.273	1.4	1.9	3.5	4.3	5.26
CAF357	01/30/2014	0.19	0.217	0.216	0.225	0.273	1.4	1.9	3.5	4.3	5.2
CAF357	01/31/2014	0.192	0.218	0.216	0.225	0.273	1.4	1.9	3.5	4.3	5.2
CAF357	02/01/2014	0.194	0.218	0.216	0.225	0.273	1.4	1.9	3.5	4.3	5.2
CAF357	02/02/2014	0.194	0.219	0.216	0.225	0.273	1.4	1.9	3.5	4.23	5.2
CAF357	02/03/2014	0.194	0.219	0.216	0.225	0.273	1.4	1.9	3.5	4.2	5.13
CAF357	02/04/2014	0.195	0.22	0.216	0.225	0.273	1.4	1.9	3.5	4.2	5.1
CAF357	02/05/2014	0.195	0.22	0.216	0.225	0.273	1.4	1.9	3.5	4.2	5.1
CAF357	02/06/2014	0.195	0.22	0.216	0.225	0.273	1.4	1.9	3.49	4.2	5.1
CAF357	02/07/2014	0.194	0.221	0.216	0.225	0.273	1.4	1.9	3.4	4.2	5.1
CAF357	02/08/2014	0.194	0.221	0.216	0.225	0.273	1.4	1.9	3.4	4.2	5.08
CAF357	02/09/2014	0.193	0.221	0.216	0.225	0.272	1.4	1.9	3.4	4.2	5
CAF357	02/10/2014	0.192	0.221	0.217	0.225	0.272	1.37	1.87	3.4	4.1	5
CAF357	02/11/2014	0.191	0.221	0.217	0.225	0.272	1.3	1.8	3.4	4.1	5
CAF357	02/12/2014	0.191	0.222	0.217	0.225	0.272	1.3	1.8	3.4	4.1	5
CAF357	02/13/2014	0.197	0.222	0.217	0.225	0.272	1.3	1.8	3.4	4.1	4.99
CAF357	02/14/2014	0.232	0.229	0.217	0.225	0.272	1.11	1.77	3.37	4.1	4.9
CAF357	02/15/2014	0.25	0.257	0.217	0.225	0.273	1.06	1.7	3.3	4.06	4.9
CAF357	02/16/2014	0.246	0.286	0.217	0.225	0.272	1.1	1.6	3.21	4	4.9
CAF357	02/17/2014	0.247	0.287	0.217	0.225	0.272	1.23	1.63	3.1	3.96	4.87
CAF357	02/18/2014	0.244	0.29	0.276	0.225	0.272	1.46	1.67	3.1	3.9	4.8
CAF357	02/19/2014	0.235	0.289	0.353	0.225	0.272	1.77	1.77	3.1	3.85	4.8
CAF357	02/20/2014	0.228	0.283	0.363	0.225	0.271	1.63	1.9	3.1	3.8	4.73
CAF357	02/21/2014	0.23	0.283	0.366	0.227	0.271	1.52	1.9	3.19	3.8	4.7
CAF357	02/22/2014	0.226	0.282	0.368	0.231	0.271	1.6	1.9	3.2	3.8	4.7
CAF357	02/23/2014	0.224	0.28	0.368	0.235	0.271	1.6	1.9	3.2	3.8	4.7
CAF357	02/24/2014	0.223	0.279	0.368	0.238	0.271	1.6	2	3.2	3.8	4.7
CAF357	02/25/2014	0.223	0.277	0.368	0.241	0.271	1.6	2	3.2	3.8	4.61
CAF357	02/26/2014	0.222	0.277	0.367	0.242	0.271	1.6	2	3.2	3.8	4.6
CAF357	02/27/2014	0.222	0.276	0.367	0.243	0.271	1.6	2	3.2	3.8	4.6
CAF357	02/28/2014	0.222	0.276	0.366	0.244	0.272	1.7	2	3.2	3.8	4.6
CAF357	03/01/2014	0.224	0.276	0.366	0.244	0.272	1.7	2	3.2	3.8	4.6
CAF357	03/02/2014	0.223	0.276	0.366	0.245	0.272	1.64	2	3.2	3.8	4.6
CAF357	03/03/2014	0.239	0.278	0.366	0.245	0.272	1.6	2	3.2	3.8	4.6
CAF357	03/04/2014	0.251	0.292	0.373	0.248	0.272	1.59	1.97	3.2	3.8	4.6
CAF357	03/05/2014	0.237	0.29	0.378	0.281	0.272	2.44	2.07	3.2	3.74	4.52
CAF357	03/06/2014	0.245	0.293	0.379	0.288	0.274	3.72	2.51	3.25	3.7	4.5
CAF357	03/07/2014	0.236	0.292	0.379	0.293	0.281	4.3	3.01	3.46	3.77	4.5
CAF357	03/08/2014	0.229	0.289	0.378	0.294	0.294	4.43	3.33	3.7	3.85	4.5
CAF357	03/09/2014	0.244	0.291	0.378	0.294	0.303	5.09	3.57	3.93	3.97	4.5
CAF357	03/10/2014	0.238	0.294	0.381	0.297	0.309	5.8	4.07	4.15	4.09	4.57
CAF357	03/11/2014	0.232	0.292	0.38	0.298	0.318	5.21	4.28	4.42	4.24	4.61
CAF357	03/12/2014	0.229	0.29	0.379	0.298	0.323	5.08	4.26	4.58	4.4	4.7
CAF357	03/13/2014	0.226	0.287	0.378	0.298	0.326	5.08	4.25	4.7	4.56	4.79
CAF357	03/14/2014	0.225	0.286	0.377	0.297	0.327	5.17	4.3	4.77	4.67	4.88
CAF357	03/15/2014	0.227	0.285	0.377	0.296	0.328	4.76	4.29	4.84	4.74	4.94
CAF357	03/16/2014	0.225	0.285	0.376	0.295	0.328	4.85	4.2	4.9	4.8	5
CAF357	03/17/2014	0.228	0.284	0.376	0.295	0.329	5.11	4.36	4.9	4.9	5.09
CAF357	03/18/2014	0.227	0.285	0.376	0.294	0.328	4.5	4.31	5	4.9	5.1
CAF357	03/19/2014	0.225	0.284	0.375	0.294	0.328	4.35	4.16	5	4.99	5.19
CAF357	03/20/2014	0.223	0.283	0.375	0.294	0.328	4.24	4.07	5	5	5.2
CAF357	03/21/2014	0.221	0.281	0.374	0.293	0.329	3.88	3.92	4.91	5	5.25
CAF357	03/22/2014	0.22	0.28	0.374	0.293	0.328	3.85	3.78	4.9	5	5.3
CAF357	03/23/2014	0.219	0.279	0.373	0.293	0.328	4.15	3.77	4.81	5	5.3
CAF357	03/24/2014	0.218	0.278	0.373	0.292	0.328	4.4	3.88	4.8	5	5.3
CAF357	03/25/2014	0.217	0.277	0.372	0.292	0.328	4.66	3.98	4.83	5	5.3
CAF357	03/26/2014	0.216	0.277	0.372	0.291	0.328	4.87	4.12	4.9	5	5.3
CAF357	03/27/2014	0.215	0.276	0.372	0.29	0.327	5.27	4.33	4.96	5	5.3
CAF357	03/28/2014	0.215	0.276	0.371	0.29	0.327	5.27	4.49	5.06	5.07	5.3
CAF357	03/29/2014	0.217	0.275	0.371	0.289	0.327	5.57	4.6	5.15	5.1	5.39
CAF357	03/30/2014	0.219	0.275	0.371	0.289	0.327	5.82	4.85	5.24	5.17	5.4
CAF357	03/31/2014	0.218	0.276	0.371	0.288	0.326	5.55	4.88	5.35	5.22	5.4
CAF357	04/01/2014	0.218	0.276	0.371	0.287	0.326	5.78	4.9	5.4	5.3	5.5
CAF357	04/02/2014	0.217	0.276	0.371	0.287	0.326	5.93	5.06	5.5	5.32	5.5
CAF357	04/03/2014	0.216	0.276	0.371	0.286	0.326	5.74	5.07	5.55	5.4	5.55
CAF357	04/04/2014	0.215	0.275	0.371	0.286	0.325	6.27	5.16	5.6	5.44	5.6
CAF357	04/05/2014	0.215	0.275	0.37	0.285	0.325	6.18	5.34	5.68	5.5	5.6
CAF357	04/06/2014	0.215	0.275	0.37	0.285	0.325	6.55	5.44	5.77	5.55	5.7
CAF357	04/07/2014	0.214	0.275	0.37	0.285	0.325	6.87	5.66	5.85	5.6	5.7
CAF357	04/08/2014	0.214	0.275	0.37	0.284	0.324	7.95	6	5.97	5.69	5.77
CAF357	04/09/2014	0.213	0.276	0.37	0.284	0.324	8.65	6.53	6.18	5.77	5.8
CAF357	04/10/2014	0.212	0.276	0.371	0.283	0.324	8.35	6.78	6.36	5.9	5.86
CAF357	04/11/2014	NA	NA	NA	NA	NA	NA	NA	NA	NA	NA
CAF357	04/14/2014	0.206	0.274	0.37	0.281	0.323	8.13	6.8	6.9	6.4	6.2
CAF357	04/15/2014	0.206	0.274	0.37	0.281	0.323	8.33	6.94	6.9	6.41	6.25
CAF357	04/16/2014	0.204	0.274	0.37	0.28	0.323	7.87	6.98	7	6.5	6.3
CAF357	04/17/2014	0.203	0.275	0.37	0.28	0.323	7.85	6.9	7	6.56	6.4
CAF357	04/18/2014	0.203	0.276	0.369	0.28	0.323	7.88	6.9	7.08	6.6	6.43
CAF357	04/19/2014	0.203	0.276	0.369	0.279	0.323	7.57	6.87	7.1	6.67	6.5
CAF357	04/20/2014	0.203	0.275	0.369	0.279	0.323	7.76	6.8	7.1	6.7	6.51
CAF357	04/21/2014	0.202	0.276	0.369	0.279	0.322	8.45	7.02	7.1	6.7	6.6
CAF357	04/22/2014	0.201	0.276	0.369	0.278	0.322	8.67	7.25	7.21	6.79	6.6
CAF357	04/23/2014	0.2	0.276	0.369	0.278	0.322	7.98	7.27	7.31	6.81	6.66
CAF357	04/24/2014	0.2	0.275	0.368	0.278	0.322	7.69	7.06	7.32	6.9	6.7
CAF357	04/25/2014	0.201	0.275	0.368	0.277	0.322	7.87	7	7.3	6.9	6.74
CAF357	04/26/2014	0.203	0.274	0.368	0.277	0.322	7.9	7	7.3	6.91	6.8
CAF357	04/27/2014	0.203	0.274	0.368	0.277	0.322	7.81	7.04	7.3	7	6.8
CAF357	04/28/2014	0.203	0.273	0.368	0.276	0.322	7.45	6.93	7.3	7	6.85
CAF357	04/29/2014	0.203	0.273	0.367	0.276	0.321	7.69	6.85	7.3	7	6.9
CAF357	04/30/2014	0.203	0.273	0.367	0.276	0.321	8.5	7.04	7.3	7	6.9
CAF357	05/01/2014	0.203	0.274	0.367	0.276	0.321	9.55	7.47	7.39	7	6.9
CAF357	05/02/2014	0.202	0.275	0.367	0.276	0.321	10.75	8.06	7.58	7.07	6.91
CAF357	05/03/2014	0.2	0.276	0.367	0.275	0.321	11.4	8.64	7.87	7.17	7
CAF357	05/04/2014	0.198	0.277	0.368	0.275	0.321	11.25	8.97	8.17	7.34	7.02
CAF357	05/05/2014	0.197	0.277	0.368	0.275	0.32	11.2	9.09	8.41	7.52	7.1
CAF357	05/06/2014	0.195	0.277	0.368	0.275	0.32	11.03	9.17	8.57	7.68	7.2
CAF357	05/07/2014	0.194	0.276	0.368	0.275	0.32	10.77	9.17	8.7	7.81	7.3
CAF357	05/08/2014	0.191	0.275	0.368	0.275	0.32	10.92	9.18	8.79	7.93	7.4
CAF357	05/09/2014	0.189	0.275	0.368	0.274	0.32	11.17	9.27	8.85	8.01	7.49
CAF357	05/10/2014	0.187	0.275	0.368	0.274	0.32	10.67	9.32	8.97	8.11	7.57
CAF357	05/11/2014	0.186	0.273	0.368	0.274	0.32	10.54	9.18	9	8.2	7.64
CAF357	05/12/2014	0.184	0.272	0.368	0.274	0.32	10.48	9.17	9	8.26	7.7
CAF357	05/13/2014	0.18	0.268	0.367	0.273	0.32	10.93	9.25	9.04	8.3	7.8
CAF357	05/14/2014	0.177	0.265	0.367	0.273	0.32	11.57	9.48	9.13	8.37	7.83
CAF357	05/15/2014	0.173	0.26	0.367	0.273	0.32	12.36	9.87	9.27	8.44	7.9
CAF357	05/16/2014	0.17	0.255	0.367	0.273	0.32	13.07	10.33	9.48	8.54	7.96
CAF357	05/17/2014	0.165	0.25	0.367	0.273	0.32	13.09	10.67	9.74	8.67	8.03
CAF357	05/18/2014	0.162	0.247	0.366	0.272	0.32	12.73	10.8	9.97	8.83	8.13
CAF357	05/19/2014	0.16	0.244	0.366	0.272	0.32	12.5	10.77	10.13	8.97	8.22
CAF357	05/20/2014	0.157	0.24	0.365	0.272	0.32	12.58	10.79	10.22	9.1	8.33
CAF357	05/21/2014	0.153	0.234	0.364	0.271	0.32	12.81	10.88	10.3	9.21	8.42
CAF357	05/22/2014	0.15	0.227	0.363	0.271	0.32	13.16	11.06	10.42	9.32	8.52
CAF357	05/23/2014	0.147	0.221	0.361	0.27	0.319	13.72	11.34	10.55	9.42	8.61
CAF357	05/24/2014	0.145	0.217	0.36	0.27	0.319	13.86	11.58	10.73	9.54	8.7
CAF357	05/25/2014	0.142	0.214	0.357	0.27	0.319	13.77	11.75	10.9	9.68	8.8
CAF357	05/26/2014	0.14	0.21	0.355	0.269	0.319	13.89	11.8	11.04	9.82	8.9
CAF357	05/27/2014	0.138	0.208	0.351	0.269	0.319	13.72	11.91	11.16	9.94	9
CAF357	05/28/2014	0.137	0.207	0.349	0.268	0.319	13.53	11.91	11.26	10.06	9.1
CAF357	05/29/2014	0.136	0.207	0.347	0.268	0.319	12.61	11.68	11.3	10.17	9.2
CAF357	05/30/2014	0.135	0.206	0.343	0.267	0.319	12.55	11.43	11.3	10.22	9.3
CAF357	05/31/2014	0.134	0.205	0.338	0.266	0.32	13.07	11.47	11.21	10.3	9.38
CAF357	06/01/2014	0.133	0.205	0.331	0.265	0.32	13.38	11.62	11.26	10.3	9.43
CAF357	06/02/2014	0.133	0.204	0.323	0.263	0.32	13.78	11.8	11.33	10.33	9.5
CAF357	06/03/2014	0.132	0.203	0.313	0.262	0.32	14.35	12.08	11.44	10.4	9.55
CAF357	06/04/2014	0.131	0.203	0.303	0.26	0.32	14.51	12.36	11.57	10.48	9.6
CAF357	06/05/2014	0.13	0.202	0.292	0.257	0.319	14.48	12.49	11.73	10.57	9.7
CAF357	06/06/2014	0.129	0.202	0.28	0.255	0.319	14.08	12.51	11.84	10.67	9.75
CAF357	06/07/2014	0.128	0.201	0.267	0.252	0.318	13.94	12.44	11.9	10.75	9.83
CAF357	06/08/2014	0.127	0.2	0.256	0.248	0.317	13.96	12.4	11.9	10.8	9.9
CAF357	06/09/2014	0.127	0.2	0.248	0.244	0.316	14.25	12.48	11.98	10.9	9.99
CAF357	06/10/2014	0.126	0.199	0.244	0.239	0.314	14.16	12.57	12.01	10.92	10.03
CAF357	06/11/2014	0.125	0.198	0.24	0.234	0.313	13.95	12.54	12.1	11	10.1
CAF357	06/12/2014	0.125	0.198	0.237	0.229	0.311	14.16	12.55	12.1	11.03	10.15
CAF357	06/13/2014	0.124	0.197	0.235	0.225	0.309	14.13	12.6	12.15	11.1	10.2
CAF357	06/14/2014	0.123	0.197	0.234	0.224	0.308	13.68	12.56	12.2	11.11	10.26
CAF357	06/15/2014	0.123	0.197	0.233	0.223	0.307	13.08	12.3	12.2	11.2	10.3
CAF357	06/16/2014	0.123	0.196	0.232	0.22	0.304	12.92	12.07	12.1	11.2	10.35
CAF357	06/17/2014	0.122	0.196	0.231	0.219	0.304	12.48	11.9	12.01	11.2	10.4
CAF357	06/18/2014	0.122	0.196	0.231	0.22	0.304	11.96	11.57	11.94	11.2	10.4
CAF357	06/19/2014	0.122	0.195	0.231	0.218	0.301	12.41	11.4	11.8	11.12	10.4
CAF357	06/20/2014	0.122	0.196	0.23	0.216	0.296	13.19	11.64	11.7	11.1	10.4
CAF357	06/21/2014	0.122	0.196	0.23	0.214	0.292	13.15	11.85	11.78	11.1	10.4
CAF357	06/22/2014	0.122	0.196	0.229	0.211	0.286	13.16	11.89	11.8	11.1	10.4
CAF357	06/23/2014	0.122	0.195	0.228	0.208	0.279	13.47	11.97	11.87	11.1	10.4
CAF357	06/24/2014	0.122	0.195	0.227	0.205	0.272	14.1	12.22	11.92	11.1	10.42
CAF357	06/25/2014	0.122	0.195	0.227	0.203	0.266	14.12	12.45	12.03	11.16	10.5
CAF357	06/26/2014	0.122	0.195	0.226	0.201	0.262	14.42	12.6	12.15	11.2	10.5
CAF357	06/27/2014	0.122	0.195	0.226	0.201	0.262	14.46	12.77	12.27	11.3	10.5
CAF357	06/28/2014	0.121	0.195	0.225	0.2	0.258	14.31	12.8	12.37	11.37	10.6
CAF357	06/29/2014	0.121	0.195	0.225	0.199	0.251	14.19	12.78	12.4	11.4	10.6
CAF357	06/30/2014	0.121	0.194	0.224	0.197	0.246	13.99	12.74	12.4	11.49	10.67
CAF357	07/01/2014	0.12	0.194	0.223	0.195	0.242	14.22	12.72	12.42	11.5	10.7
CAF357	07/02/2014	0.12	0.193	0.221	0.192	0.236	14.89	12.92	12.5	11.5	10.7
CAF357	07/03/2014	0.12	0.193	0.22	0.19	0.232	15.63	13.29	12.58	11.6	10.8
CAF357	07/04/2014	0.12	0.193	0.219	0.189	0.229	15.7	13.63	12.76	11.65	10.8
CAF357	07/05/2014	0.119	0.192	0.218	0.188	0.226	15.57	13.7	12.93	11.75	10.85
CAF357	07/06/2014	0.119	0.192	0.217	0.187	0.222	15.88	13.86	13.04	11.84	10.9
CAF357	07/07/2014	0.118	0.191	0.216	0.185	0.219	16.29	14.07	13.16	11.93	10.98
CAF357	07/08/2014	0.118	0.191	0.215	0.184	0.215	16.67	14.35	13.32	12.02	11.01
CAF357	07/09/2014	0.117	0.19	0.213	0.183	0.213	17.08	14.63	13.48	12.13	11.1
CAF357	07/10/2014	0.116	0.19	0.212	0.182	0.21	17.21	14.87	13.67	12.25	11.17
CAF357	07/11/2014	0.116	0.189	0.211	0.181	0.208	17.22	15.03	13.85	12.36	11.23
CAF357	07/12/2014	0.115	0.188	0.21	0.181	0.206	17.43	15.17	13.98	12.48	11.32
CAF357	07/13/2014	0.115	0.188	0.209	0.18	0.205	17.74	15.37	14.14	12.61	11.4
CAF357	07/14/2014	0.115	0.188	0.208	0.18	0.203	18.28	15.64	14.29	12.72	11.5
CAF357	07/15/2014	0.114	0.187	0.207	0.179	0.202	18.55	15.95	14.5	12.85	11.59
CAF357	07/16/2014	0.114	0.187	0.206	0.179	0.201	18.76	16.18	14.69	12.99	11.68
CAF357	07/17/2014	0.114	0.187	0.206	0.179	0.2	19	16.45	14.89	13.13	11.78
CAF357	07/18/2014	0.113	0.186	0.205	0.179	0.2	18.76	16.58	15.08	13.28	11.87
CAF357	07/19/2014	0.113	0.186	0.204	0.179	0.199	18.39	16.51	15.2	13.43	11.98
CAF357	07/20/2014	0.112	0.186	0.204	0.179	0.199	18.65	16.57	15.3	13.55	12.09
CAF357	07/21/2014	0.112	0.185	0.203	0.179	0.199	18.22	16.54	15.38	13.65	12.19
CAF357	07/22/2014	0.112	0.185	0.203	0.179	0.199	18.1	16.42	15.4	13.73	12.28
CAF357	07/23/2014	0.113	0.185	0.203	0.179	0.199	18.16	16.4	15.4	13.8	12.37
CAF357	07/24/2014	0.115	0.184	0.203	0.179	0.2	17.6	16.34	15.47	13.88	12.42
CAF357	07/25/2014	0.114	0.184	0.203	0.179	0.2	16.75	15.95	15.42	13.9	12.5
CAF357	07/26/2014	0.114	0.184	0.202	0.179	0.2	16.73	15.67	15.3	13.9	12.58
CAF357	07/27/2014	0.114	0.184	0.202	0.179	0.199	17.04	15.65	15.2	13.9	12.6
CAF357	07/28/2014	0.114	0.184	0.202	0.179	0.2	17.78	15.84	15.2	13.9	12.6
CAF357	07/29/2014	0.115	0.184	0.202	0.179	0.2	18.55	16.23	15.25	13.9	12.7
CAF357	07/30/2014	0.115	0.185	0.202	0.179	0.2	19.03	16.64	15.42	13.95	12.7
CAF357	07/31/2014	0.115	0.185	0.203	0.179	0.2	19.28	16.95	15.62	14.05	12.73
CAF357	08/01/2014	0.115	0.186	0.203	0.18	0.201	19.74	17.23	15.81	14.16	12.8
CAF357	08/02/2014	0.116	0.186	0.203	0.18	0.201	20.27	17.56	16.02	14.28	12.88
CAF357	08/03/2014	0.116	0.186	0.204	0.18	0.202	20.47	17.87	16.24	14.44	12.96
CAF357	08/04/2014	0.116	0.187	0.204	0.18	0.202	20.26	18.02	16.45	14.57	13.05
CAF357	08/05/2014	0.116	0.187	0.204	0.181	0.203	20.12	18.05	16.58	14.73	13.15
CAF357	08/06/2014	0.115	0.187	0.205	0.181	0.203	19.93	18.01	16.68	14.85	13.25
CAF357	08/07/2014	0.115	0.187	0.205	0.181	0.204	19.71	17.95	16.7	14.95	13.34
CAF357	08/08/2014	0.115	0.187	0.205	0.181	0.204	19.48	17.86	16.74	15	13.42
CAF357	08/09/2014	0.115	0.186	0.205	0.181	0.204	18.97	17.64	16.73	15.09	13.5
CAF357	08/10/2014	0.115	0.186	0.205	0.181	0.205	19.11	17.53	16.7	15.1	13.58
CAF357	08/11/2014	0.115	0.186	0.205	0.182	0.205	19.6	17.64	16.7	15.1	13.6
CAF357	08/12/2014	0.116	0.187	0.205	0.182	0.206	20.3	17.9	16.72	15.15	13.7
CAF357	08/13/2014	0.116	0.187	0.205	0.182	0.206	20.15	18.15	16.85	15.2	13.7
CAF357	08/14/2014	0.116	0.186	0.205	0.182	0.206	19.49	17.99	16.9	15.28	13.78
CAF357	08/15/2014	0.116	0.186	0.205	0.182	0.207	19.2	17.77	16.9	15.3	13.81
CAF357	08/16/2014	0.116	0.186	0.205	0.182	0.207	18.99	17.58	16.89	15.37	13.9
CAF357	08/17/2014	0.117	0.186	0.205	0.182	0.207	18.95	17.47	16.8	15.4	13.9
CAF357	08/18/2014	0.117	0.186	0.205	0.182	0.207	19.06	17.45	16.8	15.38	13.95
CAF357	08/19/2014	0.117	0.186	0.205	0.182	0.208	19.24	17.52	16.8	15.34	14
CAF357	08/20/2014	0.117	0.186	0.205	0.182	0.208	19.04	17.55	16.8	15.4	14
CAF357	08/21/2014	0.117	0.186	0.205	0.182	0.208	18.59	17.42	16.8	15.4	14
CAF357	08/22/2014	0.117	0.186	0.205	0.182	0.208	18.4	17.24	16.73	15.4	14.07
CAF357	08/23/2014	0.117	0.186	0.205	0.182	0.209	18.07	17.04	16.66	15.4	14.1
CAF357	08/24/2014	0.117	0.186	0.205	0.182	0.209	17.88	16.86	16.56	15.38	14.1
CAF357	08/25/2014	0.117	0.186	0.205	0.182	0.209	17.72	16.73	16.45	15.3	14.1
CAF357	08/26/2014	0.117	0.186	0.205	0.182	0.209	17.63	16.58	16.36	15.3	14.1
CAF357	08/27/2014	0.118	0.186	0.205	0.182	0.21	17.89	16.59	16.3	15.22	14.1
CAF357	08/28/2014	0.118	0.186	0.205	0.182	0.21	18.34	16.73	16.27	15.2	14.1
CAF357	08/29/2014	0.118	0.186	0.205	0.182	0.21	18.24	16.85	16.3	15.2	14.1
CAF357	08/30/2014	0.118	0.186	0.205	0.182	0.21	18.32	16.88	16.3	15.2	14.1
CAF357	08/31/2014	0.118	0.186	0.205	0.182	0.21	18.06	16.87	16.3	15.2	14.1
CAF357	09/01/2014	0.118	0.186	0.205	0.182	0.21	17.56	16.71	16.3	15.2	14.1
CAF357	09/02/2014	0.118	0.186	0.205	0.182	0.21	17.29	16.47	16.27	15.2	14.1
CAF357	09/03/2014	0.118	0.186	0.205	0.182	0.211	17.16	16.36	16.19	15.2	14.1
CAF357	09/04/2014	0.118	0.185	0.205	0.182	0.211	16.32	16.03	16.08	15.14	14.1
CAF357	09/05/2014	0.118	0.185	0.205	0.182	0.211	16.32	15.75	15.93	15.1	14.1
CAF357	09/06/2014	0.118	0.185	0.205	0.182	0.211	16.46	15.66	15.77	15	14.1
CAF357	09/07/2014	0.118	0.185	0.205	0.182	0.211	16.63	15.66	15.7	14.93	14.08
CAF357	09/08/2014	0.118	0.185	0.204	0.182	0.211	16.74	15.7	15.6	14.9	14
CAF357	09/09/2014	0.119	0.185	0.205	0.182	0.211	16.74	15.73	15.66	14.81	14
CAF357	09/10/2014	0.118	0.185	0.204	0.182	0.211	16.57	15.68	15.7	14.8	14
CAF357	09/11/2014	0.118	0.185	0.204	0.182	0.212	15.85	15.48	15.58	14.8	13.95
CAF357	09/12/2014	0.118	0.185	0.204	0.182	0.212	15.32	15.13	15.41	14.73	13.9
CAF357	09/13/2014	0.118	0.184	0.204	0.182	0.212	15.17	14.85	15.22	14.67	13.9
CAF357	09/14/2014	0.118	0.184	0.204	0.182	0.212	15.19	14.7	15.1	14.58	13.9
CAF357	09/15/2014	0.118	0.184	0.204	0.182	0.212	15.23	14.65	14.95	14.5	13.81
CAF357	09/16/2014	0.118	0.184	0.204	0.182	0.212	15.69	14.68	14.85	14.4	13.8
CAF357	09/17/2014	0.118	0.184	0.204	0.182	0.212	16.09	14.88	14.8	14.35	13.72
CAF357	09/18/2014	0.118	0.185	0.204	0.182	0.212	16.33	15.07	14.9	14.3	13.7
CAF357	09/19/2014	0.119	0.185	0.204	0.182	0.212	16.45	15.19	14.91	14.3	13.7
CAF357	09/20/2014	0.119	0.185	0.204	0.182	0.212	16.35	15.26	15	14.3	13.64
CAF357	09/21/2014	0.119	0.185	0.204	0.182	0.212	16.46	15.29	15	14.3	13.6
CAF357	09/22/2014	0.119	0.185	0.204	0.182	0.213	16.66	15.38	15.05	14.39	13.6
CAF357	09/23/2014	0.119	0.185	0.204	0.182	0.213	16.91	15.49	15.1	14.4	13.6
CAF357	09/24/2014	0.119	0.186	0.204	0.182	0.213	16.83	15.6	15.17	14.4	13.6
CAF357	09/25/2014	0.119	0.186	0.205	0.182	0.213	16.48	15.56	15.2	14.4	13.7
CAF357	09/26/2014	0.119	0.185	0.205	0.182	0.213	16.24	15.37	15.2	14.46	13.7
CAF357	09/27/2014	0.118	0.185	0.205	0.182	0.213	15.9	15.24	15.15	14.5	13.7
CAF357	09/28/2014	0.118	0.185	0.205	0.182	0.213	15.79	15.06	15.08	14.41	13.7
CAF357	09/29/2014	0.118	0.185	0.204	0.182	0.213	15.99	15.04	15	14.4	13.7
CAF357	09/30/2014	0.118	0.185	0.204	0.182	0.214	15.52	14.97	15	14.4	13.7
CAF357	10/01/2014	0.118	0.184	0.204	0.182	0.214	14.41	14.6	14.88	14.35	13.7
CAF357	10/02/2014	0.117	0.184	0.204	0.182	0.214	13.45	14.01	14.7	14.29	13.65
CAF357	10/03/2014	0.117	0.183	0.204	0.182	0.214	12.76	13.46	14.42	14.18	13.6
CAF357	10/04/2014	0.117	0.183	0.203	0.182	0.214	12.6	13.02	14.11	14.05	13.59
CAF357	10/05/2014	0.117	0.182	0.203	0.181	0.214	12.81	12.86	13.85	13.87	13.5
CAF357	10/06/2014	0.117	0.182	0.203	0.181	0.214	13.16	12.87	13.66	13.73	13.42
CAF357	10/07/2014	0.118	0.183	0.203	0.181	0.214	13.59	12.97	13.6	13.59	13.34
CAF357	10/08/2014	0.118	0.183	0.203	0.181	0.214	13.8	13.16	13.6	13.5	13.27
CAF357	10/09/2014	0.118	0.183	0.203	0.181	0.214	13.43	13.15	13.6	13.45	13.2
CAF357	10/10/2014	0.118	0.183	0.203	0.181	0.214	13.01	12.94	13.53	13.4	13.15
CAF357	10/11/2014	0.118	0.182	0.203	0.181	0.214	13.08	12.8	13.44	13.37	13.1
CAF357	10/12/2014	0.118	0.182	0.203	0.181	0.214	12.8	12.74	13.37	13.3	13.07
CAF357	10/13/2014	0.118	0.182	0.203	0.181	0.214	12.48	12.52	13.27	13.22	13
CAF357	10/14/2014	0.118	0.182	0.202	0.181	0.214	12.57	12.4	13.15	13.16	12.98
CAF357	10/15/2014	0.121	0.182	0.202	0.181	0.214	12.48	12.37	13.06	13.09	12.9
CAF357	10/16/2014	0.126	0.182	0.202	0.18	0.214	11.77	12.13	12.97	13	12.87
CAF357	10/17/2014	0.126	0.182	0.202	0.18	0.214	11.3	11.77	12.82	12.93	12.8
CAF357	10/18/2014	0.127	0.181	0.202	0.18	0.214	11.38	11.53	12.63	12.83	12.75
CAF357	10/19/2014	0.127	0.181	0.202	0.18	0.214	11.67	11.5	12.46	12.72	12.69
CAF357	10/20/2014	0.127	0.181	0.202	0.18	0.214	11.76	11.51	12.4	12.6	12.6
CAF357	10/21/2014	0.127	0.181	0.202	0.18	0.214	11.88	11.58	12.31	12.53	12.53
CAF357	10/22/2014	0.127	0.181	0.202	0.18	0.214	11.38	11.5	12.3	12.47	12.49
CAF357	10/23/2014	0.127	0.181	0.202	0.18	0.214	11.35	11.31	12.22	12.4	12.4
CAF357	10/24/2014	0.127	0.181	0.202	0.18	0.214	11.16	11.24	12.13	12.32	12.37
CAF357	10/25/2014	0.127	0.181	0.202	0.18	0.214	11.01	11.07	12.04	12.28	12.3
CAF357	10/26/2014	0.127	0.181	0.201	0.18	0.214	10.96	10.99	11.93	12.2	12.25
CAF357	10/27/2014	0.127	0.181	0.201	0.18	0.214	10.23	10.76	11.85	12.12	12.2
CAF357	10/28/2014	0.126	0.18	0.201	0.18	0.214	9.683	10.4	11.69	12.04	12.13
CAF357	10/29/2014	0.128	0.179	0.201	0.18	0.214	9.525	10.08	11.49	11.94	12.08
CAF357	10/30/2014	0.128	0.179	0.201	0.179	0.214	9.854	10	11.31	11.82	12
CAF357	10/31/2014	0.129	0.179	0.201	0.179	0.214	10.36	10.08	11.2	11.7	11.91
CAF357	11/01/2014	0.129	0.18	0.201	0.179	0.214	10.55	10.27	11.2	11.6	11.84
CAF357	11/02/2014	0.129	0.18	0.201	0.179	0.214	9.792	10.14	11.18	11.52	11.79
CAF357	11/03/2014	0.128	0.179	0.201	0.179	0.214	9.104	9.762	11.06	11.5	11.7
CAF357	11/04/2014	0.129	0.179	0.201	0.179	0.214	9.129	9.517	10.92	11.41	11.66
CAF357	11/05/2014	0.13	0.179	0.2	0.179	0.214	9.429	9.5	10.77	11.31	11.6
CAF357	11/06/2014	0.131	0.179	0.2	0.179	0.214	9.9	9.579	10.7	11.2	11.51
CAF357	11/07/2014	0.131	0.179	0.2	0.179	0.214	9.933	9.729	10.7	11.13	11.45
CAF357	11/08/2014	0.131	0.179	0.2	0.179	0.214	9.083	9.567	10.69	11.1	11.4
CAF357	11/09/2014	0.131	0.178	0.2	0.179	0.214	8.733	9.221	10.56	11.05	11.33
CAF357	11/10/2014	0.132	0.178	0.2	0.179	0.214	8.367	9.025	10.43	10.97	11.3
CAF357	11/11/2014	0.132	0.178	0.2	0.179	0.214	7.133	8.571	10.25	10.87	11.21
CAF357	11/12/2014	0.132	0.177	0.2	0.178	0.214	5.788	7.85	9.975	10.75	11.16
CAF357	11/13/2014	0.132	0.176	0.199	0.178	0.214	4.862	7.1	9.6	10.58	11.08
CAF357	11/14/2014	0.132	0.175	0.199	0.178	0.214	4.25	6.433	9.175	10.36	10.97
CAF357	11/15/2014	0.132	0.175	0.199	0.178	0.214	3.821	5.908	8.754	10.11	10.84
CAF357	11/16/2014	0.132	0.175	0.198	0.178	0.214	3.329	5.429	8.375	9.833	10.68
CAF357	11/17/2014	0.132	0.174	0.198	0.177	0.214	2.9	4.975	8.004	9.563	10.53
CAF357	11/18/2014	0.132	0.174	0.197	0.177	0.214	2.533	4.571	7.65	9.296	10.35
CAF357	11/19/2014	0.133	0.174	0.197	0.176	0.213	2.4	4.258	7.325	9.025	10.18
CAF357	11/20/2014	0.133	0.174	0.197	0.176	0.213	2.346	4.054	7.042	8.787	10
CAF357	11/21/2014	0.133	0.173	0.196	0.176	0.213	2.392	3.938	6.804	8.575	9.829
CAF357	11/22/2014	0.145	0.173	0.196	0.176	0.213	2.354	3.825	6.612	8.367	9.65
CAF357	11/23/2014	0.149	0.173	0.196	0.176	0.213	2.4	3.754	6.446	8.179	9.492
CAF357	11/24/2014	0.154	0.173	0.196	0.176	0.213	2.446	3.7	6.321	8.033	9.346
CAF357	11/25/2014	0.183	0.173	0.195	0.175	0.213	2.767	3.708	6.2	7.879	9.204
CAF357	11/26/2014	0.216	0.174	0.195	0.175	0.212	3.808	3.971	6.129	7.758	9.067
CAF357	11/27/2014	0.208	0.174	0.195	0.175	0.212	4.696	4.408	6.217	7.7	8.95
CAF357	11/28/2014	0.206	0.175	0.195	0.175	0.212	5.563	4.929	6.358	7.6	8.85
CAF357	11/29/2014	0.217	0.176	0.196	0.175	0.212	5.967	5.446	6.575	7.671	8.8
CAF357	11/30/2014	0.212	0.176	0.196	0.175	0.212	5.042	5.467	6.767	7.7	8.7
CAF357	12/01/2014	0.207	0.175	0.196	0.175	0.212	4.146	5.033	6.792	7.792	8.7
CAF357	12/02/2014	0.205	0.175	0.196	0.175	0.212	3.646	4.621	6.658	7.771	8.7
CAF357	12/03/2014	0.203	0.175	0.196	0.175	0.212	3.321	4.3	6.488	7.7	8.646
CAF357	12/04/2014	0.201	0.174	0.196	0.175	0.212	3.129	4.062	6.317	7.604	8.6
CAF357	12/05/2014	0.206	0.174	0.195	0.175	0.212	2.967	3.892	6.15	7.471	8.521
CAF357	12/06/2014	0.228	0.175	0.195	0.175	0.212	2.829	3.725	6.008	7.358	8.462
CAF357	12/07/2014	0.222	0.175	0.195	0.174	0.212	2.933	3.6	5.858	7.246	8.387
CAF357	12/08/2014	0.218	0.175	0.195	0.174	0.212	3.333	3.65	5.771	7.137	8.3
CAF357	12/09/2014	0.216	0.176	0.195	0.174	0.212	3.946	3.867	5.717	7.058	8.204
CAF357	12/10/2014	0.215	0.176	0.195	0.174	0.212	4.633	4.208	5.804	7	8.146
CAF357	12/11/2014	0.215	0.177	0.195	0.174	0.212	5.267	4.625	5.933	7	8.1
CAF357	12/12/2014	0.221	0.178	0.196	0.174	0.212	5.767	5.042	6.108	7	8.046
CAF357	12/13/2014	0.233	0.18	0.196	0.174	0.212	5.796	5.354	6.3	7.1	8
CAF357	12/14/2014	0.224	0.183	0.196	0.174	0.212	5.292	5.358	6.446	7.162	8
CAF357	12/15/2014	0.22	0.19	0.196	0.174	0.212	4.567	5.062	6.496	7.2	8
CAF357	12/16/2014	0.219	0.202	0.196	0.174	0.213	4.142	4.717	6.383	7.2	8
CAF357	12/17/2014	0.218	0.216	0.196	0.174	0.213	4.087	4.488	6.254	7.2	8
CAF357	12/18/2014	0.217	0.227	0.196	0.174	0.213	4.204	4.4	6.142	7.137	8
CAF357	12/19/2014	0.229	0.234	0.196	0.174	0.213	4.458	4.442	6.096	7.096	8
CAF357	12/20/2014	0.234	0.25	0.196	0.174	0.213	4.479	4.5	6	7	7.9
CAF357	12/21/2014	0.246	0.299	0.196	0.174	0.213	4.7	4.504	6	7	7.9
CAF357	12/22/2014	0.23	0.291	0.196	0.173	0.213	5.042	4.687	6	6.929	7.85
CAF357	12/23/2014	0.226	0.287	0.196	0.173	0.213	4.617	4.754	6	6.9	7.8
CAF357	12/24/2014	0.239	0.288	0.196	0.173	0.213	4.4	4.612	6	6.9	7.8
CAF357	12/25/2014	0.236	0.296	0.196	0.173	0.213	4.213	4.488	5.913	6.9	7.758
CAF357	12/26/2014	0.23	0.292	0.197	0.173	0.213	3.796	4.313	5.829	6.817	7.7
CAF357	12/27/2014	0.226	0.288	0.201	0.173	0.213	3.471	4.1	5.708	6.792	7.7
CAF357	12/28/2014	0.226	0.286	0.215	0.173	0.213	3.233	3.908	5.567	6.7	7.629
CAF357	12/29/2014	0.226	0.285	0.242	0.173	0.213	3.154	3.754	5.446	6.608	7.6
CAF357	12/30/2014	0.224	0.284	0.273	0.173	0.213	2.996	3.637	5.325	6.517	7.521
CAF357	12/31/2014	0.222	0.282	0.293	0.173	0.213	2.829	3.521	5.212	6.425	7.483
CAF357	01/01/2015	0.22	0.279	0.304	0.173	0.213	2.596	3.363	5.054	6.325	7.383
CAF357	01/02/2015	0.218	0.276	0.311	0.173	0.213	2.442	3.213	4.913	6.171	7.292
CAF357	01/03/2015	0.217	0.273	0.314	0.173	0.213	2.333	3.083	4.767	6.062	7.183
CAF357	01/04/2015	0.252	0.277	0.317	0.173	0.213	2.108	2.958	4.646	5.946	7.1
CAF357	01/05/2015	0.242	0.289	0.322	0.173	0.213	2.1	2.875	4.556	5.894	7.037
CAF357	01/06/2015	NA	NA	NA	NA	NA	NA	NA	NA	NA	NA
