CAF312	10/25/2010	NA	0.175	0.195	NA	0.27	8.66	10.47	10.39	NA	11
CAF312	10/26/2010	0.169	0.175	0.194	NA	0.275	7.77	10.17	10.23	NA	10.92
CAF312	10/27/2010	0.169	0.174	0.194	NA	0.281	7.4	9.81	10.1	NA	10.88
CAF312	10/28/2010	0.169	0.174	0.194	NA	0.286	7.33	9.58	9.92	NA	10.8
CAF312	10/29/2010	0.17	0.175	0.194	NA	0.276	7.3	9.43	9.75	NA	10.73
CAF312	10/30/2010	0.17	0.176	0.195	NA	0.256	7.21	9.31	9.61	NA	10.64
CAF312	10/31/2010	0.17	0.176	0.195	NA	0.256	7.27	9.2	9.48	NA	10.57
CAF312	11/01/2010	0.172	0.176	0.195	NA	0.256	7.5	9.2	9.4	NA	10.5
CAF312	11/02/2010	0.176	0.176	0.195	NA	0.256	8.22	9.25	9.31	NA	10.4
CAF312	11/03/2010	0.181	0.176	0.195	NA	0.256	8.03	9.44	9.34	NA	10.33
CAF312	11/04/2010	0.185	0.176	0.195	NA	0.256	7.51	9.34	9.33	NA	10.3
CAF312	11/05/2010	0.19	0.176	0.195	NA	0.256	7.73	9.2	9.3	NA	10.2
CAF312	11/06/2010	0.194	0.176	0.195	NA	0.256	8.37	9.29	9.2	NA	10.19
CAF312	11/07/2010	0.197	0.176	0.195	NA	0.255	8.76	9.51	9.29	NA	10.1
CAF312	11/08/2010	0.2	0.176	0.195	NA	0.256	7.97	9.56	9.3	NA	10.1
CAF312	11/09/2010	0.204	0.176	0.195	NA	0.256	6.73	9.22	9.28	NA	10.03
CAF312	11/10/2010	0.207	0.176	0.194	NA	0.256	6.03	8.73	9.08	NA	10
CAF312	11/11/2010	0.209	0.176	0.194	NA	0.256	5.95	8.4	8.91	NA	9.98
CAF312	11/12/2010	0.211	0.176	0.194	NA	0.256	5.8	8.19	8.73	NA	9.9
CAF312	11/13/2010	0.212	0.176	0.194	NA	0.255	5.38	8.01	8.57	NA	9.85
CAF312	11/14/2010	0.212	0.175	0.194	NA	0.255	5.12	7.72	8.4	NA	9.78
CAF312	11/15/2010	0.214	0.175	0.194	NA	0.255	5.73	7.61	8.24	NA	9.7
CAF312	11/16/2010	0.22	0.175	0.194	NA	0.255	6.32	7.76	8.17	NA	9.6
CAF312	11/17/2010	0.224	0.176	0.194	NA	0.254	6.15	7.9	8.2	NA	9.53
CAF312	11/18/2010	0.227	0.175	0.194	NA	0.254	5.93	7.8	8.13	NA	9.48
CAF312	11/19/2010	0.231	0.175	0.194	NA	0.255	5.15	7.61	8.08	NA	9.4
CAF312	11/20/2010	0.23	0.175	0.194	NA	0.254	4.42	7.23	7.94	NA	9.35
CAF312	11/21/2010	0.229	0.175	0.193	NA	0.254	3.81	6.83	7.7	NA	9.3
CAF312	11/22/2010	0.229	0.175	0.193	NA	0.254	3.42	6.42	7.51	NA	9.21
CAF312	11/23/2010	0.228	0.175	0.193	NA	0.254	3.2	6.16	7.3	NA	9.14
CAF312	11/24/2010	0.228	0.175	0.192	NA	0.254	3.05	5.93	7.09	NA	9.05
CAF312	11/25/2010	0.228	0.175	0.192	NA	0.254	2.91	5.75	6.92	NA	8.95
CAF312	11/26/2010	0.227	0.175	0.193	NA	0.254	2.76	5.6	6.75	NA	8.85
CAF312	11/27/2010	0.227	0.175	0.192	NA	0.254	2.65	5.45	6.59	NA	8.75
CAF312	11/28/2010	0.227	0.175	0.192	NA	0.253	2.6	5.33	6.47	NA	8.65
CAF312	11/29/2010	0.227	0.175	0.192	NA	0.253	2.52	5.23	6.36	NA	8.55
CAF312	11/30/2010	0.226	0.175	0.192	NA	0.253	2.5	5.14	6.25	NA	8.45
CAF312	12/01/2010	0.226	0.176	0.192	NA	0.253	2.5	5.08	6.15	NA	8.36
CAF312	12/02/2010	0.227	0.176	0.192	NA	0.252	2.42	5	6.06	NA	8.27
CAF312	12/03/2010	0.23	0.176	0.192	NA	0.252	2.4	4.9	5.88	NA	8.19
CAF312	12/04/2010	0.23	0.176	0.192	NA	0.252	2.4	4.83	5.86	NA	8.07
CAF312	12/05/2010	0.23	0.176	0.192	NA	0.252	2.4	4.8	5.8	NA	8.02
CAF312	12/06/2010	0.229	0.176	0.192	NA	0.252	2.34	4.72	5.67	NA	7.95
CAF312	12/07/2010	0.229	0.177	0.192	NA	0.252	2.3	4.7	5.63	NA	7.88
CAF312	12/08/2010	0.231	0.177	0.192	NA	0.252	2.27	4.62	5.57	NA	7.8
CAF312	12/09/2010	0.237	0.178	0.192	NA	0.252	2.25	4.52	5.48	NA	7.72
CAF312	12/10/2010	0.239	0.196	0.192	NA	0.251	2.59	4.5	5.4	NA	7.66
CAF312	12/11/2010	0.237	0.236	0.191	NA	0.252	2.63	4.59	5.32	NA	7.57
CAF312	12/12/2010	0.239	0.257	0.192	NA	0.251	2.5	4.55	5.3	NA	7.52
CAF312	12/13/2010	0.241	0.282	0.192	NA	0.252	3.2	4.57	5.22	NA	7.48
CAF312	12/14/2010	0.246	0.316	0.191	NA	0.251	3.94	4.83	5.22	NA	7.4
CAF312	12/15/2010	0.243	0.322	0.191	NA	0.251	3.7	5.08	5.29	NA	7.37
CAF312	12/16/2010	0.241	0.317	0.192	NA	0.251	3.18	5.07	5.4	NA	7.3
CAF312	12/17/2010	0.24	0.313	0.192	NA	0.251	2.78	4.95	5.35	NA	7.3
CAF312	12/18/2010	0.239	0.309	0.193	NA	0.251	2.46	4.76	5.24	NA	7.2
CAF312	12/19/2010	0.238	0.305	0.193	NA	0.251	2.25	4.6	5.11	NA	7.2
CAF312	12/20/2010	0.237	0.303	0.194	NA	0.251	2.12	4.46	5.03	NA	7.14
CAF312	12/21/2010	0.237	0.3	0.196	NA	0.251	2.03	4.35	4.92	NA	7.1
CAF312	12/22/2010	0.236	0.298	0.197	NA	0.251	2	4.22	4.81	NA	7.02
CAF312	12/23/2010	0.236	0.296	0.198	NA	0.251	1.92	4.19	4.72	NA	6.98
CAF312	12/24/2010	0.236	0.294	0.199	NA	0.251	1.9	4.1	4.64	NA	6.9
CAF312	12/25/2010	0.236	0.293	0.201	NA	0.25	1.9	4.07	4.58	NA	6.84
CAF312	12/26/2010	0.235	0.292	0.203	NA	0.25	1.9	4	4.5	NA	6.8
CAF312	12/27/2010	0.235	0.291	0.205	NA	0.25	1.9	4	4.45	NA	6.7
CAF312	12/28/2010	0.241	0.304	0.207	NA	0.25	1.8	3.91	4.4	NA	6.67
CAF312	12/29/2010	0.245	0.333	0.209	NA	0.25	1.71	3.8	4.29	NA	6.6
CAF312	12/30/2010	0.243	0.33	0.228	NA	0.25	1.8	3.8	4.2	NA	6.56
CAF312	12/31/2010	0.242	0.328	0.256	NA	0.25	1.8	3.8	4.2	NA	6.5
CAF312	01/01/2011	0.242	0.325	0.28	NA	0.25	1.81	3.8	4.11	NA	6.43
CAF312	01/02/2011	0.241	0.323	0.291	NA	0.25	1.9	3.8	4.1	NA	6.4
CAF312	01/03/2011	0.241	0.321	0.296	NA	0.25	1.9	3.8	4.1	NA	6.32
CAF312	01/04/2011	0.24	0.32	0.301	NA	0.25	1.9	3.8	4.1	NA	6.3
CAF312	01/05/2011	0.24	0.318	0.306	NA	0.25	1.84	3.8	4.1	NA	6.24
CAF312	01/06/2011	0.24	0.317	0.308	NA	0.25	1.85	3.72	4	NA	6.2
CAF312	01/07/2011	0.24	0.318	0.311	NA	0.25	1.8	3.7	4	NA	6.18
CAF312	01/08/2011	0.241	0.323	0.314	NA	0.25	1.8	3.7	4	NA	6.1
CAF312	01/09/2011	0.241	0.324	0.319	NA	0.25	1.8	3.7	3.93	NA	6.1
CAF312	01/10/2011	0.241	0.324	0.322	NA	0.25	1.8	3.7	3.9	NA	6.03
CAF312	01/11/2011	0.241	0.323	0.325	NA	0.25	1.79	3.66	3.87	NA	6
CAF312	01/12/2011	0.24	0.322	0.326	NA	0.25	1.7	3.6	3.87	NA	5.98
CAF312	01/13/2011	0.247	0.34	0.336	NA	0.249	1.58	3.51	3.83	NA	5.9
CAF312	01/14/2011	0.249	0.354	0.357	NA	0.249	1.41	3.23	3.64	NA	5.9
CAF312	01/15/2011	0.246	0.346	0.356	NA	0.249	1.79	3.27	3.52	NA	5.82
CAF312	01/16/2011	0.251	0.351	0.358	NA	0.249	3.01	3.53	3.6	NA	5.78
CAF312	01/17/2011	0.247	0.346	0.358	NA	0.249	4.3	4.04	3.72	NA	5.7
CAF312	01/18/2011	0.246	0.342	0.357	NA	0.249	4.14	4.5	3.98	NA	5.64
CAF312	01/19/2011	0.245	0.339	0.356	NA	0.249	3.55	4.6	4.17	NA	5.6
CAF312	01/20/2011	0.244	0.337	0.355	NA	0.249	2.92	4.5	4.3	NA	5.6
CAF312	01/21/2011	0.245	0.338	0.355	NA	0.249	2.51	4.33	4.27	NA	5.6
CAF312	01/22/2011	0.247	0.346	0.359	NA	0.249	2.4	4.14	4.22	NA	5.6
CAF312	01/23/2011	0.245	0.343	0.359	NA	0.249	2.51	4.1	4.15	NA	5.6
CAF312	01/24/2011	0.245	0.34	0.358	NA	0.249	2.64	4.1	4.1	NA	5.6
CAF312	01/25/2011	0.245	0.34	0.358	NA	0.25	2.9	4.08	4.1	NA	5.6
CAF312	01/26/2011	0.245	0.34	0.358	NA	0.25	3.19	4.24	4.1	NA	5.6
CAF312	01/27/2011	0.245	NA	0.357	NA	0.25	3.28	NA	4.17	NA	5.57
CAF312	01/28/2011	0.244	NA	0.356	NA	0.25	3.41	NA	4.2	NA	5.5
CAF312	01/29/2011	0.244	NA	0.356	NA	0.25	3.59	NA	4.28	NA	5.5
CAF312	01/30/2011	0.246	NA	0.356	NA	0.251	3.51	NA	4.3	NA	5.5
CAF312	01/31/2011	0.246	NA	0.357	NA	0.254	3	NA	4.37	NA	5.5
CAF312	02/01/2011	0.244	NA	0.356	NA	0.257	2.42	NA	4.32	NA	5.5
CAF312	02/02/2011	0.243	NA	0.356	NA	0.261	1.98	NA	4.27	NA	5.5
CAF312	02/03/2011	0.243	NA	0.356	NA	0.267	1.7	NA	4.16	NA	5.5
CAF312	02/04/2011	0.242	NA	0.355	NA	0.273	1.56	NA	4.05	NA	5.5
CAF312	02/05/2011	0.242	NA	0.354	NA	0.279	1.5	NA	3.95	NA	5.47
CAF312	02/06/2011	0.242	NA	0.353	NA	0.284	1.45	NA	3.86	NA	5.38
CAF312	02/07/2011	0.242	NA	0.352	NA	0.288	1.4	NA	3.79	NA	5.4
CAF312	02/08/2011	0.242	NA	0.352	NA	0.291	1.4	NA	3.7	NA	5.35
CAF312	02/09/2011	0.242	NA	0.351	NA	0.293	1.4	NA	3.65	NA	5.3
CAF312	02/10/2011	0.242	NA	0.351	NA	0.295	1.4	NA	3.6	NA	5.29
CAF312	02/11/2011	0.241	NA	0.35	NA	0.296	1.4	NA	3.54	NA	5.2
CAF312	02/12/2011	0.241	NA	0.35	NA	0.298	1.4	NA	3.5	NA	5.2
CAF312	02/13/2011	0.242	NA	0.35	NA	0.299	1.43	NA	3.5	NA	5.14
CAF312	02/14/2011	0.242	NA	0.35	NA	0.3	1.73	NA	3.5	NA	5.1
CAF312	02/15/2011	0.242	NA	0.349	NA	0.301	2.41	NA	3.5	NA	5.1
CAF312	02/16/2011	0.244	NA	0.35	NA	0.301	2.32	NA	3.53	NA	5.05
CAF312	02/17/2011	0.244	NA	0.351	NA	0.302	2.2	NA	3.6	NA	5
CAF312	02/18/2011	0.244	NA	0.353	NA	0.303	2.12	NA	3.6	NA	5
CAF312	02/19/2011	0.244	NA	0.354	NA	0.304	2.04	NA	3.6	NA	5
CAF312	02/20/2011	0.244	NA	0.356	NA	0.304	1.93	NA	3.57	NA	5
CAF312	02/21/2011	0.243	NA	0.356	NA	0.305	1.9	NA	3.5	NA	5
CAF312	02/22/2011	0.243	NA	0.356	NA	0.306	1.9	NA	3.5	NA	5
CAF312	02/23/2011	0.243	NA	0.355	NA	0.307	1.9	NA	3.5	NA	4.93
CAF312	02/24/2011	0.242	NA	0.353	NA	0.308	1.9	NA	3.46	NA	4.9
CAF312	02/25/2011	0.243	NA	0.353	NA	0.308	1.9	NA	3.4	NA	4.9
CAF312	02/26/2011	0.243	NA	0.352	NA	0.309	1.81	NA	3.4	NA	4.9
CAF312	02/27/2011	0.242	NA	0.353	NA	0.311	1.8	NA	3.4	NA	4.9
CAF312	02/28/2011	0.242	NA	0.354	NA	0.311	1.8	NA	3.4	NA	4.84
CAF312	03/01/2011	0.242	NA	0.354	NA	0.312	1.8	NA	3.4	NA	4.8
CAF312	03/02/2011	0.243	NA	0.356	NA	0.313	1.8	NA	3.37	NA	4.8
CAF312	03/03/2011	0.244	NA	0.36	NA	0.323	1.8	NA	3.2	NA	4.8
CAF312	03/04/2011	0.244	NA	0.36	NA	0.324	1.8	NA	3.2	NA	4.75
CAF312	03/05/2011	0.246	NA	0.361	NA	0.325	1.76	NA	3.2	NA	4.7
CAF312	03/06/2011	0.247	NA	0.362	NA	0.329	1.7	NA	3.2	NA	4.7
CAF312	03/07/2011	0.246	NA	0.361	NA	0.33	1.7	NA	3.2	NA	4.7
CAF312	03/08/2011	0.245	NA	0.361	NA	0.331	1.7	NA	3.2	NA	4.69
CAF312	03/09/2011	0.251	NA	0.363	NA	0.332	1.67	NA	3.16	NA	4.6
CAF312	03/10/2011	0.27	NA	0.366	NA	0.338	1.53	NA	2.8	NA	4.49
CAF312	03/11/2011	0.25	NA	0.364	NA	0.338	1.63	NA	2.68	NA	4.4
CAF312	03/12/2011	0.247	NA	0.364	NA	0.336	1.87	NA	2.77	NA	4.4
CAF312	03/13/2011	0.246	NA	0.363	NA	0.336	2.17	NA	2.85	NA	4.4
CAF312	03/14/2011	0.247	NA	0.363	NA	0.336	2.82	NA	2.94	NA	4.4
CAF312	03/15/2011	0.247	NA	0.362	NA	0.335	3.21	NA	3.06	NA	4.4
CAF312	03/16/2011	0.249	NA	0.363	NA	0.335	3.47	NA	3.22	NA	4.4
CAF312	03/17/2011	0.247	NA	0.364	NA	0.336	3.42	NA	3.35	NA	4.4
CAF312	03/18/2011	0.247	NA	0.363	NA	0.336	3.36	NA	3.46	NA	4.4
CAF312	03/19/2011	0.246	NA	0.362	NA	0.336	3.61	NA	3.54	NA	4.45
CAF312	03/20/2011	0.246	NA	0.362	NA	0.336	3.27	NA	3.62	NA	4.5
CAF312	03/21/2011	0.247	NA	0.362	NA	0.335	3.39	NA	3.7	NA	4.5
CAF312	03/22/2011	0.249	NA	0.364	NA	0.335	3.59	NA	3.7	NA	4.54
CAF312	03/23/2011	0.247	NA	0.364	NA	0.336	3.67	NA	3.77	NA	4.6
CAF312	03/24/2011	0.247	NA	0.364	NA	0.336	4.05	NA	3.81	NA	4.6
CAF312	03/25/2011	0.247	NA	0.363	NA	0.336	4.65	NA	3.92	NA	4.57
CAF312	03/26/2011	0.247	NA	0.362	NA	0.336	4.6	NA	4.05	NA	4.64
CAF312	03/27/2011	0.248	NA	0.363	NA	0.336	4.75	NA	4.16	NA	4.7
CAF312	03/28/2011	0.247	NA	0.363	NA	0.336	4.93	NA	4.26	NA	4.7
CAF312	03/29/2011	0.247	NA	0.363	NA	0.336	4.74	NA	4.37	NA	4.77
CAF312	03/30/2011	0.253	NA	0.365	NA	0.336	5.02	NA	4.43	NA	4.8
CAF312	03/31/2011	0.25	NA	0.367	NA	0.336	5.92	NA	4.52	NA	4.85
CAF312	04/01/2011	0.249	NA	0.366	NA	0.338	6.36	NA	4.67	NA	4.87
CAF312	04/02/2011	0.258	NA	0.367	NA	0.337	6.97	NA	4.87	NA	4.92
CAF312	04/03/2011	0.251	NA	0.368	NA	0.339	6.01	NA	5.04	NA	5
CAF312	04/04/2011	0.252	NA	0.367	NA	0.339	5.4	NA	5.2	NA	5.06
CAF312	04/05/2011	0.258	NA	0.37	NA	0.339	5.35	NA	5.2	NA	5.1
CAF312	04/06/2011	0.25	NA	0.368	NA	0.34	5.05	NA	5.2	NA	5.2
CAF312	04/07/2011	0.248	NA	0.367	NA	0.339	4.62	NA	5.17	NA	5.2
CAF312	04/08/2011	0.248	NA	0.367	NA	0.339	4.54	NA	5.1	NA	5.3
CAF312	04/09/2011	0.248	NA	0.366	NA	0.338	4.87	NA	5.08	NA	5.3
CAF312	04/10/2011	0.247	NA	0.365	NA	0.338	5.18	NA	5.05	NA	5.3
CAF312	04/11/2011	0.247	NA	0.365	NA	0.338	5.45	NA	5.1	NA	5.3
CAF312	04/12/2011	0.247	NA	0.364	NA	0.338	5.35	NA	5.14	NA	5.39
CAF312	04/13/2011	0.247	NA	0.363	NA	0.337	5.54	NA	5.2	NA	5.4
CAF312	04/14/2011	0.246	NA	0.363	NA	0.337	5.09	NA	5.2	NA	5.4
CAF312	04/15/2011	0.246	NA	0.363	NA	0.337	5.27	NA	5.2	NA	5.4
CAF312	04/16/2011	0.247	NA	0.362	NA	0.337	6.02	NA	5.22	NA	5.49
CAF312	04/17/2011	0.247	NA	0.362	NA	0.337	6.36	NA	5.33	NA	5.5
CAF312	04/18/2011	0.247	NA	0.361	NA	0.337	5.8	NA	5.44	NA	5.5
CAF312	04/19/2011	0.246	NA	0.361	NA	0.337	5.18	NA	5.5	NA	5.47
CAF312	04/20/2011	0.246	NA	0.361	NA	0.336	5.03	NA	5.5	NA	5.6
CAF312	04/21/2011	0.246	NA	0.361	NA	0.336	5.31	NA	5.4	NA	5.6
CAF312	04/22/2011	0.246	NA	0.36	NA	0.336	5.23	NA	5.4	NA	5.6
CAF312	04/23/2011	0.246	NA	0.36	NA	0.336	5.45	NA	5.4	NA	5.6
CAF312	04/24/2011	0.246	NA	0.36	NA	0.336	6.21	NA	5.41	NA	5.69
CAF312	04/25/2011	0.246	NA	0.359	NA	0.336	6.54	NA	5.51	NA	5.7
CAF312	04/26/2011	0.247	NA	0.36	NA	0.336	6.09	NA	5.6	NA	5.7
CAF312	04/27/2011	0.247	NA	0.36	NA	0.336	6.12	NA	5.7	NA	5.7
CAF312	04/28/2011	0.247	NA	0.359	NA	0.336	6.47	NA	5.7	NA	5.73
CAF312	04/29/2011	0.246	NA	0.359	NA	0.336	6	NA	5.8	NA	5.8
CAF312	04/30/2011	0.246	NA	0.36	NA	0.336	5.62	NA	5.8	NA	5.8
CAF312	05/01/2011	0.246	NA	0.359	NA	0.336	6.18	NA	5.8	NA	5.83
CAF312	05/02/2011	0.247	NA	0.359	NA	0.336	7.05	NA	5.81	NA	5.9
CAF312	05/03/2011	0.248	NA	0.36	NA	0.335	6.6	NA	5.92	NA	5.9
CAF312	05/04/2011	0.247	NA	0.36	NA	0.336	6.63	NA	6	NA	5.9
CAF312	05/05/2011	0.248	NA	0.36	NA	0.336	7.57	NA	6.03	NA	5.98
CAF312	05/06/2011	0.248	NA	0.36	NA	0.336	7.79	NA	6.15	NA	6
CAF312	05/07/2011	0.247	NA	0.36	NA	0.336	7.89	NA	6.27	NA	6.03
CAF312	05/08/2011	0.247	NA	0.36	NA	0.336	8.26	NA	6.39	NA	6.1
CAF312	05/09/2011	0.247	NA	0.36	NA	0.336	8.19	NA	6.53	NA	6.14
CAF312	05/10/2011	0.247	NA	0.359	NA	0.336	8.18	NA	6.6	NA	6.2
CAF312	05/11/2011	NA	NA	NA	NA	NA	NA	NA	NA	NA	NA
CAF312	05/12/2011	NA	NA	NA	NA	NA	NA	NA	NA	NA	NA
CAF312	05/13/2011	0.247	0.332	0.361	NA	0.336	9.89	8.8	7.19	NA	6.4
CAF312	05/14/2011	0.248	0.332	0.361	NA	0.336	10.93	9.01	7.3	NA	6.47
CAF312	05/15/2011	0.248	0.332	0.361	NA	0.336	11.45	9.46	7.51	NA	6.56
CAF312	05/16/2011	0.255	0.341	0.362	NA	0.336	10.38	9.67	7.75	NA	6.66
CAF312	05/17/2011	0.254	0.35	0.365	NA	0.336	9.42	9.45	7.9	NA	6.77
CAF312	05/18/2011	0.252	0.349	0.367	NA	0.336	9.79	9.3	7.9	NA	6.87
CAF312	05/19/2011	0.251	0.347	0.368	NA	0.337	10.3	9.37	7.93	NA	6.97
CAF312	05/20/2011	0.25	0.345	0.368	NA	0.337	10.97	9.6	8.03	NA	7.06
CAF312	05/21/2011	0.25	0.343	0.368	NA	0.337	11.88	9.95	8.17	NA	7.13
CAF312	05/22/2011	0.25	0.342	0.368	NA	0.337	12.1	10.34	8.35	NA	7.21
CAF312	05/23/2011	0.249	0.34	0.367	NA	0.337	11.83	10.56	8.59	NA	7.31
CAF312	05/24/2011	0.249	0.338	0.367	NA	0.338	11.54	10.6	8.75	NA	7.41
CAF312	05/25/2011	0.248	0.336	0.366	NA	0.338	11.15	10.56	8.84	NA	7.52
CAF312	05/26/2011	0.253	0.342	0.366	NA	0.338	10.86	10.49	8.9	NA	7.62
CAF312	05/27/2011	0.251	0.342	0.366	NA	0.339	10.39	10.35	8.9	NA	7.71
CAF312	05/28/2011	0.25	0.34	0.365	NA	0.339	10.4	10.18	8.9	NA	7.8
CAF312	05/29/2011	0.249	0.338	0.365	NA	0.339	10.85	10.25	8.9	NA	7.88
CAF312	05/30/2011	0.249	0.336	0.365	NA	0.339	10.97	10.35	8.9	NA	7.91
CAF312	05/31/2011	0.249	0.335	0.364	NA	0.34	11.21	10.44	8.92	NA	8
CAF312	06/01/2011	0.248	0.333	0.364	NA	0.34	11.28	10.57	9.02	NA	8.03
CAF312	06/02/2011	0.248	0.333	0.363	NA	0.34	10.78	10.58	9.1	NA	8.1
CAF312	06/03/2011	0.248	0.332	0.363	NA	0.34	10.14	10.4	9.1	NA	8.16
CAF312	06/04/2011	0.248	0.331	0.364	NA	0.34	11.18	10.36	9.1	NA	8.2
CAF312	06/05/2011	0.248	0.329	0.363	NA	0.34	12.35	10.68	9.12	NA	8.25
CAF312	06/06/2011	0.248	0.327	0.363	NA	0.34	13.02	11.12	9.24	NA	8.3
CAF312	06/07/2011	0.247	0.326	0.363	NA	0.339	12.91	11.42	9.47	NA	8.34
CAF312	06/08/2011	0.246	0.324	0.362	NA	0.34	12.87	11.58	9.65	NA	8.41
CAF312	06/09/2011	0.245	0.321	0.361	NA	0.339	12.23	11.59	9.8	NA	8.5
CAF312	06/10/2011	0.244	0.319	0.361	NA	0.339	12.43	11.56	9.85	NA	8.58
CAF312	06/11/2011	0.244	0.316	0.36	NA	0.339	12.98	11.67	9.89	NA	8.67
CAF312	06/12/2011	0.243	0.314	0.359	NA	0.339	13.6	11.92	10.04	NA	8.73
CAF312	06/13/2011	0.242	0.311	0.358	NA	0.339	13.95	12.23	10.2	NA	8.8
CAF312	06/14/2011	0.241	0.308	0.358	NA	0.339	13.5	12.36	10.37	NA	8.9
CAF312	06/15/2011	0.24	0.305	0.357	NA	0.339	13.48	12.4	10.49	NA	8.99
CAF312	06/16/2011	0.239	0.303	0.356	NA	0.339	12.88	12.36	10.59	NA	9.07
CAF312	06/17/2011	0.238	0.3	0.355	NA	0.339	12.31	12.15	10.6	NA	9.15
CAF312	06/18/2011	0.237	0.296	0.354	NA	0.339	12.85	12.09	10.6	NA	9.22
CAF312	06/19/2011	0.237	0.295	0.353	NA	0.339	12.63	12.1	10.6	NA	9.3
CAF312	06/20/2011	0.236	0.292	0.352	NA	0.339	12.97	12.13	10.6	NA	9.35
CAF312	06/21/2011	0.235	0.289	0.351	NA	0.34	13.63	12.3	10.66	NA	9.4
CAF312	06/22/2011	0.233	0.285	0.35	NA	0.34	14.31	12.57	10.75	NA	9.45
CAF312	06/23/2011	0.232	0.281	0.348	NA	0.339	14.92	12.92	10.91	NA	9.5
CAF312	06/24/2011	0.229	0.278	0.346	NA	0.339	14.27	13.1	11.08	NA	9.59
CAF312	06/25/2011	0.227	0.274	0.345	NA	0.339	13.87	13.06	11.2	NA	9.64
CAF312	06/26/2011	0.228	0.27	0.343	NA	0.339	13.69	12.97	11.27	NA	9.71
CAF312	06/27/2011	0.226	0.266	0.341	NA	0.339	13.96	12.97	11.3	NA	9.8
CAF312	06/28/2011	0.22	0.262	0.338	NA	0.338	14.52	13.08	11.32	NA	9.87
CAF312	06/29/2011	0.219	0.259	0.336	NA	0.338	14.95	13.32	11.42	NA	9.91
CAF312	06/30/2011	0.216	0.255	0.334	NA	0.337	14.8	13.48	11.54	NA	10
CAF312	07/01/2011	0.213	0.252	0.332	NA	0.337	14.38	13.49	11.64	NA	10.06
CAF312	07/02/2011	0.209	0.249	0.329	NA	0.336	14.44	13.43	11.7	NA	10.11
CAF312	07/03/2011	0.205	0.248	0.325	NA	0.336	14.96	13.53	11.72	NA	10.2
CAF312	07/04/2011	0.202	0.246	0.321	NA	0.335	15.15	13.68	11.8	NA	10.25
CAF312	07/05/2011	0.198	0.244	0.318	NA	0.335	15.25	13.79	11.9	NA	10.3
CAF312	07/06/2011	0.194	0.242	0.313	NA	0.334	15.46	13.92	11.99	NA	10.37
CAF312	07/07/2011	0.178	0.24	0.309	0.303	0.333	16.12	14.07	12.08	11.3	10.42
CAF312	07/08/2011	0.155	0.239	0.307	0.301	0.332	16.33	14.2	12.13	11.23	10.5
CAF312	07/09/2011	0.156	0.24	0.307	0.3	0.331	16.09	14.36	12.3	11.44	10.57
CAF312	07/10/2011	0.156	0.24	0.307	0.298	0.33	16.3	14.45	12.4	11.51	10.61
CAF312	07/11/2011	0.157	0.24	0.308	0.296	0.328	16.63	14.57	12.47	11.6	10.67
CAF312	07/12/2011	0.158	0.24	0.308	0.296	0.327	17.34	14.75	12.55	11.65	10.75
CAF312	07/13/2011	0.158	0.24	0.308	0.295	0.326	17.22	15.01	12.68	11.72	10.8
CAF312	07/14/2011	0.158	0.24	0.307	0.295	0.326	15.94	14.92	12.8	11.8	10.87
CAF312	07/15/2011	0.157	0.24	0.308	0.295	0.325	15.69	14.64	12.8	11.89	10.9
CAF312	07/16/2011	0.158	0.24	0.308	0.294	0.324	16.41	14.65	12.72	11.9	11
CAF312	07/17/2011	0.158	0.24	0.308	0.292	0.323	16.52	14.72	12.79	11.9	11
CAF312	07/18/2011	0.159	0.24	0.308	0.29	0.321	17.42	14.93	12.81	11.99	11.08
CAF312	07/19/2011	0.159	0.241	0.307	0.289	0.32	17.57	15.22	12.93	12	11.1
CAF312	07/20/2011	0.159	0.24	0.307	0.288	0.319	16.73	15.23	13.02	12.08	11.11
CAF312	07/21/2011	0.159	0.24	0.307	0.286	0.317	16.68	15.1	13.1	12.1	11.2
CAF312	07/22/2011	0.159	0.24	0.307	0.285	0.316	16.66	15.1	13.1	12.2	11.21
CAF312	07/23/2011	0.159	0.24	0.307	0.283	0.314	16.53	15.08	13.1	12.2	11.3
CAF312	07/24/2011	0.159	0.24	0.307	0.281	0.312	16.93	15.09	13.1	12.2	11.3
CAF312	07/25/2011	0.16	0.24	0.307	0.278	0.31	17.76	15.26	13.13	12.28	11.35
CAF312	07/26/2011	0.16	0.24	0.306	0.276	0.308	17.74	15.48	13.23	12.3	11.4
CAF312	07/27/2011	0.159	0.241	0.306	0.274	0.307	17.49	15.59	13.33	12.35	11.4
CAF312	07/28/2011	0.159	0.241	0.306	0.273	0.305	17.39	15.59	13.4	12.4	11.44
CAF312	07/29/2011	0.159	0.24	0.306	0.27	0.303	17.63	15.6	13.44	12.5	11.5
CAF312	07/30/2011	0.159	0.241	0.305	0.267	0.301	17.89	15.69	13.5	12.5	11.5
CAF312	07/31/2011	0.16	0.241	0.305	0.265	0.299	18.39	15.86	13.55	12.59	11.6
CAF312	08/01/2011	0.16	0.241	0.304	0.262	0.297	18.48	16.06	13.65	12.6	11.6
CAF312	08/02/2011	0.16	0.241	0.304	0.259	0.295	18.62	16.18	13.75	12.7	11.67
CAF312	08/03/2011	0.16	0.241	0.304	0.256	0.293	18.75	16.28	13.85	12.76	11.7
CAF312	08/04/2011	0.159	0.241	0.303	0.254	0.291	18.68	16.39	13.95	12.82	11.76
CAF312	08/05/2011	0.159	0.241	0.303	0.252	0.29	18.91	16.47	14.03	12.9	11.8
CAF312	08/06/2011	0.159	0.241	0.302	0.251	0.289	18.85	16.58	14.11	12.98	11.88
CAF312	08/07/2011	0.159	0.241	0.301	0.25	0.288	18.6	16.6	14.2	13.05	11.9
CAF312	08/08/2011	0.159	0.241	0.301	0.249	0.287	18.51	16.6	14.25	13.1	12
CAF312	08/09/2011	0.159	0.24	0.3	0.249	0.286	18.4	16.59	14.3	13.2	12.03
CAF312	08/10/2011	0.158	0.24	0.299	0.248	0.285	18.13	16.55	14.3	13.22	12.1
CAF312	08/11/2011	0.158	0.24	0.299	0.248	0.284	17.86	16.47	14.3	13.3	12.15
CAF312	08/12/2011	0.158	0.24	0.298	0.248	0.284	17.78	16.37	14.3	13.3	12.2
CAF312	08/13/2011	0.158	0.24	0.298	0.248	0.283	18.13	16.35	14.3	13.31	12.22
CAF312	08/14/2011	0.158	0.24	0.297	0.248	0.283	18.24	16.44	14.3	13.4	12.3
CAF312	08/15/2011	0.158	0.24	0.296	0.248	0.283	18.15	16.49	14.35	13.4	12.3
CAF312	08/16/2011	0.157	0.239	0.296	0.248	0.283	17.5	16.42	14.4	13.4	12.34
CAF312	08/17/2011	0.157	0.239	0.295	0.248	0.282	17.51	16.28	14.4	13.49	12.4
CAF312	08/18/2011	0.157	0.239	0.295	0.248	0.282	17.57	16.27	14.39	13.5	12.4
CAF312	08/19/2011	0.157	0.239	0.294	0.248	0.282	17.49	16.25	14.35	13.5	12.43
CAF312	08/20/2011	0.157	0.239	0.293	0.248	0.282	17.69	16.28	14.4	13.5	12.5
CAF312	08/21/2011	0.157	0.239	0.293	0.248	0.282	17.84	16.33	14.4	13.5	12.5
CAF312	08/22/2011	0.157	0.239	0.293	0.248	0.282	18.12	16.39	14.4	13.55	12.5
CAF312	08/23/2011	0.157	0.239	0.292	0.248	0.282	18.42	16.56	14.48	13.6	12.55
CAF312	08/24/2011	0.157	0.239	0.292	0.248	0.282	18.51	16.68	14.56	13.61	12.6
CAF312	08/25/2011	0.157	0.239	0.292	0.248	0.282	18.99	16.83	14.64	13.7	12.6
CAF312	08/26/2011	NA	NA	NA	NA	NA	NA	NA	NA	NA	NA
CAF312	09/01/2011	NA	NA	NA	NA	NA	NA	NA	NA	NA	NA
CAF312	09/02/2011	0.156	0.236	0.289	0.249	0.283	17	16.79	15.2	14.3	13.1
CAF312	09/03/2011	0.156	0.236	0.288	0.249	0.283	16.56	16.62	15.09	14.3	13.16
CAF312	09/04/2011	0.156	0.236	0.288	0.249	0.284	16.44	16.35	14.95	14.25	13.2
CAF312	09/05/2011	0.156	0.236	0.288	0.249	0.283	16.65	16.2	14.82	14.2	13.2
CAF312	09/06/2011	0.156	0.236	0.288	0.249	0.284	16.88	16.2	14.72	14.14	13.2
CAF312	09/07/2011	0.156	0.236	0.287	0.249	0.284	17.1	16.27	14.7	14.1	13.2
CAF312	09/08/2011	0.156	0.236	0.287	0.249	0.284	17.45	16.35	14.7	14.1	13.2
CAF312	09/09/2011	0.156	0.236	0.287	0.249	0.284	17.68	16.47	14.7	14.1	13.2
CAF312	09/10/2011	0.156	0.236	0.287	0.249	0.284	17.8	16.58	14.78	14.1	13.2
CAF312	09/11/2011	0.156	0.236	0.287	0.249	0.284	17.96	16.67	14.81	14.1	13.2
CAF312	09/12/2011	0.155	0.236	0.287	0.249	0.284	18.05	16.77	14.9	14.12	13.2
CAF312	09/13/2011	0.155	0.236	0.287	0.249	0.284	18.03	16.8	14.93	14.2	13.2
CAF312	09/14/2011	0.155	0.236	0.287	0.249	0.285	17.81	16.8	15	14.2	13.25
CAF312	09/15/2011	0.155	0.236	0.286	0.249	0.285	17.71	16.8	15	14.25	13.3
CAF312	09/16/2011	0.154	0.235	0.286	0.249	0.285	16.59	16.63	15	14.3	13.3
CAF312	09/17/2011	0.153	0.235	0.286	0.249	0.285	15.78	16.26	14.92	14.3	13.3
CAF312	09/18/2011	0.153	0.235	0.285	0.249	0.285	15.56	15.92	14.76	14.28	13.3
CAF312	09/19/2011	0.153	0.234	0.285	0.249	0.285	15.7	15.75	14.62	14.2	13.3
CAF312	09/20/2011	0.153	0.234	0.284	0.249	0.285	15.41	15.66	14.5	14.13	13.3
CAF312	09/21/2011	0.152	0.234	0.284	0.249	0.285	15.17	15.48	14.4	14.1	13.3
CAF312	09/22/2011	0.152	0.234	0.284	0.249	0.285	15.27	15.37	14.29	14	13.3
CAF312	09/23/2011	0.152	0.234	0.284	0.249	0.285	15.69	15.37	14.2	13.95	13.25
CAF312	09/24/2011	0.153	0.234	0.284	0.249	0.285	16.09	15.47	14.2	13.9	13.2
CAF312	09/25/2011	0.153	0.234	0.283	0.249	0.285	16.42	15.64	14.2	13.9	13.2
CAF312	09/26/2011	0.152	0.234	0.283	0.249	0.285	15.63	15.64	14.26	13.9	13.2
CAF312	09/27/2011	0.152	0.234	0.282	0.249	0.285	15.17	15.42	14.2	13.9	13.2
CAF312	09/28/2011	0.151	0.234	0.282	0.249	0.285	14.56	15.2	14.13	13.84	13.17
CAF312	09/29/2011	0.15	0.234	0.282	0.249	0.285	13.81	14.89	14	13.8	13.1
CAF312	09/30/2011	0.15	0.233	0.282	0.249	0.285	13.72	14.6	13.84	13.73	13.1
CAF312	10/01/2011	0.15	0.233	0.282	0.249	0.285	14.27	14.5	13.68	13.65	13.1
CAF312	10/02/2011	0.151	0.233	0.281	0.248	0.285	14.37	14.58	13.6	13.57	13.02
CAF312	10/03/2011	0.151	0.233	0.281	0.248	0.285	14.38	14.55	13.6	13.5	13
CAF312	10/04/2011	0.15	0.233	0.28	0.248	0.285	14.11	14.53	13.5	13.47	12.95
CAF312	10/05/2011	0.15	0.233	0.279	0.248	0.285	13.52	14.34	13.49	13.4	12.9
CAF312	10/06/2011	0.149	0.233	0.281	0.248	0.285	12.58	14.05	13.37	13.39	12.9
CAF312	10/07/2011	0.15	0.233	0.281	0.248	0.285	11.81	13.61	13.2	13.3	12.85
CAF312	10/08/2011	0.15	0.233	0.28	0.248	0.285	11.47	13.25	12.98	13.21	12.8
CAF312	10/09/2011	0.149	0.232	0.28	0.248	0.285	11.34	12.98	12.76	13.08	12.73
CAF312	10/10/2011	0.149	0.232	0.279	0.248	0.285	11.42	12.78	12.56	12.96	12.68
CAF312	10/11/2011	0.149	0.232	0.279	0.248	0.285	11.42	12.67	12.4	12.84	12.6
CAF312	10/12/2011	0.149	0.232	0.278	0.247	0.285	11.24	12.57	12.27	12.72	12.5
CAF312	10/13/2011	0.149	0.232	0.278	0.247	0.285	10.93	12.42	12.15	12.61	12.43
CAF312	10/14/2011	0.149	0.232	0.278	0.247	0.285	10.96	12.28	12.03	12.51	12.38
CAF312	10/15/2011	0.15	0.232	0.277	0.247	0.285	11.13	12.2	11.9	12.4	12.3
CAF312	10/16/2011	0.149	0.232	0.277	0.247	0.285	11.02	12.19	11.8	12.31	12.23
CAF312	10/17/2011	0.149	0.231	0.276	0.247	0.285	10.25	12.03	11.73	12.23	12.17
CAF312	10/18/2011	0.149	0.231	0.276	0.247	0.284	9.71	11.73	11.6	12.16	12.1
CAF312	10/19/2011	0.148	0.231	0.276	0.247	0.284	9.65	11.48	11.44	12.06	12.03
CAF312	10/20/2011	0.148	0.231	0.275	0.247	0.284	9.84	11.38	11.28	11.96	11.95
CAF312	10/21/2011	0.149	0.231	0.275	0.247	0.284	10.2	11.37	11.17	11.86	11.88
CAF312	10/22/2011	0.149	0.231	0.275	0.247	0.284	10.54	11.41	11.1	11.77	11.8
CAF312	10/23/2011	0.149	0.231	0.275	0.247	0.284	10.79	11.5	11.1	11.7	11.72
CAF312	10/24/2011	0.149	0.231	0.274	0.247	0.284	10.76	11.58	11.1	11.63	11.68
CAF312	10/25/2011	0.149	0.231	0.273	0.247	0.284	9.53	11.46	11.08	11.6	11.6
CAF312	10/26/2011	0.148	0.23	0.272	0.247	0.283	8.19	11.02	10.96	11.58	11.6
CAF312	10/27/2011	0.148	0.23	0.272	0.247	0.283	7.69	10.52	10.74	11.49	11.51
CAF312	10/28/2011	0.148	0.23	0.272	0.247	0.283	7.18	10.16	10.5	11.37	11.48
CAF312	10/29/2011	0.148	0.229	0.271	0.246	0.283	7.52	9.91	10.26	11.25	11.4
CAF312	10/30/2011	0.148	0.229	0.271	0.246	0.283	7.53	9.82	10.08	11.1	11.3
CAF312	10/31/2011	0.148	0.229	0.27	0.246	0.283	8.13	9.8	9.94	10.96	11.21
CAF312	11/01/2011	0.148	0.229	0.268	0.246	0.283	7.33	9.77	9.87	10.85	11.11
CAF312	11/02/2011	0.148	0.229	0.269	0.246	0.283	6.12	9.42	9.75	10.76	11.03
CAF312	11/03/2011	0.147	0.228	0.268	0.246	0.282	5.72	8.98	9.53	10.66	10.95
CAF312	11/04/2011	0.147	0.228	0.267	0.246	0.282	6.01	8.75	9.31	10.53	10.86
CAF312	11/05/2011	0.148	0.228	0.266	0.246	0.283	5.45	8.59	9.13	10.38	10.77
CAF312	11/06/2011	0.148	0.228	0.265	0.246	0.283	4.9	8.3	8.95	10.25	10.67
CAF312	11/07/2011	0.147	0.228	0.265	0.245	0.282	4.48	8	8.74	10.11	10.56
CAF312	11/08/2011	0.147	0.227	0.265	0.245	0.282	4.32	7.72	8.53	9.96	10.46
CAF312	11/09/2011	0.147	0.227	0.265	0.245	0.282	4.47	7.55	8.34	9.81	10.35
CAF312	11/10/2011	0.147	0.227	0.264	0.245	0.282	4.58	7.48	8.17	9.65	10.24
CAF312	11/11/2011	0.147	0.227	0.263	0.245	0.281	4.67	7.4	8.05	9.53	10.13
CAF312	11/12/2011	0.149	0.227	0.262	0.245	0.282	4.78	7.4	7.95	9.42	10.02
CAF312	11/13/2011	0.155	0.227	0.263	0.245	0.282	4.54	7.31	7.88	9.31	9.92
CAF312	11/14/2011	0.178	0.227	0.262	0.245	0.282	4.74	7.2	7.78	9.21	9.84
CAF312	11/15/2011	0.183	0.227	0.26	0.245	0.281	4.46	7.18	7.7	9.11	9.78
CAF312	11/16/2011	0.183	0.227	0.259	0.245	0.281	3.85	6.98	7.61	9.03	9.7
CAF312	11/17/2011	0.184	0.227	0.261	0.244	0.281	3.45	6.7	7.46	8.94	9.63
CAF312	11/18/2011	0.187	0.227	0.261	0.244	0.281	3.3	6.46	7.29	8.83	9.53
CAF312	11/19/2011	0.188	0.227	0.259	0.244	0.281	3.32	6.3	7.14	8.71	9.42
CAF312	11/20/2011	0.188	0.227	0.258	0.244	0.281	3.43	6.2	7.01	8.58	9.33
CAF312	11/21/2011	0.188	0.227	0.259	0.244	0.281	3.5	6.15	6.9	8.48	9.24
CAF312	11/22/2011	0.206	0.235	0.258	0.244	0.281	3.34	5.98	6.8	8.38	9.15
CAF312	11/23/2011	0.209	0.255	0.259	0.244	0.281	4.31	6	6.7	8.28	9.07
CAF312	11/24/2011	0.207	0.257	0.258	0.244	0.28	4.92	6.3	6.7	8.2	8.99
CAF312	11/25/2011	0.206	0.255	0.258	0.244	0.28	4.82	6.49	6.72	8.14	8.9
CAF312	11/26/2011	0.205	0.255	0.258	0.244	0.28	4.24	6.48	6.8	8.1	8.84
CAF312	11/27/2011	0.205	0.253	0.259	0.244	0.28	3.87	6.32	6.73	8.1	8.8
CAF312	11/28/2011	0.204	0.251	0.257	0.243	0.28	4.11	6.2	6.66	8.06	8.74
CAF312	11/29/2011	0.204	0.251	0.258	0.243	0.28	3.98	6.2	6.6	8	8.7
CAF312	11/30/2011	0.203	0.25	0.257	0.243	0.28	4.04	6.1	6.55	7.94	8.65
CAF312	12/01/2011	0.203	0.25	0.257	0.243	0.28	3.76	6.09	6.5	7.9	8.6
CAF312	12/02/2011	0.203	0.25	0.256	0.243	0.28	3.34	5.95	6.44	7.84	8.55
CAF312	12/03/2011	0.202	0.25	0.255	0.243	0.28	3	5.75	6.35	7.8	8.5
CAF312	12/04/2011	0.202	0.25	0.255	0.243	0.28	2.71	5.56	6.23	7.71	8.44
CAF312	12/05/2011	0.201	0.25	0.255	0.243	0.28	2.5	5.39	6.1	7.63	8.4
CAF312	12/06/2011	0.201	0.25	0.255	0.243	0.28	2.32	5.24	5.97	7.55	8.31
CAF312	12/07/2011	0.2	0.249	0.254	0.243	0.28	2.16	5.08	5.85	7.46	8.26
CAF312	12/08/2011	0.199	0.249	0.253	0.243	0.279	2.04	4.96	5.74	7.37	8.19
CAF312	12/09/2011	0.199	0.249	0.254	0.243	0.279	1.85	4.84	5.62	7.28	8.1
CAF312	12/10/2011	0.198	0.249	0.255	0.243	0.279	1.75	4.72	5.51	7.19	8.04
CAF312	12/11/2011	0.197	0.248	0.253	0.243	0.279	1.69	4.61	5.4	7.1	7.97
CAF312	12/12/2011	0.197	0.248	0.253	0.243	0.279	1.6	4.52	5.29	7	7.89
CAF312	12/13/2011	0.196	0.248	0.254	0.243	0.278	1.51	4.44	5.2	6.92	7.8
CAF312	12/14/2011	0.196	0.248	0.254	0.242	0.278	1.5	4.37	5.11	6.85	7.72
CAF312	12/15/2011	0.195	0.247	0.254	0.242	0.278	1.5	4.3	5.03	6.77	7.65
CAF312	12/16/2011	0.195	0.247	0.254	0.242	0.278	1.5	4.26	4.97	6.7	7.59
CAF312	12/17/2011	0.195	0.247	0.254	0.242	0.278	1.5	4.2	4.9	6.61	7.5
CAF312	12/18/2011	0.195	0.247	0.254	0.242	0.278	1.5	4.2	4.82	6.56	7.44
CAF312	12/19/2011	0.195	0.247	0.253	0.242	0.278	1.5	4.2	4.8	6.5	7.4
CAF312	12/20/2011	0.195	0.246	0.253	0.242	0.278	1.5	4.1	4.71	6.43	7.3
CAF312	12/21/2011	0.195	0.246	0.253	0.242	0.278	1.5	4.1	4.7	6.4	7.27
CAF312	12/22/2011	0.194	0.246	0.253	0.242	0.278	1.44	4.1	4.64	6.31	7.2
CAF312	12/23/2011	0.193	0.246	0.253	0.242	0.277	1.27	4.02	4.6	6.3	7.17
CAF312	12/24/2011	0.193	0.246	0.254	0.242	0.277	1.14	3.95	4.54	6.21	7.1
CAF312	12/25/2011	0.193	0.245	0.254	0.242	0.277	1.1	3.9	4.49	6.2	7.08
CAF312	12/26/2011	0.193	0.245	0.254	0.242	0.277	1.1	3.83	4.4	6.1	7
CAF312	12/27/2011	0.192	0.245	0.254	0.242	0.277	1.11	3.8	4.4	6.1	6.98
CAF312	12/28/2011	0.194	0.245	0.253	0.242	0.277	1.18	3.8	4.3	6	6.9
CAF312	12/29/2011	0.206	0.296	0.254	0.241	0.277	1.16	3.7	4.28	6	6.87
CAF312	12/30/2011	0.217	0.339	0.262	0.24	0.276	1.1	3.53	4.16	5.9	6.8
CAF312	12/31/2011	0.218	0.329	0.274	0.24	0.277	1.21	3.57	4.03	5.86	6.75
CAF312	01/01/2012	0.221	0.319	0.288	0.24	0.277	1.31	3.66	4	5.8	6.7
CAF312	01/02/2012	0.222	0.311	0.295	0.24	0.277	1.44	3.7	4	5.77	6.66
CAF312	01/03/2012	0.222	0.306	0.297	0.24	0.277	1.55	3.78	4	5.7	6.6
CAF312	01/04/2012	0.225	0.302	0.298	0.24	0.277	1.66	3.8	4	5.7	6.6
CAF312	01/05/2012	0.227	0.299	0.298	0.241	0.277	2.23	3.9	4.02	5.7	6.5
CAF312	01/06/2012	0.227	0.297	0.296	0.241	0.277	2.35	4.07	4.1	5.65	6.5
CAF312	01/07/2012	0.226	0.295	0.297	0.241	0.277	2.12	4.1	4.17	5.68	6.5
CAF312	01/08/2012	0.226	0.293	0.297	0.241	0.277	2.02	4.1	4.2	5.7	6.43
CAF312	01/09/2012	0.226	0.29	0.298	0.241	0.277	2.1	4.1	4.2	5.67	6.4
CAF312	01/10/2012	0.225	0.291	0.297	0.241	0.276	2.27	4.1	4.2	5.6	6.4
CAF312	01/11/2012	0.225	0.288	0.294	0.241	0.277	2.18	4.1	4.2	5.6	6.4
CAF312	01/12/2012	0.225	0.288	0.294	0.241	0.277	1.94	4.1	4.2	5.6	6.4
CAF312	01/13/2012	0.224	0.287	0.295	0.241	0.277	1.76	4.01	4.11	5.6	6.35
CAF312	01/14/2012	0.224	0.286	0.295	0.241	0.277	1.67	3.94	4.1	5.6	6.3
CAF312	01/15/2012	0.223	0.285	0.294	0.241	0.277	1.6	3.9	4.07	5.58	6.3
CAF312	01/16/2012	0.223	0.284	0.293	0.241	0.277	1.6	3.81	4	5.5	6.3
CAF312	01/17/2012	0.223	0.283	0.294	0.241	0.277	1.6	3.8	3.99	5.5	6.23
CAF312	01/18/2012	0.222	0.282	0.294	0.241	0.276	1.59	3.79	3.9	5.47	6.2
CAF312	01/19/2012	0.222	0.28	0.293	0.24	0.277	1.5	3.7	3.9	5.4	6.2
CAF312	01/20/2012	0.222	0.279	0.292	0.241	0.276	1.5	3.7	3.9	5.4	6.15
CAF312	01/21/2012	NA	NA	NA	NA	0.275	NA	NA	NA	NA	6.1
CAF312	11/06/2012	NA	NA	NA	NA	NA	NA	NA	NA	NA	NA
CAF312	11/07/2012	0.225	0.186	0.209	0.25	0.311	10.13	11	10.33	11	11
CAF312	11/08/2012	0.224	0.187	0.209	0.25	0.311	8.76	10.87	10.4	11	11.08
CAF312	11/09/2012	0.224	0.186	0.209	0.25	0.311	7.32	10.26	10.25	10.98	11.01
CAF312	11/10/2012	0.223	0.186	0.209	0.25	0.311	6.21	9.62	10.01	10.9	11
CAF312	11/11/2012	0.223	0.185	0.208	0.25	0.311	5.24	9.01	9.71	10.79	11
CAF312	11/12/2012	0.223	0.185	0.209	0.25	0.31	4.61	8.45	9.37	10.65	10.92
CAF312	11/13/2012	0.249	0.186	0.209	0.249	0.31	4.05	7.93	9.05	10.47	10.85
CAF312	11/14/2012	0.247	0.186	0.208	0.249	0.31	3.92	7.39	8.72	10.28	10.74
CAF312	11/15/2012	0.24	0.188	0.208	0.249	0.309	4.45	7.2	8.41	10.08	10.63
CAF312	11/16/2012	0.237	0.197	0.208	0.249	0.309	4.76	7.25	8.23	9.89	10.5
CAF312	11/17/2012	0.236	0.208	0.208	0.249	0.309	5.13	7.34	8.11	9.74	10.37
CAF312	11/18/2012	0.236	0.216	0.208	0.249	0.309	5.44	7.47	8.1	9.61	10.25
CAF312	11/19/2012	0.243	0.222	0.208	0.248	0.309	5.24	7.5	8.01	9.5	10.15
CAF312	11/20/2012	0.252	0.25	0.208	0.248	0.309	5.88	7.52	8	9.42	10.05
CAF312	11/21/2012	0.246	0.298	0.208	0.248	0.309	6.36	7.72	8	9.35	9.97
CAF312	11/22/2012	0.242	0.301	0.208	0.248	0.309	5.57	7.83	8	9.3	9.9
CAF312	11/23/2012	0.24	0.299	0.208	0.248	0.309	4.83	7.61	7.94	9.25	9.81
CAF312	11/24/2012	0.245	0.301	0.208	0.248	0.309	5.1	7.37	7.8	9.2	9.76
CAF312	11/25/2012	0.242	0.305	0.208	0.248	0.309	5.2	7.37	7.7	9.1	9.7
CAF312	11/26/2012	0.24	0.304	0.208	0.248	0.308	4.53	7.26	7.61	9.01	9.61
CAF312	11/27/2012	0.239	0.302	0.208	0.247	0.308	3.95	7	7.5	8.94	9.55
CAF312	11/28/2012	0.238	0.301	0.208	0.247	0.309	3.75	6.73	7.34	8.85	9.48
CAF312	11/29/2012	0.238	0.3	0.208	0.247	0.308	4.21	6.6	7.16	8.73	9.4
CAF312	11/30/2012	0.24	0.3	0.208	0.247	0.308	5.06	6.69	7.1	8.62	9.3
CAF312	12/01/2012	0.24	0.3	0.208	0.247	0.308	5.67	6.95	7.1	8.52	9.22
CAF312	12/02/2012	0.255	0.325	0.208	0.247	0.308	5.72	7.15	7.15	8.5	9.15
CAF312	12/03/2012	0.246	0.334	0.209	0.247	0.308	5.48	7.2	7.2	8.47	9.1
CAF312	12/04/2012	0.247	0.335	0.209	0.247	0.308	5.43	7.2	7.2	8.4	9.01
CAF312	12/05/2012	0.248	0.337	0.21	0.247	0.308	5.76	7.22	7.2	8.4	9
CAF312	12/06/2012	0.245	0.337	0.212	0.247	0.307	5.1	7.26	7.2	8.4	8.96
CAF312	12/07/2012	0.251	0.338	0.22	0.247	0.307	4.41	7.04	7.15	8.37	8.9
CAF312	12/08/2012	0.247	0.344	0.255	0.247	0.307	3.92	6.73	7.02	8.3	8.9
CAF312	12/09/2012	0.243	0.34	0.324	0.247	0.307	3.53	6.5	6.87	8.23	8.8
CAF312	12/10/2012	0.243	0.338	0.336	0.247	0.307	3.26	6.27	6.72	8.13	8.78
CAF312	12/11/2012	0.243	0.336	0.339	0.246	0.307	3.11	6.07	6.56	8.03	8.7
CAF312	12/12/2012	0.244	0.336	0.339	0.247	0.306	2.98	5.91	6.43	7.92	8.61
CAF312	12/13/2012	0.245	0.338	0.343	0.246	0.306	2.9	5.75	6.27	7.8	8.54
CAF312	12/14/2012	0.243	0.338	0.347	0.246	0.306	2.82	5.63	6.14	7.67	8.45
CAF312	12/15/2012	0.243	0.337	0.349	0.246	0.306	2.8	5.53	6.03	7.56	8.36
CAF312	12/16/2012	0.243	0.336	0.349	0.246	0.306	2.78	5.45	5.93	7.46	8.28
CAF312	12/17/2012	0.246	0.339	0.349	0.246	0.305	2.66	5.36	5.84	7.36	8.2
CAF312	12/18/2012	0.244	0.34	0.354	0.246	0.304	2.6	5.25	5.74	7.26	8.1
CAF312	12/19/2012	0.242	0.337	0.354	0.246	0.304	2.58	5.2	5.62	7.17	8
CAF312	12/20/2012	0.242	0.336	0.354	0.246	0.304	2.5	5.16	5.6	7.09	7.94
CAF312	12/21/2012	0.242	0.335	0.354	0.246	0.304	2.5	5.1	5.51	7	7.86
CAF312	12/22/2012	0.242	0.334	0.353	0.246	0.304	2.5	5.09	5.47	6.92	7.8
CAF312	12/23/2012	0.242	0.333	0.351	0.246	0.304	2.5	5	5.4	6.86	7.7
CAF312	12/24/2012	0.243	0.334	0.351	0.246	0.304	2.5	5	5.35	6.8	7.63
CAF312	12/25/2012	0.243	0.334	0.35	0.246	0.304	2.5	4.94	5.3	6.7	7.58
CAF312	12/26/2012	0.243	0.334	0.35	0.246	0.304	2.5	4.9	5.25	6.67	7.5
CAF312	12/27/2012	0.243	0.334	0.35	0.246	0.304	2.5	4.9	5.2	6.6	7.44
CAF312	12/28/2012	0.243	0.334	0.35	0.246	0.303	2.5	4.9	5.2	6.54	7.4
CAF312	12/29/2012	0.243	0.334	0.349	0.246	0.303	2.5	4.86	5.11	6.47	7.31
CAF312	12/30/2012	0.243	0.333	0.349	0.246	0.303	2.5	4.8	5.1	6.43	7.28
CAF312	12/31/2012	0.242	0.333	0.348	0.246	0.303	2.5	4.8	5.07	6.4	7.2
CAF312	01/01/2013	0.242	0.333	0.349	0.246	0.303	2.46	4.8	4.99	6.35	7.17
CAF312	01/02/2013	0.242	0.332	0.349	0.246	0.303	2.4	4.8	5	6.3	7.1
CAF312	01/03/2013	0.242	0.332	0.348	0.246	0.303	2.39	4.72	5	6.29	7.09
CAF312	01/04/2013	0.242	0.331	0.35	0.246	0.303	2.3	4.7	4.93	6.17	7
CAF312	01/05/2013	0.241	0.33	0.349	0.247	0.302	2.24	4.65	4.9	6.2	7
CAF312	01/06/2013	0.241	0.329	0.349	0.247	0.302	2.2	4.6	4.88	6.12	6.9
CAF312	01/07/2013	0.241	0.328	0.349	0.247	0.302	2.2	4.6	4.8	6.1	6.9
CAF312	01/08/2013	0.242	0.328	0.347	0.247	0.302	2.2	4.52	4.8	6.07	6.84
CAF312	01/09/2013	0.251	0.345	0.352	0.25	0.302	2.07	4.43	4.7	6	6.8
CAF312	01/10/2013	0.247	0.346	0.358	0.299	0.302	2	4.3	4.52	5.9	6.75
CAF312	01/11/2013	0.245	0.342	0.356	0.307	0.302	2	4.3	4.5	5.83	6.7
CAF312	01/12/2013	0.244	0.34	0.356	0.309	0.302	2	4.3	4.5	5.8	6.6
CAF312	01/13/2013	0.243	0.338	0.355	0.309	0.302	2	4.3	4.5	5.78	6.57
CAF312	01/14/2013	0.242	0.337	0.354	0.309	0.303	2	4.3	4.5	5.7	6.5
CAF312	01/15/2013	0.242	0.336	0.354	0.308	0.303	2	4.3	4.45	5.7	6.49
CAF312	01/16/2013	0.242	0.335	0.354	0.308	0.304	2	4.29	4.4	5.69	6.4
CAF312	01/17/2013	0.241	0.334	0.353	0.307	0.305	2	4.2	4.4	5.6	6.4
CAF312	01/18/2013	0.241	0.333	0.353	0.307	0.306	1.91	4.2	4.4	5.6	6.33
CAF312	01/19/2013	0.24	0.332	0.353	0.306	0.307	1.9	4.2	4.4	5.6	6.3
CAF312	01/20/2013	0.24	0.331	0.352	0.306	0.308	1.9	4.2	4.3	5.53	6.3
CAF312	01/21/2013	0.24	0.33	0.35	0.305	0.31	1.82	4.12	4.3	5.5	6.2
CAF312	01/22/2013	0.239	0.329	0.35	0.305	0.311	1.8	4.1	4.3	5.5	6.2
CAF312	01/23/2013	0.239	0.328	0.351	0.304	0.312	1.72	4.1	4.24	5.46	6.18
CAF312	01/24/2013	0.239	0.327	0.35	0.304	0.313	1.7	4	4.2	5.4	6.1
CAF312	01/25/2013	0.241	0.327	0.35	0.303	0.314	1.7	4	4.2	5.4	6.1
CAF312	01/26/2013	0.249	0.345	0.353	0.303	0.315	1.6	3.92	4.13	5.37	6.08
CAF312	01/27/2013	0.245	0.344	0.358	0.315	0.316	1.6	3.82	4.04	5.3	6
CAF312	01/28/2013	0.244	0.342	0.357	0.316	0.319	1.6	3.8	4	5.23	5.98
CAF312	01/29/2013	0.244	0.341	0.356	0.316	0.324	1.6	3.8	4	5.2	5.9
CAF312	01/30/2013	0.254	0.349	0.359	0.318	0.329	1.58	3.77	3.94	5.18	5.9
CAF312	01/31/2013	0.249	0.349	0.361	0.321	0.337	1.61	3.7	3.8	5.07	5.8
CAF312	02/01/2013	0.246	0.345	0.36	0.32	0.338	1.84	3.7	3.8	5	5.74
CAF312	02/02/2013	0.245	0.342	0.359	0.318	0.338	1.99	3.79	3.8	5	5.7
CAF312	02/03/2013	0.244	0.34	0.359	0.317	0.338	2.08	3.88	3.82	5	5.7
CAF312	02/04/2013	0.243	0.338	0.358	0.316	0.338	2.29	3.95	3.9	5	5.61
CAF312	02/05/2013	0.243	0.337	0.358	0.315	0.338	2.77	4.07	3.91	5	5.6
CAF312	02/06/2013	0.242	0.337	0.357	0.314	0.338	2.88	4.25	4	5	5.6
CAF312	02/07/2013	0.243	0.337	0.356	0.314	0.338	2.8	4.3	4.09	5	5.6
CAF312	02/08/2013	0.243	0.337	0.355	0.313	0.337	2.75	4.38	4.1	5.09	5.6
CAF312	02/09/2013	0.242	0.336	0.355	0.312	0.337	2.57	4.36	4.2	5.1	5.6
CAF312	02/10/2013	0.242	0.335	0.354	0.312	0.337	2.37	4.3	4.2	5.1	5.6
CAF312	02/11/2013	0.242	0.334	0.354	0.311	0.337	2.22	4.22	4.17	5.1	5.6
CAF312	02/12/2013	0.242	0.334	0.354	0.311	0.337	2.15	4.17	4.07	5.1	5.6
CAF312	02/13/2013	0.242	0.334	0.354	0.311	0.337	2.71	4.17	4.1	5.1	5.6
CAF312	02/14/2013	0.242	0.334	0.354	0.31	0.337	2.92	4.33	4.1	5.1	5.6
CAF312	02/15/2013	0.242	0.334	0.354	0.31	0.337	2.84	4.4	4.17	5.1	5.6
CAF312	02/16/2013	0.242	0.334	0.354	0.31	0.337	3.03	4.43	4.2	5.1	5.6
CAF312	02/17/2013	0.242	0.334	0.353	0.31	0.336	3.18	4.54	4.22	5.1	5.6
CAF312	02/18/2013	0.241	0.333	0.353	0.309	0.336	2.92	4.6	4.3	5.1	5.6
CAF312	02/19/2013	0.242	0.333	0.352	0.309	0.336	2.65	4.5	4.3	5.1	5.6
CAF312	02/20/2013	0.241	0.332	0.352	0.309	0.336	2.67	4.43	4.27	5.1	5.6
CAF312	02/21/2013	0.241	0.332	0.352	0.309	0.336	2.61	4.4	4.3	5.1	5.6
CAF312	02/22/2013	0.243	0.333	0.351	0.308	0.336	2.33	4.36	4.23	5.1	5.6
CAF312	02/23/2013	0.246	0.338	0.352	0.308	0.336	2.16	4.24	4.2	5.07	5.6
CAF312	02/24/2013	0.244	0.34	0.354	0.308	0.336	2.07	4.16	4.13	5.1	5.6
CAF312	02/25/2013	0.245	0.341	0.356	0.308	0.336	2	4.1	4.1	5.08	5.53
CAF312	02/26/2013	0.245	0.342	0.358	0.308	0.336	1.96	4	4	5	5.5
CAF312	02/27/2013	0.243	0.34	0.358	0.312	0.336	1.94	4	4	5	5.5
CAF312	02/28/2013	0.245	0.341	0.357	0.314	0.336	2.2	4	3.9	4.94	5.5
CAF312	03/01/2013	0.247	0.344	0.36	0.315	0.337	2.85	4.05	3.9	4.9	5.44
CAF312	03/02/2013	0.245	0.343	0.36	0.317	0.338	3.72	4.31	3.95	4.9	5.4
CAF312	03/03/2013	0.244	0.342	0.359	0.317	0.339	3.98	4.62	4.07	4.9	5.4
CAF312	03/04/2013	0.243	0.34	0.358	0.316	0.339	3.28	4.7	4.2	4.9	5.4
CAF312	03/05/2013	0.242	0.338	0.358	0.316	0.339	2.82	4.63	4.3	4.99	5.4
CAF312	03/06/2013	0.242	0.338	0.358	0.315	0.339	2.88	4.5	4.27	5	5.4
CAF312	03/07/2013	0.243	0.337	0.357	0.314	0.338	3.33	4.54	4.2	5	5.4
CAF312	03/08/2013	0.242	0.336	0.356	0.314	0.338	3.4	4.67	4.28	5	5.4
CAF312	03/09/2013	0.242	0.336	0.356	0.313	0.338	3.17	4.7	4.3	5	5.4
CAF312	03/10/2013	0.242	0.336	0.357	0.313	0.337	3.18	4.7	4.3	5	5.4
CAF312	03/11/2013	0.242	0.335	0.356	0.313	0.337	3.42	4.7	4.39	5.04	5.4
CAF312	03/12/2013	0.242	0.335	0.356	0.312	0.337	3.84	4.78	4.4	5.1	5.4
CAF312	03/13/2013	0.242	0.334	0.356	0.312	0.337	4.74	5	4.44	5.1	5.4
CAF312	03/14/2013	0.243	0.334	0.356	0.311	0.337	5.64	5.38	4.57	5.1	5.4
CAF312	03/15/2013	0.243	0.334	0.355	0.311	0.337	6.04	5.74	4.77	5.17	5.41
CAF312	03/16/2013	0.243	0.334	0.355	0.311	0.337	5.99	6.01	4.98	5.25	5.5
CAF312	03/17/2013	0.243	0.334	0.354	0.311	0.337	5.29	6.09	5.15	5.35	5.5
CAF312	03/18/2013	0.242	0.334	0.354	0.311	0.337	4.36	5.9	5.2	5.45	5.57
CAF312	03/19/2013	0.241	0.332	0.354	0.31	0.337	3.85	5.67	5.2	5.5	5.6
CAF312	03/20/2013	0.243	0.332	0.354	0.31	0.337	4.17	5.5	5.12	5.5	5.68
CAF312	03/21/2013	0.242	0.332	0.353	0.31	0.337	4.25	5.5	5.1	5.5	5.7
CAF312	03/22/2013	0.242	0.331	0.352	0.309	0.336	3.7	5.44	5.08	5.5	5.7
CAF312	03/23/2013	0.242	0.331	0.352	0.309	0.336	3.36	5.26	5	5.5	5.7
CAF312	03/24/2013	0.242	0.331	0.352	0.309	0.336	3.29	5.13	4.93	5.5	5.7
CAF312	03/25/2013	0.242	0.331	0.352	0.309	0.336	3.3	5.05	4.87	5.5	5.7
CAF312	03/26/2013	0.243	0.33	0.352	0.309	0.336	3.84	5.01	4.8	5.5	5.7
CAF312	03/27/2013	0.245	0.328	0.351	0.309	0.336	4.78	5.25	4.8	5.4	5.7
CAF312	03/28/2013	0.245	0.329	0.351	0.309	0.336	5.78	5.63	4.93	5.4	5.7
CAF312	03/29/2013	0.245	0.329	0.351	0.309	0.336	6.53	6.05	5.07	5.48	5.7
CAF312	03/30/2013	0.245	0.328	0.351	0.309	0.335	6.84	6.4	5.32	5.53	5.7
CAF312	03/31/2013	0.245	0.329	0.351	0.308	0.335	7.18	6.68	5.53	5.63	5.71
CAF312	04/01/2013	0.245	0.329	0.351	0.309	0.335	7.63	6.95	5.7	5.75	5.8
CAF312	04/02/2013	0.245	0.329	0.351	0.309	0.335	7.93	7.24	5.93	5.86	5.83
CAF312	04/03/2013	0.245	0.328	0.351	0.309	0.335	8.13	7.49	6.14	5.99	5.9
CAF312	04/04/2013	0.247	0.329	0.352	0.309	0.335	8.39	7.72	6.33	6.13	6
CAF312	04/05/2013	0.248	0.329	0.352	0.309	0.335	8.28	7.88	6.5	6.25	6.07
CAF312	04/06/2013	0.248	0.33	0.352	0.309	0.335	8.32	7.96	6.6	6.38	6.15
CAF312	04/07/2013	0.25	0.332	0.352	0.309	0.335	7.93	8	6.74	6.49	6.24
CAF312	04/08/2013	0.25	0.338	0.353	0.309	0.335	7.26	7.93	6.8	6.6	6.31
CAF312	04/09/2013	0.249	0.34	0.354	0.309	0.336	6.83	7.75	6.8	6.67	6.4
CAF312	04/10/2013	0.249	0.341	0.355	0.31	0.335	7.08	7.6	6.8	6.7	6.47
CAF312	04/11/2013	0.249	0.34	0.356	0.31	0.336	6.85	7.6	6.77	6.7	6.5
CAF312	04/12/2013	0.248	0.34	0.356	0.31	0.336	6.46	7.48	6.7	6.78	6.57
CAF312	04/13/2013	0.25	0.34	0.356	0.31	0.336	6.59	7.4	6.7	6.8	6.6
CAF312	04/14/2013	0.249	0.342	0.357	0.31	0.336	6.01	7.33	6.68	6.8	6.6
CAF312	04/15/2013	0.248	0.342	0.357	0.311	0.336	5.78	7.17	6.6	6.8	6.6
CAF312	04/16/2013	0.248	0.341	0.358	0.311	0.336	5.39	7.01	6.5	6.76	6.64
CAF312	04/17/2013	0.248	0.34	0.358	0.312	0.336	5.22	6.84	6.45	6.7	6.7
CAF312	04/18/2013	0.248	0.339	0.357	0.312	0.336	5.5	6.74	6.37	6.7	6.67
CAF312	04/19/2013	0.248	0.338	0.357	0.312	0.336	6	6.76	6.3	6.63	6.6
CAF312	04/20/2013	0.249	0.34	0.357	0.312	0.336	6.45	6.89	6.3	6.6	6.6
CAF312	04/21/2013	0.249	0.342	0.357	0.312	0.336	6.63	7.05	6.29	6.6	6.6
CAF312	04/22/2013	0.249	0.342	0.358	0.313	0.336	6.47	7.1	6.37	6.6	6.6
CAF312	04/23/2013	0.249	0.342	0.358	0.313	0.336	6.47	7.17	6.41	6.6	6.6
CAF312	04/24/2013	0.248	0.341	0.358	0.313	0.336	6.73	7.2	6.47	6.65	6.6
CAF312	04/25/2013	0.249	0.34	0.358	0.313	0.336	7.53	7.33	6.5	6.7	6.6
CAF312	04/26/2013	0.249	0.34	0.358	0.314	0.337	8.47	7.65	6.6	6.7	6.64
CAF312	04/27/2013	0.249	0.339	0.358	0.314	0.337	9.26	8.06	6.76	6.75	6.7
CAF312	04/28/2013	0.249	0.339	0.358	0.314	0.337	9.2	8.4	6.98	6.85	6.7
CAF312	04/29/2013	0.249	0.339	0.358	0.314	0.337	9.15	8.6	7.16	6.95	6.75
CAF312	04/30/2013	0.248	0.337	0.358	0.314	0.337	7.88	8.63	7.27	7.07	6.8
CAF312	05/01/2013	0.247	0.336	0.358	0.314	0.337	7.26	8.34	7.33	7.17	6.9
CAF312	05/02/2013	0.248	0.335	0.357	0.314	0.337	8.06	8.2	7.3	7.2	6.96
CAF312	05/03/2013	0.248	0.334	0.357	0.314	0.337	9.33	8.4	7.3	7.28	7
CAF312	05/04/2013	0.249	0.334	0.356	0.314	0.337	10.26	8.82	7.43	7.3	7.03
CAF312	05/05/2013	0.249	0.333	0.356	0.314	0.337	10.87	9.25	7.62	7.38	7.1
CAF312	05/06/2013	0.249	0.333	0.356	0.314	0.337	11.76	9.66	7.82	7.48	7.14
CAF312	05/07/2013	0.249	0.333	0.357	0.314	0.337	12.6	10.14	8.11	7.63	7.21
CAF312	05/08/2013	0.249	0.332	0.357	0.314	0.337	13.27	10.63	8.42	7.75	7.31
CAF312	05/09/2013	0.25	0.332	0.357	0.314	0.337	14.02	11.17	8.74	7.95	7.42
CAF312	05/10/2013	0.249	0.331	0.357	0.314	0.337	14.55	11.69	9.08	8.2	7.54
CAF312	05/11/2013	0.25	0.331	0.357	0.314	0.337	15.27	12.14	9.42	8.42	7.67
CAF312	05/12/2013	0.25	0.33	0.357	0.315	0.338	15.73	12.61	9.77	8.66	7.84
CAF312	05/13/2013	0.249	0.33	0.358	0.315	0.338	15.83	12.99	10.1	8.91	7.99
CAF312	05/14/2013	0.248	0.329	0.357	0.315	0.338	14.75	13.18	10.37	9.15	8.16
CAF312	05/15/2013	0.248	0.329	0.357	0.316	0.338	14.09	13.07	10.58	9.37	8.34
CAF312	05/16/2013	0.247	0.327	0.357	0.316	0.338	14.08	12.97	10.69	9.55	8.48
CAF312	05/17/2013	0.247	0.325	0.357	0.316	0.338	13.92	12.9	10.7	9.7	8.65
CAF312	05/18/2013	0.246	0.323	0.357	0.316	0.338	13.76	12.9	10.78	9.82	8.78
CAF312	05/19/2013	0.246	0.321	0.357	0.316	0.338	13.2	12.82	10.8	9.9	8.91
CAF312	05/20/2013	0.246	0.32	0.356	0.316	0.338	13.59	12.73	10.8	10	9
CAF312	05/21/2013	0.246	0.319	0.355	0.315	0.338	14.31	12.87	10.8	10.05	9.1
CAF312	05/22/2013	0.245	0.317	0.355	0.315	0.338	13.1	12.97	10.9	10.11	9.19
CAF312	05/23/2013	0.244	0.315	0.354	0.315	0.339	12	12.67	10.9	10.2	9.26
CAF312	05/24/2013	0.244	0.313	0.353	0.315	0.339	11.99	12.37	10.83	10.2	9.32
CAF312	05/25/2013	0.243	0.312	0.353	0.315	0.339	11.72	12.18	10.73	10.2	9.4
CAF312	05/26/2013	0.243	0.31	0.352	0.314	0.339	12.06	12.1	10.63	10.2	9.4
CAF312	05/27/2013	0.243	0.309	0.351	0.314	0.339	12.55	12.12	10.6	10.2	9.49
CAF312	05/28/2013	0.243	0.308	0.351	0.313	0.339	12.9	12.28	10.6	10.2	9.5
CAF312	05/29/2013	0.242	0.307	0.351	0.313	0.338	12.66	12.4	10.62	10.2	9.5
CAF312	05/30/2013	0.241	0.305	0.35	0.313	0.338	12.46	12.4	10.67	10.26	9.5
CAF312	05/31/2013	0.241	0.306	0.35	0.312	0.338	12.51	12.4	10.7	10.3	9.58
CAF312	06/01/2013	0.24	0.304	0.35	0.312	0.338	12.89	12.45	10.7	10.3	9.6
CAF312	06/02/2013	0.239	0.303	0.349	0.312	0.338	13.22	12.56	10.78	10.33	9.6
CAF312	06/03/2013	0.238	0.301	0.349	0.312	0.338	13.18	12.68	10.85	10.4	9.68
CAF312	06/04/2013	0.237	0.299	0.348	0.311	0.338	13.62	12.77	10.92	10.42	9.7
CAF312	06/05/2013	0.235	0.297	0.348	0.311	0.338	14.36	13	11.03	10.5	9.72
CAF312	06/06/2013	0.232	0.294	0.348	0.311	0.338	15.12	13.32	11.15	10.57	9.8
CAF312	06/07/2013	0.229	0.291	0.347	0.311	0.338	15.65	13.69	11.32	10.65	9.84
CAF312	06/08/2013	0.224	0.285	0.346	0.311	0.337	15.43	13.96	11.53	10.77	9.9
CAF312	06/09/2013	0.22	0.28	0.346	0.311	0.337	15.45	14.07	11.74	10.9	9.99
CAF312	06/10/2013	0.215	0.275	0.344	0.31	0.337	15.25	14.17	11.87	11.03	10.08
CAF312	06/11/2013	0.211	0.269	0.342	0.31	0.337	15.13	14.2	11.98	11.14	10.16
CAF312	06/12/2013	0.207	0.264	0.34	0.31	0.337	14.79	14.19	12.07	11.24	10.25
CAF312	06/13/2013	0.203	0.258	0.338	0.31	0.337	14.73	14.15	12.06	11.31	10.32
CAF312	06/14/2013	0.2	0.254	0.335	0.309	0.337	14.54	14.1	12.13	11.4	10.4
CAF312	06/15/2013	0.197	0.249	0.331	0.309	0.337	14.6	14.1	12.2	11.45	10.48
CAF312	06/16/2013	0.193	0.247	0.324	0.308	0.337	14.99	14.1	12.2	11.5	10.52
CAF312	06/17/2013	0.189	0.244	0.315	0.307	0.336	15.65	14.25	12.2	11.53	10.6
CAF312	06/18/2013	0.188	0.241	0.307	0.307	0.336	15.97	14.49	12.3	11.6	10.63
CAF312	06/19/2013	0.188	0.239	0.309	0.306	0.336	15.32	14.6	12.42	11.65	10.7
CAF312	06/20/2013	0.187	0.239	0.312	0.306	0.336	13.92	14.44	12.5	11.72	10.74
CAF312	06/21/2013	0.186	0.239	0.311	0.305	0.335	13.24	14.04	12.43	11.76	10.8
CAF312	06/22/2013	0.187	0.237	0.306	0.304	0.335	13.59	13.79	12.29	11.8	10.87
CAF312	06/23/2013	0.187	0.235	0.301	0.303	0.335	13.97	13.78	12.2	11.8	10.87
CAF312	06/24/2013	0.188	0.234	0.301	0.302	0.335	14.55	13.85	12.2	11.76	10.9
CAF312	06/25/2013	0.188	0.234	0.303	0.301	0.335	14.5	13.98	12.2	11.71	10.9
CAF312	06/26/2013	0.188	0.233	0.303	0.3	0.334	14.89	14.05	12.22	11.8	10.9
CAF312	06/27/2013	0.189	0.233	0.3	0.3	0.334	15.37	14.17	12.3	11.8	11
CAF312	06/28/2013	0.19	0.231	0.293	0.298	0.334	16.37	14.42	12.38	11.8	11
CAF312	06/29/2013	0.19	0.23	0.285	0.297	0.333	17.38	14.81	12.51	11.85	11
CAF312	06/30/2013	0.19	0.228	0.278	0.295	0.333	17.8	15.23	12.72	11.93	11.05
CAF312	07/01/2013	0.19	0.227	0.269	0.294	0.332	18.21	15.56	12.94	12.04	11.1
CAF312	07/02/2013	0.191	0.225	0.259	0.292	0.332	18.96	15.89	13.16	12.16	11.18
CAF312	07/03/2013	0.19	0.223	0.251	0.291	0.331	19.36	16.27	13.39	12.3	11.25
CAF312	07/04/2013	0.189	0.22	0.245	0.289	0.33	18.77	16.49	13.62	12.45	11.34
CAF312	07/05/2013	0.188	0.217	0.242	0.287	0.329	18.02	16.47	13.78	12.6	11.44
CAF312	07/06/2013	0.187	0.215	0.239	0.285	0.328	17.38	16.33	13.88	12.73	11.54
CAF312	07/07/2013	0.186	0.212	0.236	0.283	0.327	17.23	16.17	13.9	12.81	11.63
CAF312	07/08/2013	0.185	0.21	0.233	0.281	0.326	17.28	16.1	13.9	12.9	11.7
CAF312	07/09/2013	0.183	0.208	0.23	0.278	0.324	17.24	16.09	13.9	12.9	11.79
CAF312	07/10/2013	0.181	0.205	0.227	0.275	0.322	17.33	16.09	13.9	12.99	11.82
CAF312	07/11/2013	0.18	0.203	0.225	0.272	0.319	17.5	16.1	13.9	13	11.9
CAF312	07/12/2013	0.178	0.202	0.223	0.269	0.316	16.99	16.14	13.9	13	11.9
CAF312	07/13/2013	0.177	0.2	0.222	0.266	0.314	16.52	15.98	13.9	13.1	11.99
CAF312	07/14/2013	0.176	0.199	0.22	0.264	0.31	16.28	15.86	13.9	13.1	12
CAF312	07/15/2013	0.174	0.197	0.217	0.26	0.306	16.38	15.77	13.82	13.1	12.01
CAF312	07/16/2013	0.173	0.196	0.216	0.257	0.302	16.53	15.75	13.8	13.1	12.1
CAF312	07/17/2013	0.173	0.195	0.214	0.254	0.297	17.15	15.8	13.8	13.1	12.1
CAF312	07/18/2013	0.173	0.193	0.213	0.252	0.293	17.44	15.98	13.86	13.1	12.1
CAF312	07/19/2013	0.173	0.192	0.211	0.25	0.287	17.3	16.09	13.9	13.1	12.1
CAF312	07/20/2013	0.172	0.191	0.209	0.249	0.28	17.38	16.12	14	13.19	12.13
CAF312	07/21/2013	0.171	0.19	0.208	0.248	0.273	17.37	16.18	13.96	13.2	12.2
CAF312	07/22/2013	0.17	0.189	0.206	0.247	0.266	17.4	16.2	14.07	13.2	12.2
CAF312	07/23/2013	0.169	0.188	0.205	0.246	0.257	17.58	16.27	14.1	13.28	12.2
CAF312	07/24/2013	0.168	0.188	0.203	0.244	0.251	17.83	16.37	14.08	13.3	12.28
CAF312	07/25/2013	0.168	0.187	0.202	0.243	0.248	17.93	16.47	14.2	13.3	12.3
CAF312	07/26/2013	0.167	0.187	0.201	0.241	0.246	17.9	16.54	14.28	13.4	12.3
CAF312	07/27/2013	0.167	0.186	0.2	0.24	0.244	17.91	16.58	14.3	13.4	12.39
CAF312	07/28/2013	0.166	0.186	0.2	0.239	0.243	17.76	16.62	14.4	13.5	12.4
CAF312	07/29/2013	0.166	0.186	0.199	0.237	0.242	17.48	16.6	14.4	13.5	12.44
CAF312	07/30/2013	0.166	0.185	0.199	0.236	0.24	17.44	16.55	14.4	13.58	12.5
CAF312	07/31/2013	0.165	0.185	0.198	0.235	0.239	17.51	16.54	14.5	13.6	12.5
CAF312	08/01/2013	0.165	0.185	0.198	0.234	0.239	17.55	16.58	14.5	13.6	12.58
CAF312	08/02/2013	0.165	0.185	0.199	0.233	0.239	17.08	16.58	14.5	13.68	12.6
CAF312	08/03/2013	0.165	0.185	0.199	0.233	0.239	16.43	16.42	14.5	13.7	12.61
CAF312	08/04/2013	0.164	0.185	0.199	0.232	0.239	16.44	16.25	14.46	13.7	12.7
CAF312	08/05/2013	0.165	0.184	0.199	0.231	0.238	16.77	16.2	14.4	13.7	12.7
CAF312	08/06/2013	0.165	0.184	0.199	0.23	0.238	17.12	16.25	14.4	13.7	12.7
CAF312	08/07/2013	0.165	0.185	0.199	0.23	0.238	17.45	16.37	14.4	13.7	12.7
CAF312	08/08/2013	0.165	0.185	0.199	0.229	0.238	17.57	16.53	14.43	13.7	12.7
CAF312	08/09/2013	0.165	0.185	0.199	0.228	0.238	17.92	16.65	14.55	13.76	12.77
CAF312	08/10/2013	0.166	0.185	0.199	0.228	0.239	18.57	16.85	14.65	13.8	12.8
CAF312	08/11/2013	0.166	0.186	0.2	0.227	0.239	18.94	17.13	14.78	13.88	12.8
CAF312	08/12/2013	0.166	0.186	0.2	0.227	0.239	18.97	17.35	14.95	13.97	12.9
CAF312	08/13/2013	0.166	0.186	0.2	0.227	0.239	19.05	17.47	15.09	14.07	12.93
CAF312	08/14/2013	0.166	0.186	0.201	0.227	0.239	19.18	17.6	15.23	14.17	13
CAF312	08/15/2013	0.167	0.186	0.201	0.227	0.239	19.49	17.76	15.34	14.27	13.09
CAF312	08/16/2013	0.167	0.186	0.201	0.227	0.24	19.48	17.88	15.41	14.36	13.15
CAF312	08/17/2013	0.167	0.186	0.202	0.227	0.24	19.61	17.94	15.56	14.45	13.21
CAF312	08/18/2013	0.166	0.186	0.202	0.227	0.24	19.4	18.1	15.67	14.54	13.3
CAF312	08/19/2013	0.166	0.186	0.202	0.227	0.24	19.11	18.09	15.75	14.62	13.37
CAF312	08/20/2013	0.166	0.186	0.203	0.227	0.241	19.01	17.99	15.8	14.7	13.43
CAF312	08/21/2013	0.166	0.186	0.203	0.227	0.241	18.7	17.98	15.76	14.77	13.5
CAF312	08/22/2013	0.166	0.186	0.203	0.227	0.241	18.64	17.9	15.8	14.8	13.56
CAF312	08/23/2013	0.166	0.186	0.203	0.227	0.241	18.72	17.84	15.8	14.8	13.6
CAF312	08/24/2013	0.166	0.186	0.203	0.227	0.242	18.59	17.86	15.8	14.86	13.64
CAF312	08/25/2013	0.166	0.186	0.203	0.227	0.242	18.6	17.8	15.8	14.9	13.7
CAF312	08/26/2013	0.166	0.186	0.203	0.227	0.242	18.65	17.8	15.8	14.9	13.7
CAF312	08/27/2013	0.165	0.186	0.204	0.227	0.242	18.19	17.77	15.8	14.9	13.74
CAF312	08/28/2013	0.165	0.186	0.203	0.228	0.243	18.23	17.68	15.7	14.9	13.8
CAF312	08/29/2013	0.165	0.187	0.203	0.228	0.243	18.35	17.68	15.7	14.9	13.8
CAF312	08/30/2013	0.165	0.187	0.204	0.228	0.243	18.27	17.7	15.7	14.9	13.8
CAF312	08/31/2013	0.165	0.187	0.204	0.228	0.244	18.15	17.67	15.7	14.9	13.8
CAF312	09/01/2013	0.165	0.187	0.204	0.228	0.244	18.34	17.66	15.7	14.9	13.87
CAF312	09/02/2013	0.165	0.187	0.204	0.228	0.244	18.54	17.7	15.66	14.9	13.9
CAF312	09/03/2013	0.165	0.187	0.204	0.228	0.244	18.25	17.7	15.79	14.94	13.9
CAF312	09/04/2013	0.165	0.187	0.204	0.228	0.244	18.21	17.7	15.8	15	13.9
CAF312	09/05/2013	0.165	0.187	0.204	0.228	0.245	18.48	17.7	15.8	15	13.9
CAF312	09/06/2013	0.164	0.187	0.204	0.228	0.245	17.99	17.7	15.8	15	13.95
CAF312	09/07/2013	0.164	0.187	0.204	0.228	0.245	17.25	17.55	15.73	15	14
CAF312	09/08/2013	0.163	0.186	0.204	0.228	0.245	17	17.35	15.68	15	14
CAF312	09/09/2013	0.163	0.186	0.204	0.228	0.245	16.78	17.16	15.6	14.99	14
CAF312	09/10/2013	0.163	0.186	0.204	0.228	0.245	16.96	17.09	15.5	14.9	14
CAF312	09/11/2013	0.163	0.186	0.204	0.228	0.245	17.23	17.09	15.5	14.9	14
CAF312	09/12/2013	0.164	0.186	0.204	0.228	0.245	17.46	17.15	15.5	14.9	14
CAF312	09/13/2013	0.164	0.186	0.204	0.228	0.246	17.62	17.2	15.5	14.9	14
CAF312	09/14/2013	0.164	0.186	0.204	0.228	0.246	17.81	17.29	15.5	14.9	14
CAF312	09/15/2013	0.164	0.187	0.205	0.228	0.246	18.14	17.37	15.49	14.9	14
CAF312	09/16/2013	0.164	0.187	0.205	0.228	0.246	18.28	17.52	15.6	14.9	14
CAF312	09/17/2013	0.163	0.187	0.205	0.228	0.246	17.03	17.47	15.66	14.9	14
CAF312	09/18/2013	0.163	0.186	0.205	0.228	0.246	15.87	17.13	15.6	15	14
CAF312	09/19/2013	0.162	0.186	0.205	0.228	0.246	14.83	16.67	15.45	14.92	14
CAF312	09/20/2013	0.162	0.185	0.205	0.228	0.246	14.38	16.21	15.22	14.87	14
CAF312	09/21/2013	0.162	0.185	0.204	0.228	0.247	14.45	15.9	14.95	14.76	14
CAF312	09/22/2013	0.162	0.185	0.204	0.228	0.247	14.15	15.73	14.8	14.64	13.97
CAF312	09/23/2013	0.161	0.185	0.204	0.228	0.247	13.77	15.5	14.64	14.53	13.9
CAF312	09/24/2013	0.166	0.184	0.204	0.228	0.247	13.45	15.26	14.45	14.42	13.84
CAF312	09/25/2013	0.168	0.184	0.204	0.227	0.247	13.04	14.98	14.28	14.29	13.75
CAF312	09/26/2013	0.166	0.184	0.204	0.227	0.247	12.45	14.75	14.1	14.17	13.7
CAF312	09/27/2013	0.165	0.184	0.204	0.227	0.247	11.96	14.44	13.9	14.05	13.63
CAF312	09/28/2013	0.17	0.183	0.203	0.227	0.247	11.72	14.13	13.69	13.87	13.52
CAF312	09/29/2013	0.187	0.183	0.203	0.227	0.247	11.82	13.93	13.48	13.76	13.47
CAF312	09/30/2013	0.202	0.183	0.203	0.227	0.247	11.33	13.74	13.31	13.63	13.37
CAF312	10/01/2013	0.204	0.183	0.203	0.227	0.247	10.85	13.48	13.13	13.48	13.29
CAF312	10/02/2013	0.202	0.183	0.203	0.227	0.247	10.3	13.19	12.93	13.35	13.19
CAF312	10/03/2013	0.201	0.182	0.203	0.226	0.247	9.85	12.87	12.72	13.2	13.09
CAF312	10/04/2013	0.2	0.182	0.202	0.226	0.247	9.4	12.55	12.5	13.05	12.99
CAF312	10/05/2013	0.2	0.182	0.202	0.226	0.247	9.06	12.25	12.27	12.89	12.88
CAF312	10/06/2013	0.2	0.182	0.202	0.226	0.246	9.18	12	12.05	12.73	12.78
CAF312	10/07/2013	0.2	0.182	0.202	0.226	0.246	9.44	11.9	11.86	12.56	12.66
CAF312	10/08/2013	0.199	0.182	0.202	0.226	0.246	9.48	11.9	11.71	12.43	12.55
CAF312	10/09/2013	0.199	0.182	0.202	0.226	0.246	8.95	11.78	11.65	12.31	12.41
CAF312	10/10/2013	0.199	0.182	0.202	0.226	0.246	8.62	11.56	11.52	12.19	12.34
CAF312	10/11/2013	0.199	0.182	0.201	0.225	0.246	8.92	11.4	11.35	12.07	12.25
CAF312	10/12/2013	0.199	0.182	0.201	0.225	0.246	9.3	11.4	11.24	11.95	12.15
CAF312	10/13/2013	0.199	0.182	0.201	0.225	0.246	9.25	11.4	11.19	11.85	12.06
CAF312	10/14/2013	0.199	0.182	0.201	0.225	0.246	8.78	11.36	11.06	11.77	11.98
CAF312	10/15/2013	0.198	0.182	0.201	0.225	0.246	8.19	11.13	11.03	11.7	11.9
CAF312	10/16/2013	0.198	0.181	0.201	0.225	0.246	8.14	10.9	10.87	11.6	11.81
CAF312	10/17/2013	0.198	0.181	0.201	0.225	0.246	8.19	10.79	10.74	11.49	11.74
CAF312	10/18/2013	0.198	0.181	0.201	0.225	0.246	8.02	10.69	10.63	11.39	11.66
CAF312	10/19/2013	0.198	0.181	0.201	0.225	0.246	7.94	10.58	10.52	11.29	11.58
CAF312	10/20/2013	0.198	0.181	0.2	0.225	0.246	7.94	10.5	10.41	11.19	11.5
CAF312	10/21/2013	0.198	0.181	0.2	0.225	0.246	8.12	10.4	10.32	11.1	11.4
CAF312	10/22/2013	0.198	0.181	0.2	0.224	0.246	8.46	10.47	10.27	11	11.33
CAF312	10/23/2013	0.199	0.181	0.2	0.224	0.246	8.74	10.55	10.2	10.93	11.26
CAF312	10/24/2013	0.199	0.182	0.2	0.224	0.246	8.91	10.63	10.2	10.9	11.2
CAF312	10/25/2013	0.199	0.182	0.2	0.224	0.246	8.86	10.7	10.2	10.84	11.12
CAF312	10/26/2013	0.199	0.182	0.2	0.224	0.246	8.76	10.7	10.2	10.77	11.1
CAF312	10/27/2013	0.199	0.182	0.2	0.224	0.246	8.52	10.6	10.2	10.8	11.02
CAF312	10/28/2013	0.198	0.182	0.2	0.224	0.246	8.3	10.52	10.19	10.75	11
CAF312	10/29/2013	0.198	0.182	0.2	0.224	0.246	7.48	10.37	10.03	10.7	10.95
CAF312	10/30/2013	0.197	0.181	0.2	0.224	0.246	6.53	10.03	9.97	10.65	10.9
CAF312	10/31/2013	0.197	0.181	0.2	0.224	0.246	6.38	9.66	9.79	10.56	10.86
CAF312	11/01/2013	0.197	0.181	0.2	0.224	0.246	6.57	9.49	9.6	10.45	10.8
CAF312	11/02/2013	0.197	0.181	0.2	0.224	0.246	6.92	9.4	9.46	10.33	10.7
CAF312	11/03/2013	0.197	0.181	0.199	0.224	0.247	6.79	9.4	9.4	10.23	10.63
CAF312	11/04/2013	0.197	0.181	0.199	0.224	0.247	6.27	9.32	9.3	10.14	10.56
CAF312	11/05/2013	0.197	0.181	0.199	0.224	0.246	5.77	9.1	9.17	10.06	10.5
CAF312	11/06/2013	0.197	0.181	0.199	0.224	0.246	5.36	8.84	9.05	9.96	10.4
CAF312	11/07/2013	0.207	0.181	0.199	0.224	0.246	5.67	8.65	8.86	9.85	10.33
CAF312	11/08/2013	0.226	0.182	0.199	0.224	0.247	6.1	8.6	8.74	9.74	10.25
CAF312	11/09/2013	0.225	0.182	0.199	0.223	0.247	5.91	8.6	8.7	9.64	10.14
CAF312	11/10/2013	0.224	0.182	0.199	0.223	0.247	6.01	8.57	8.64	9.57	10.1
CAF312	11/11/2013	0.224	0.182	0.199	0.223	0.247	6.37	8.6	8.6	9.5	10
CAF312	11/12/2013	0.223	0.182	0.199	0.223	0.247	6.6	8.67	8.6	9.41	9.95
CAF312	11/13/2013	0.223	0.182	0.199	0.223	0.247	6.71	8.75	8.57	9.4	9.9
CAF312	11/14/2013	0.223	0.182	0.199	0.223	0.246	6.52	8.8	8.6	9.35	9.81
CAF312	11/15/2013	0.222	0.182	0.199	0.223	0.247	6.26	8.7	8.6	9.3	9.8
CAF312	11/16/2013	0.232	0.183	0.199	0.223	0.246	5.62	8.56	8.5	9.3	9.73
CAF312	11/17/2013	0.234	0.183	0.198	0.223	0.246	5.12	8.28	8.39	9.24	9.7
CAF312	11/18/2013	0.232	0.183	0.198	0.223	0.246	5.2	8.06	8.24	9.18	9.67
CAF312	11/19/2013	0.231	0.183	0.198	0.223	0.246	5.38	8	8.13	9.09	9.6
CAF312	11/20/2013	0.231	0.183	0.198	0.223	0.246	5.47	8	8.1	9	9.54
CAF312	11/21/2013	0.23	0.183	0.198	0.223	0.246	4.39	7.85	8.02	8.92	9.5
CAF312	11/22/2013	0.229	0.182	0.198	0.223	0.246	3.58	7.46	7.9	8.87	9.4
CAF312	11/23/2013	0.228	0.182	0.198	0.223	0.246	3.08	7.05	7.7	8.76	9.36
CAF312	11/24/2013	0.227	0.182	0.197	0.223	0.246	2.74	6.7	7.41	8.64	9.29
CAF312	11/25/2013	0.226	0.182	0.197	0.222	0.246	2.51	6.42	7.26	8.49	9.2
CAF312	11/26/2013	0.226	0.182	0.197	0.222	0.246	2.35	6.2	7.06	8.35	9.09
CAF312	11/27/2013	0.225	0.182	0.197	0.222	0.246	2.25	6.03	6.88	8.2	8.99
CAF312	11/28/2013	0.225	0.182	0.196	0.222	0.246	2.16	5.87	6.69	8.06	8.88
CAF312	11/29/2013	0.224	0.182	0.196	0.222	0.246	2.06	5.75	6.57	7.93	8.78
CAF312	11/30/2013	0.224	0.181	0.196	0.222	0.246	2	5.63	6.44	7.8	8.67
CAF312	12/01/2013	0.224	0.182	0.196	0.222	0.246	1.95	5.52	6.33	7.67	8.58
CAF312	12/02/2013	0.232	0.183	0.196	0.222	0.246	1.9	5.43	6.18	7.57	8.48
CAF312	12/03/2013	0.232	0.184	0.196	0.222	0.246	1.91	5.31	6.11	7.46	8.38
CAF312	12/04/2013	0.231	0.184	0.196	0.222	0.246	2	5.3	5.98	7.36	8.29
CAF312	12/05/2013	0.23	0.185	0.196	0.221	0.246	2	5.22	5.93	7.27	8.2
CAF312	12/06/2013	0.229	0.185	0.196	0.221	0.246	1.9	5.2	5.87	7.18	8.11
CAF312	12/07/2013	0.229	0.185	0.196	0.221	0.246	1.72	5.12	5.8	7.1	8.03
CAF312	12/08/2013	0.228	0.184	0.196	0.221	0.246	1.45	5.02	5.68	7.01	7.96
CAF312	12/09/2013	0.227	0.184	0.196	0.221	0.246	1.18	4.86	5.62	6.93	7.89
CAF312	12/10/2013	0.225	0.184	0.196	0.221	0.246	0.98	4.71	5.47	6.85	7.8
CAF312	12/11/2013	0.224	0.184	0.195	0.221	0.246	0.9	4.56	5.38	6.75	7.72
CAF312	12/12/2013	0.223	0.184	0.195	0.221	0.246	0.86	4.46	5.23	6.66	7.65
CAF312	12/13/2013	0.222	0.184	0.195	0.221	0.246	0.83	4.4	5.17	6.57	7.57
CAF312	12/14/2013	0.222	0.184	0.195	0.221	0.246	0.9	4.31	5.09	6.48	7.5
CAF312	12/15/2013	0.222	0.184	0.195	0.221	0.246	0.9	4.3	4.97	6.4	7.4
CAF312	12/16/2013	0.222	0.184	0.195	0.221	0.245	0.9	4.28	4.94	6.31	7.33
CAF312	12/17/2013	0.222	0.185	0.195	0.221	0.245	0.9	4.2	4.9	6.24	7.26
CAF312	12/18/2013	0.222	0.185	0.195	0.22	0.245	0.9	4.2	4.82	6.2	7.2
CAF312	12/19/2013	0.222	0.185	0.195	0.22	0.245	0.94	4.2	4.8	6.1	7.11
CAF312	12/20/2013	0.222	0.185	0.195	0.22	0.245	1	4.2	4.75	6.07	7.03
CAF312	12/21/2013	0.221	0.185	0.195	0.22	0.245	1	4.2	4.7	6	7
CAF312	12/22/2013	0.221	0.185	0.195	0.22	0.245	1	4.2	4.67	5.95	6.91
CAF312	12/23/2013	0.221	0.19	0.195	0.22	0.245	1	4.13	4.62	5.9	6.9
CAF312	12/24/2013	0.221	0.224	0.195	0.22	0.245	1	4.1	4.6	5.86	6.83
CAF312	12/25/2013	0.221	0.229	0.195	0.22	0.245	1	4.1	4.57	5.8	6.8
CAF312	12/26/2013	0.222	0.23	0.195	0.22	0.245	1	4.1	4.54	5.8	6.72
CAF312	12/27/2013	0.222	0.231	0.195	0.22	0.245	1.05	4.1	4.5	5.7	6.7
CAF312	12/28/2013	0.222	0.231	0.195	0.22	0.245	1.1	4.1	4.5	5.7	6.64
CAF312	12/29/2013	0.222	0.231	0.195	0.22	0.245	1.1	4.1	4.49	5.65	6.6
CAF312	12/30/2013	0.222	0.23	0.195	0.22	0.245	1.1	4.1	4.4	5.6	6.56
CAF312	12/31/2013	0.223	0.23	0.195	0.22	0.245	1.1	4.03	4.37	5.6	6.5
CAF312	01/01/2014	0.223	0.23	0.195	0.22	0.245	1.1	4	4.37	5.53	6.5
CAF312	01/02/2014	0.223	0.23	0.195	0.22	0.245	1.1	4	4.4	5.5	6.4
CAF312	01/03/2014	0.223	0.292	0.195	0.22	0.245	1.1	3.94	4.3	5.5	6.4
CAF312	01/04/2014	0.224	0.281	0.195	0.22	0.245	1.15	4	4.27	5.45	6.38
CAF312	01/05/2014	0.224	0.271	0.195	0.22	0.245	1.16	4	4.27	5.37	6.3
CAF312	01/06/2014	0.225	0.264	0.195	0.22	0.245	1.07	4	4.3	5.4	6.3
CAF312	01/07/2014	0.225	0.259	0.195	0.22	0.245	1	3.97	4.21	5.37	6.26
CAF312	01/08/2014	0.225	0.255	0.195	0.22	0.245	1	3.9	4.2	5.3	6.2
CAF312	01/09/2014	0.225	0.252	0.195	0.22	0.245	1	3.9	4.17	5.3	6.2
CAF312	01/10/2014	0.226	0.25	0.195	0.22	0.245	0.97	3.86	4.07	5.25	6.15
CAF312	01/11/2014	0.229	0.25	0.196	0.22	0.245	0.9	3.8	4.1	5.2	6.1
CAF312	01/12/2014	0.231	0.249	0.196	0.22	0.245	0.9	3.75	4.02	5.2	6.1
CAF312	01/13/2014	0.231	0.248	0.196	0.22	0.245	0.9	3.7	3.97	5.12	6.02
CAF312	01/14/2014	0.232	0.248	0.196	0.22	0.245	0.9	3.7	3.91	5.1	6
CAF312	01/15/2014	0.232	0.247	0.196	0.22	0.245	0.95	3.65	3.87	5.05	5.97
CAF312	01/16/2014	0.232	0.247	0.196	0.22	0.245	1	3.62	3.88	5	5.9
CAF312	01/17/2014	0.232	0.247	0.196	0.22	0.245	1	3.7	3.8	5	5.9
CAF312	01/18/2014	0.232	0.247	0.196	0.22	0.245	1	3.7	3.8	4.93	5.83
CAF312	01/19/2014	0.232	0.247	0.196	0.22	0.245	1.02	3.7	3.8	4.9	5.8
CAF312	01/20/2014	0.232	0.247	0.196	0.22	0.245	1.1	3.7	3.8	4.9	5.8
CAF312	01/21/2014	0.232	0.247	0.196	0.22	0.245	1.1	3.7	3.8	4.9	5.74
CAF312	01/22/2014	0.232	0.247	0.196	0.22	0.245	1.1	3.7	3.8	4.83	5.7
CAF312	01/23/2014	0.232	0.247	0.196	0.22	0.245	1.1	3.7	3.8	4.8	5.7
CAF312	01/24/2014	0.232	0.247	0.196	0.22	0.245	1.1	3.7	3.8	4.8	5.7
CAF312	01/25/2014	0.231	0.247	0.196	0.22	0.245	1.2	3.7	3.8	4.8	5.6
CAF312	01/26/2014	0.231	0.248	0.196	0.22	0.245	1.2	3.7	3.8	4.8	5.6
CAF312	01/27/2014	0.231	0.248	0.196	0.22	0.245	1.2	3.7	3.76	4.8	5.6
CAF312	01/28/2014	0.231	0.248	0.196	0.22	0.245	1.2	3.7	3.7	4.73	5.6
CAF312	01/29/2014	0.231	0.248	0.196	0.22	0.245	1.2	3.7	3.7	4.7	5.52
CAF312	01/30/2014	0.231	0.248	0.196	0.219	0.245	1.2	3.7	3.7	4.67	5.5
CAF312	01/31/2014	0.231	0.248	0.196	0.22	0.245	1.2	3.7	3.7	4.7	5.5
CAF312	02/01/2014	0.231	0.248	0.196	0.22	0.245	1.2	3.7	3.7	4.7	5.5
CAF312	02/02/2014	0.231	0.248	0.196	0.22	0.245	1.2	3.7	3.7	4.7	5.5
CAF312	02/03/2014	0.231	0.248	0.196	0.22	0.245	1.2	3.7	3.67	4.7	5.44
CAF312	02/04/2014	0.231	0.248	0.196	0.22	0.245	1.2	3.7	3.7	4.6	5.4
CAF312	02/05/2014	0.231	0.248	0.196	0.22	0.245	1.2	3.7	3.7	4.6	5.4
CAF312	02/06/2014	0.231	0.248	0.196	0.22	0.245	1.2	3.7	3.7	4.6	5.4
CAF312	02/07/2014	0.231	0.249	0.196	0.22	0.245	1.2	3.7	3.7	4.6	5.4
CAF312	02/08/2014	0.231	0.249	0.196	0.22	0.245	1.2	3.7	3.67	4.6	5.38
CAF312	02/09/2014	0.231	0.249	0.196	0.22	0.245	1.2	3.7	3.63	4.6	5.3
CAF312	02/10/2014	0.231	0.249	0.196	0.22	0.245	1.2	3.7	3.57	4.57	5.3
CAF312	02/11/2014	0.231	0.249	0.196	0.22	0.245	1.2	3.7	3.6	4.5	5.3
CAF312	02/12/2014	0.231	0.249	0.197	0.22	0.245	1.2	3.7	3.6	4.5	5.3
CAF312	02/13/2014	0.233	0.249	0.197	0.22	0.245	1.2	3.66	3.6	4.5	5.3
CAF312	02/14/2014	0.233	0.249	0.197	0.22	0.245	1.1	3.6	3.57	4.5	5.22
CAF312	02/15/2014	0.233	0.25	0.197	0.22	0.245	1.1	3.5	3.5	4.49	5.2
CAF312	02/16/2014	0.234	0.255	0.197	0.22	0.245	1.1	3.48	3.46	4.4	5.2
CAF312	02/17/2014	0.234	0.272	0.197	0.22	0.245	1.1	3.4	3.4	4.4	5.2
CAF312	02/18/2014	0.235	0.29	0.197	0.22	0.245	1.1	3.4	3.37	4.38	5.15
CAF312	02/19/2014	0.236	0.306	0.198	0.22	0.245	1.1	3.4	3.32	4.3	5.1
CAF312	02/20/2014	0.236	0.308	0.198	0.22	0.245	1.1	3.4	3.24	4.3	5.1
CAF312	02/21/2014	0.236	0.308	0.198	0.219	0.244	1.1	3.4	3.3	4.28	5.1
CAF312	02/22/2014	0.236	0.309	0.198	0.219	0.245	1.1	3.4	3.28	4.2	5
CAF312	02/23/2014	0.236	0.309	0.198	0.219	0.244	1.1	3.4	3.2	4.2	5
CAF312	02/24/2014	0.236	0.308	0.198	0.219	0.245	1.16	3.4	3.2	4.2	5
CAF312	02/25/2014	0.236	0.308	0.198	0.219	0.244	1.2	3.4	3.2	4.2	4.99
CAF312	02/26/2014	0.236	0.308	0.198	0.219	0.244	1.2	3.4	3.2	4.13	4.9
CAF312	02/27/2014	0.236	0.308	0.198	0.219	0.244	1.2	3.5	3.2	4.1	4.9
CAF312	02/28/2014	0.236	0.308	0.198	0.219	0.245	1.2	3.5	3.2	4.1	4.9
CAF312	03/01/2014	0.236	0.307	0.199	0.219	0.244	1.25	3.5	3.2	4.1	4.9
CAF312	03/02/2014	0.236	0.308	0.199	0.219	0.244	1.3	3.5	3.2	4.1	4.9
CAF312	03/03/2014	0.238	0.309	0.199	0.219	0.244	1.3	3.5	3.2	4.1	4.84
CAF312	03/04/2014	0.247	0.328	0.199	0.219	0.244	1.25	3.48	3.17	4.1	4.8
CAF312	03/05/2014	0.244	0.342	0.202	0.219	0.244	1.32	3.4	3.13	4.1	4.8
CAF312	03/06/2014	0.245	0.342	0.282	0.219	0.244	2.35	3.51	3.11	4	4.8
CAF312	03/07/2014	0.243	0.342	0.336	0.219	0.244	3.32	3.87	3.24	4	4.8
CAF312	03/08/2014	0.242	0.34	0.343	0.219	0.244	3.71	4.28	3.42	4.06	4.8
CAF312	03/09/2014	0.244	0.34	0.346	0.219	0.244	4.38	4.62	3.64	4.12	4.8
CAF312	03/10/2014	0.244	0.343	0.351	0.219	0.244	5.19	5.02	3.88	4.22	4.8
CAF312	03/11/2014	0.243	0.341	0.352	0.219	0.244	4.78	5.37	4.11	4.35	4.83
CAF312	03/12/2014	0.242	0.339	0.353	0.22	0.244	4.58	5.49	4.36	4.48	4.9
CAF312	03/13/2014	0.242	0.338	0.352	0.22	0.244	4.5	5.5	4.47	4.61	4.97
CAF312	03/14/2014	0.241	0.336	0.352	0.22	0.245	4.62	5.59	4.57	4.7	5.02
CAF312	03/15/2014	0.242	0.335	0.352	0.22	0.244	4.42	5.67	4.7	4.8	5.1
CAF312	03/16/2014	0.241	0.335	0.352	0.22	0.244	4.52	5.7	4.79	4.87	5.15
CAF312	03/17/2014	0.242	0.334	0.352	0.22	0.244	4.8	5.75	4.81	4.9	5.2
CAF312	03/18/2014	0.242	0.335	0.352	0.22	0.245	4.33	5.8	4.9	5	5.24
CAF312	03/19/2014	0.241	0.335	0.352	0.22	0.245	4.11	5.76	4.89	5.02	5.3
CAF312	03/20/2014	0.241	0.334	0.352	0.221	0.245	4.07	5.7	5	5.1	5.3
CAF312	03/21/2014	0.24	0.332	0.352	0.221	0.245	3.75	5.64	4.94	5.1	5.39
CAF312	03/22/2014	0.24	0.331	0.351	0.221	0.245	3.6	5.55	4.9	5.1	5.4
CAF312	03/23/2014	0.24	0.33	0.35	0.221	0.245	3.75	5.5	4.87	5.1	5.4
CAF312	03/24/2014	0.24	0.329	0.349	0.221	0.245	4.03	5.5	4.84	5.1	5.4
CAF312	03/25/2014	0.24	0.328	0.349	0.221	0.245	4.37	5.58	4.9	5.1	5.4
CAF312	03/26/2014	0.24	0.327	0.348	0.221	0.245	4.66	5.71	4.91	5.1	5.4
CAF312	03/27/2014	0.24	0.326	0.348	0.221	0.245	5.1	5.86	5	5.1	5.4
CAF312	03/28/2014	0.24	0.326	0.348	0.221	0.245	5.15	6.05	5.09	5.19	5.46
CAF312	03/29/2014	0.241	0.326	0.347	0.221	0.245	5.42	6.14	5.15	5.2	5.5
CAF312	03/30/2014	0.242	0.328	0.348	0.222	0.245	5.66	6.31	5.27	5.3	5.5
CAF312	03/31/2014	0.241	0.329	0.348	0.222	0.245	5.39	6.4	5.38	5.33	5.5
CAF312	04/01/2014	0.241	0.328	0.348	0.222	0.245	5.53	6.41	5.45	5.4	5.6
CAF312	04/02/2014	0.241	0.328	0.349	0.222	0.245	5.69	6.53	5.5	5.48	5.6
CAF312	04/03/2014	0.241	0.328	0.349	0.223	0.245	5.58	6.6	5.57	5.5	5.67
CAF312	04/04/2014	0.241	0.327	0.348	0.223	0.245	6.09	6.65	5.6	5.6	5.7
CAF312	04/05/2014	0.241	0.326	0.348	0.223	0.245	6.04	6.79	5.72	5.61	5.7
CAF312	04/06/2014	0.241	0.326	0.348	0.224	0.245	6.36	6.88	5.8	5.7	5.8
CAF312	04/07/2014	0.241	0.325	0.348	0.224	0.245	6.63	7.05	5.9	5.75	5.8
CAF312	04/08/2014	0.241	0.325	0.348	0.224	0.245	7.56	7.24	6.01	5.8	5.87
CAF312	04/09/2014	0.241	0.324	0.348	0.225	0.245	8.25	7.61	6.15	5.9	5.9
CAF312	04/10/2014	0.241	0.324	0.348	0.225	0.245	8.19	7.86	6.3	5.99	5.92
CAF312	04/11/2014	NA	NA	NA	NA	NA	NA	NA	NA	NA	NA
