CAF397	11/08/2010	NA	NA	NA	NA	NA	NA	NA	NA	NA	NA
CAF397	11/09/2010	0.207	0.225	NA	0.198	0.25	6.27	8.48	NA	9.7	10.3
CAF397	11/10/2010	0.209	0.224	NA	0.198	0.25	6.02	8.22	NA	9.64	10.3
CAF397	11/11/2010	0.215	0.224	NA	0.198	0.25	6.02	7.94	NA	9.55	10.3
CAF397	11/12/2010	0.222	0.223	NA	0.198	0.25	5.84	7.75	NA	9.45	10.2
CAF397	11/13/2010	0.228	0.223	NA	0.198	0.25	5.32	7.56	NA	9.33	10.15
CAF397	11/14/2010	0.233	0.223	NA	0.198	0.25	5.17	7.29	NA	9.22	10.09
CAF397	11/15/2010	0.24	0.223	NA	0.198	0.25	5.95	7.23	NA	9.11	10
CAF397	11/16/2010	0.256	0.223	NA	0.198	0.25	6.45	7.38	NA	9	9.91
CAF397	11/17/2010	0.275	0.223	NA	0.198	0.25	6.1	7.45	NA	8.9	9.83
CAF397	11/18/2010	0.305	0.223	NA	0.198	0.25	5.87	7.38	NA	8.87	9.77
CAF397	11/19/2010	0.313	0.223	NA	0.198	0.249	4.96	7.15	NA	8.8	9.7
CAF397	11/20/2010	0.305	0.222	NA	0.198	0.249	4.18	6.74	NA	8.73	9.63
CAF397	11/21/2010	0.298	0.222	NA	0.198	0.249	3.58	6.31	NA	8.63	9.58
CAF397	11/22/2010	0.293	0.221	NA	0.198	0.249	3.25	5.93	NA	8.48	9.5
CAF397	11/23/2010	0.291	0.221	NA	0.198	0.249	3.1	5.65	NA	8.34	9.41
CAF397	11/24/2010	0.29	0.221	NA	0.198	0.249	3	5.45	NA	8.16	9.31
CAF397	11/25/2010	0.29	0.22	NA	0.198	0.249	2.94	5.27	NA	8.03	9.2
CAF397	11/26/2010	0.288	0.22	NA	0.197	0.249	2.84	5.13	NA	7.87	9.08
CAF397	11/27/2010	0.288	0.22	NA	0.197	0.248	2.8	5	NA	7.73	8.97
CAF397	11/28/2010	0.288	0.22	NA	0.197	0.248	2.8	4.9	NA	7.6	8.87
CAF397	11/29/2010	0.289	0.22	NA	0.197	0.248	2.8	4.82	NA	7.48	8.76
CAF397	11/30/2010	0.291	0.22	NA	0.197	0.248	2.89	4.8	NA	7.37	8.66
CAF397	12/01/2010	0.294	0.22	NA	0.197	0.248	2.88	4.74	NA	7.27	8.56
CAF397	12/02/2010	0.3	0.22	NA	0.197	0.248	2.8	4.7	NA	7.18	8.47
CAF397	12/03/2010	0.313	0.22	NA	0.197	0.248	2.72	4.61	NA	7.1	8.39
CAF397	12/04/2010	0.316	0.22	NA	0.197	0.248	2.7	4.53	NA	6.97	8.3
CAF397	12/05/2010	0.314	0.22	NA	0.197	0.248	2.7	4.5	NA	6.92	8.21
CAF397	12/06/2010	0.313	0.22	NA	0.197	0.247	2.7	4.4	NA	6.85	8.14
CAF397	12/07/2010	0.311	0.22	NA	0.196	0.247	2.7	4.4	NA	6.78	8.08
CAF397	12/08/2010	0.322	0.22	NA	0.196	0.247	2.63	4.32	NA	6.7	8
CAF397	12/09/2010	0.339	0.242	NA	0.196	0.247	2.43	4.13	NA	6.62	7.91
CAF397	12/10/2010	0.349	0.362	NA	0.195	0.247	1.87	3.57	NA	6.54	7.85
CAF397	12/11/2010	0.336	0.357	NA	0.195	0.247	2.19	3.79	NA	6.43	7.79
CAF397	12/12/2010	0.352	0.376	NA	0.245	0.248	2.1	3.56	NA	6.1	7.65
CAF397	12/13/2010	0.355	0.375	NA	0.345	0.257	2.1	3.17	NA	5.66	7.42
CAF397	12/14/2010	0.353	0.373	NA	0.34	0.278	3.05	3.5	NA	5.7	7.33
CAF397	12/15/2010	0.339	0.366	NA	0.33	0.299	2.9	3.85	NA	5.7	7.27
CAF397	12/16/2010	0.333	0.362	NA	0.32	0.307	2.52	3.9	NA	5.78	7.2
CAF397	12/17/2010	0.327	0.36	NA	0.316	0.311	2.2	3.85	NA	5.8	7.2
CAF397	12/18/2010	0.322	0.358	NA	0.314	0.314	1.95	3.74	NA	5.8	7.1
CAF397	12/19/2010	0.318	0.356	NA	0.312	0.315	1.82	3.62	NA	5.7	7.1
CAF397	12/20/2010	0.315	0.354	NA	0.31	0.316	1.74	3.52	NA	5.68	7.02
CAF397	12/21/2010	0.313	0.352	0.299	0.308	0.317	1.7	3.45	5	5.6	7
CAF397	12/22/2010	0.311	0.351	0.298	0.307	NA	1.7	3.4	4.98	5.53	NA
CAF397	12/23/2010	0.31	0.35	0.297	0.305	NA	1.7	3.3	4.9	5.49	NA
CAF397	12/24/2010	0.31	0.349	0.296	0.305	NA	1.7	3.3	4.83	5.4	NA
CAF397	12/25/2010	0.309	0.348	0.296	0.304	NA	1.66	3.23	4.8	5.34	NA
CAF397	12/26/2010	0.309	0.347	0.295	0.303	NA	1.7	3.2	4.71	5.3	NA
CAF397	12/27/2010	0.311	0.346	0.294	0.302	NA	1.6	3.2	4.7	5.2	NA
CAF397	12/28/2010	0.336	0.353	0.296	0.302	NA	1.58	3.12	4.61	5.19	NA
CAF397	12/29/2010	0.346	0.37	0.316	0.331	NA	1.52	3	4.49	5.09	NA
CAF397	12/30/2010	0.34	0.364	0.31	0.324	NA	1.6	3	4.48	5	NA
CAF397	12/31/2010	0.336	0.361	0.307	0.32	NA	1.6	2.98	4.4	4.96	NA
CAF397	01/01/2011	0.333	0.36	0.306	0.318	NA	1.6	3	4.4	4.9	NA
CAF397	01/02/2011	0.331	0.358	0.304	0.316	NA	1.69	3	4.37	4.9	NA
CAF397	01/03/2011	0.328	0.357	0.303	0.315	NA	1.68	3	4.38	4.8	NA
CAF397	01/04/2011	0.326	0.356	0.303	0.314	NA	1.62	3	4.3	4.8	NA
CAF397	01/05/2011	0.324	0.355	0.302	0.313	NA	1.6	2.99	4.3	4.79	NA
CAF397	01/06/2011	0.324	0.354	0.301	0.312	NA	1.6	2.9	4.3	4.7	NA
CAF397	01/07/2011	0.342	0.355	0.3	0.311	NA	1.6	2.9	4.24	4.7	NA
CAF397	01/08/2011	0.346	0.365	0.302	0.311	NA	1.6	2.87	4.2	4.69	NA
CAF397	01/09/2011	0.34	0.364	0.307	0.315	NA	1.6	2.9	4.17	4.6	NA
CAF397	01/10/2011	0.335	0.361	0.307	0.317	NA	1.6	2.86	4.17	4.6	NA
CAF397	01/11/2011	0.33	0.36	0.306	0.317	NA	1.53	2.8	4.1	4.56	NA
CAF397	01/12/2011	0.326	0.358	0.305	0.316	NA	1.48	2.8	4.1	4.5	NA
CAF397	01/13/2011	0.345	0.366	0.311	0.323	NA	1.37	2.74	4.04	4.49	NA
CAF397	01/14/2011	0.354	0.375	0.325	0.345	NA	1.31	2.57	3.92	4.37	NA
CAF397	01/15/2011	0.348	0.37	0.317	0.335	NA	1.81	2.57	3.82	4.3	NA
CAF397	01/16/2011	0.36	0.376	0.323	0.343	NA	3.1	2.81	3.8	4.2	NA
CAF397	01/17/2011	0.351	0.371	0.317	0.334	NA	4.24	3.3	3.9	4.2	NA
CAF397	01/18/2011	0.344	0.367	0.313	0.328	NA	3.83	3.68	4.09	4.21	NA
CAF397	01/19/2011	0.342	0.365	0.311	0.324	NA	3.16	3.71	4.3	4.31	NA
CAF397	01/20/2011	0.338	0.364	0.31	0.323	NA	2.51	3.58	4.4	4.4	NA
CAF397	01/21/2011	0.345	0.367	0.312	0.323	NA	2.08	3.36	4.38	4.43	NA
CAF397	01/22/2011	0.35	0.374	0.319	0.335	NA	2	3.16	4.28	4.4	NA
CAF397	01/23/2011	0.344	0.369	0.314	0.329	NA	2.09	3.1	4.17	4.4	NA
CAF397	01/24/2011	0.343	0.366	0.312	0.325	NA	2.23	3.1	4.2	4.4	NA
CAF397	01/25/2011	0.35	0.367	0.311	0.323	NA	2.61	3.14	4.17	4.4	NA
CAF397	01/26/2011	0.346	0.367	0.311	0.323	NA	2.89	3.27	4.2	4.4	NA
CAF397	01/27/2011	0.343	0.366	0.311	0.323	NA	2.97	3.37	4.2	4.4	NA
CAF397	01/28/2011	0.34	0.365	0.31	0.322	NA	3.11	3.46	4.23	4.4	NA
CAF397	01/29/2011	0.342	0.364	0.31	0.322	NA	3.31	3.56	4.3	4.4	NA
CAF397	01/30/2011	0.356	0.372	0.313	0.322	NA	3.19	3.6	4.38	4.4	NA
CAF397	01/31/2011	0.347	0.371	0.317	0.33	NA	2.61	3.58	4.37	4.42	NA
CAF397	02/01/2011	0.339	0.367	0.314	0.327	NA	1.98	3.39	4.4	4.5	NA
CAF397	02/02/2011	0.334	0.364	0.312	0.325	NA	1.53	3.15	4.3	4.45	NA
CAF397	02/03/2011	0.328	0.362	0.311	0.323	NA	1.28	2.94	4.2	4.4	NA
CAF397	02/04/2011	0.324	0.36	0.309	0.321	NA	1.2	2.76	4.08	4.37	NA
CAF397	02/05/2011	0.321	0.359	0.308	0.32	NA	1.1	2.66	3.98	4.3	NA
CAF397	02/06/2011	0.32	0.357	0.307	0.319	NA	1.1	2.57	3.87	4.21	NA
CAF397	02/07/2011	0.322	0.356	0.306	0.318	NA	1.1	2.5	3.8	4.17	NA
CAF397	02/08/2011	0.327	0.355	0.305	0.316	NA	1.1	2.46	3.72	4.1	NA
CAF397	02/09/2011	0.328	0.354	0.304	0.316	NA	1.1	2.4	3.7	4.05	NA
CAF397	02/10/2011	0.328	0.354	0.303	0.315	NA	1.1	2.4	3.65	4	NA
CAF397	02/11/2011	0.327	0.353	0.303	0.314	NA	1.1	2.4	3.6	3.98	NA
CAF397	02/12/2011	0.326	0.353	0.302	0.314	NA	1.16	2.31	3.57	3.9	NA
CAF397	02/13/2011	0.339	0.353	0.302	0.313	NA	1.34	2.33	3.53	3.9	NA
CAF397	02/14/2011	0.344	0.353	0.301	0.313	NA	1.85	2.43	3.5	3.86	NA
CAF397	02/15/2011	0.347	0.355	0.301	0.312	NA	2.41	2.63	3.55	3.8	NA
CAF397	02/16/2011	0.355	0.366	0.302	0.312	NA	2.13	2.78	3.64	3.81	NA
CAF397	02/17/2011	0.35	0.367	0.307	0.313	NA	1.97	2.8	3.7	3.9	NA
CAF397	02/18/2011	0.346	0.366	0.309	0.315	NA	1.9	2.73	3.7	3.9	NA
CAF397	02/19/2011	0.342	0.364	0.31	0.318	NA	1.8	2.7	3.7	3.9	NA
CAF397	02/20/2011	0.341	0.363	0.309	0.319	NA	1.7	2.7	3.7	3.9	NA
CAF397	02/21/2011	0.339	0.362	NA	0.319	NA	1.7	2.69	NA	3.9	NA
CAF397	02/22/2011	0.338	0.361	NA	0.319	NA	1.7	2.6	NA	3.9	NA
CAF397	02/23/2011	0.339	0.361	NA	0.318	NA	1.7	2.6	NA	3.88	NA
CAF397	02/24/2011	0.339	0.36	NA	0.318	NA	1.7	2.6	NA	3.8	NA
CAF397	02/25/2011	0.339	0.36	NA	0.317	NA	1.7	2.6	NA	3.8	NA
CAF397	02/26/2011	0.338	0.36	NA	0.317	NA	1.7	2.6	NA	3.8	NA
CAF397	02/27/2011	0.337	0.359	NA	0.317	NA	1.6	2.6	NA	3.8	NA
CAF397	02/28/2011	0.336	0.359	NA	0.316	NA	1.6	2.58	NA	3.8	NA
CAF397	03/01/2011	0.336	0.359	NA	0.316	NA	1.6	2.5	NA	3.8	NA
CAF397	03/02/2011	0.337	0.358	NA	0.316	NA	1.6	2.5	NA	3.8	NA
CAF397	03/03/2011	0.341	0.358	NA	0.315	NA	1.6	2.5	NA	3.73	NA
CAF397	03/04/2011	0.344	0.359	NA	0.315	NA	1.6	2.5	NA	3.7	NA
CAF397	03/05/2011	0.345	0.36	NA	0.315	NA	1.6	2.5	NA	3.7	NA
CAF397	03/06/2011	0.347	0.362	NA	0.315	NA	1.6	2.5	NA	3.7	NA
CAF397	03/07/2011	0.347	0.364	NA	0.316	NA	1.5	2.48	NA	3.7	NA
CAF397	03/08/2011	0.346	0.364	NA	0.317	NA	1.5	2.4	NA	3.7	NA
CAF397	03/09/2011	0.349	0.366	NA	0.326	NA	1.5	2.4	NA	3.64	NA
CAF397	03/10/2011	0.355	0.373	NA	0.403	NA	1.5	2.34	NA	3.53	NA
CAF397	03/11/2011	0.351	0.375	NA	0.444	NA	1.45	2.3	NA	3.5	NA
CAF397	03/12/2011	0.351	0.376	NA	0.444	NA	1.41	2.3	NA	3.6	NA
CAF397	03/13/2011	0.358	0.396	NA	0.445	NA	1.47	2.32	NA	3.6	NA
CAF397	03/14/2011	0.356	0.396	NA	0.446	NA	1.99	2.4	NA	3.57	NA
CAF397	03/15/2011	0.354	0.395	NA	0.445	NA	2.71	2.59	NA	3.59	NA
CAF397	03/16/2011	0.357	0.396	NA	0.445	NA	3.12	2.84	NA	3.6	NA
CAF397	03/17/2011	0.35	0.396	NA	0.446	NA	3.11	3.06	NA	3.65	NA
CAF397	03/18/2011	0.348	0.392	NA	0.445	NA	3.07	3.17	NA	3.73	NA
CAF397	03/19/2011	0.348	0.389	NA	0.446	NA	3.35	3.27	NA	3.8	NA
CAF397	03/20/2011	0.35	0.388	NA	0.446	NA	2.95	3.35	NA	3.89	NA
CAF397	03/21/2011	0.356	0.385	NA	0.446	NA	3.24	3.32	NA	3.95	NA
CAF397	03/22/2011	0.356	0.39	NA	0.447	NA	3.54	3.46	NA	4	NA
CAF397	03/23/2011	0.35	0.388	NA	0.447	NA	3.61	3.59	NA	4.05	NA
CAF397	03/24/2011	0.347	0.386	NA	0.447	NA	4.05	3.7	NA	4.1	NA
CAF397	03/25/2011	0.347	0.384	NA	0.447	NA	4.55	3.95	NA	4.14	NA
CAF397	03/26/2011	0.347	0.38	NA	0.447	NA	4.42	4.16	NA	4.22	NA
CAF397	03/27/2011	0.355	0.379	NA	0.447	NA	4.65	4.26	NA	4.3	NA
CAF397	03/28/2011	0.353	0.378	NA	0.448	NA	4.84	4.4	NA	4.38	NA
CAF397	03/29/2011	0.353	0.376	NA	0.448	NA	4.68	4.5	NA	4.44	NA
CAF397	03/30/2011	0.364	0.384	NA	0.449	NA	5.02	4.57	NA	4.47	NA
CAF397	03/31/2011	0.358	0.387	NA	0.449	NA	5.95	4.8	NA	4.58	NA
CAF397	04/01/2011	0.354	0.385	NA	0.449	NA	6.3	5.14	NA	4.63	NA
CAF397	04/02/2011	0.364	0.391	NA	0.45	NA	6.86	5.49	NA	4.73	NA
CAF397	04/03/2011	0.358	0.393	NA	0.45	NA	5.82	5.64	NA	4.85	NA
CAF397	04/04/2011	0.357	0.39	NA	0.45	NA	5.32	5.46	NA	4.97	NA
CAF397	04/05/2011	0.364	0.397	NA	0.451	NA	5.34	5.32	NA	5.04	NA
CAF397	04/06/2011	0.358	0.396	NA	0.451	NA	5.03	5.27	NA	5.1	NA
CAF397	04/07/2011	0.355	0.396	NA	0.451	NA	4.62	5.12	NA	5.1	NA
CAF397	04/08/2011	0.353	0.393	NA	0.45	NA	4.6	4.97	NA	5.1	NA
CAF397	04/09/2011	0.35	0.391	NA	0.45	NA	4.98	4.98	NA	5.1	NA
CAF397	04/10/2011	0.348	0.388	NA	0.451	NA	5.28	5.06	NA	5.07	NA
CAF397	04/11/2011	0.346	0.387	NA	0.45	NA	5.51	5.16	NA	5.1	NA
CAF397	04/12/2011	0.345	0.384	NA	0.451	NA	5.36	5.24	NA	5.1	NA
CAF397	04/13/2011	0.344	0.382	NA	0.45	NA	5.36	5.29	NA	5.17	NA
CAF397	04/14/2011	0.341	0.379	NA	0.451	NA	4.93	5.25	NA	5.2	NA
CAF397	04/15/2011	0.345	0.378	NA	0.451	NA	5.22	5.2	NA	5.2	NA
CAF397	04/16/2011	0.359	0.378	NA	0.451	NA	6.02	5.31	NA	5.17	NA
CAF397	04/17/2011	0.357	0.379	NA	0.451	NA	6.36	5.58	NA	5.22	NA
CAF397	04/18/2011	0.351	0.378	NA	0.451	NA	5.81	5.7	NA	5.3	NA
CAF397	04/19/2011	0.348	0.376	NA	0.451	NA	5.4	5.6	NA	5.3	NA
CAF397	04/20/2011	NA	NA	NA	NA	NA	NA	NA	NA	NA	NA
CAF397	11/02/2011	NA	NA	NA	NA	NA	NA	NA	NA	NA	NA
CAF397	11/03/2011	0.21	0.224	0.202	0.214	NA	5.54	7.85	9.79	11.12	NA
CAF397	11/04/2011	0.21	0.224	0.202	0.213	NA	5.73	7.7	9.6	10.97	NA
CAF397	11/05/2011	0.21	0.224	0.202	0.213	NA	5.08	7.52	9.42	10.78	NA
CAF397	11/06/2011	0.209	0.223	0.201	0.213	NA	4.47	7.17	9.22	10.59	NA
CAF397	11/07/2011	0.209	0.223	0.201	0.213	NA	3.97	6.8	8.98	10.4	NA
CAF397	11/08/2011	0.209	0.222	0.201	0.212	NA	3.82	6.48	8.73	10.22	NA
CAF397	11/09/2011	0.209	0.222	0.201	0.212	NA	4.09	6.31	8.5	10.03	NA
CAF397	11/10/2011	0.209	0.222	0.2	0.212	NA	4.22	6.25	8.34	9.85	NA
CAF397	11/11/2011	0.21	0.222	0.2	0.212	NA	4.3	6.2	8.21	9.71	NA
CAF397	11/12/2011	0.217	0.222	0.2	0.212	NA	4.41	6.2	8.1	9.56	NA
CAF397	11/13/2011	0.223	0.222	0.2	0.212	NA	4.16	6.12	8.02	9.45	NA
CAF397	11/14/2011	0.226	0.222	0.2	0.212	NA	4.38	6.1	7.93	9.35	NA
CAF397	11/15/2011	0.228	0.222	0.2	0.212	NA	3.94	6.04	7.87	9.25	NA
CAF397	11/16/2011	0.228	0.222	0.2	0.211	NA	3.13	5.75	7.75	9.16	NA
CAF397	11/17/2011	0.233	0.221	0.2	0.211	NA	2.71	5.4	7.58	9.05	NA
CAF397	11/18/2011	0.238	0.221	0.2	0.211	NA	2.6	5.13	7.38	8.92	NA
CAF397	11/19/2011	0.24	0.221	0.199	0.211	NA	2.62	4.97	7.2	8.76	NA
CAF397	11/20/2011	0.241	0.221	0.199	0.211	NA	2.7	4.9	7.05	8.63	NA
CAF397	11/21/2011	0.242	0.221	0.199	0.21	NA	2.8	4.81	6.94	8.5	NA
CAF397	11/22/2011	0.302	0.22	0.199	0.21	NA	2.82	4.76	6.84	8.39	NA
CAF397	11/23/2011	0.325	0.22	0.199	0.21	NA	4.07	4.84	6.75	8.26	NA
CAF397	11/24/2011	0.318	0.221	0.199	0.21	NA	4.62	5.25	6.79	8.13	NA
CAF397	11/25/2011	0.319	0.221	0.199	0.21	NA	4.42	5.45	6.88	8.1	NA
CAF397	11/26/2011	0.314	0.221	0.199	0.21	NA	3.73	5.41	6.9	8.1	NA
CAF397	11/27/2011	0.308	0.221	0.199	0.21	NA	3.3	5.12	6.86	8.05	NA
CAF397	11/28/2011	0.311	0.221	0.199	0.21	NA	3.63	5.1	6.75	7.99	NA
CAF397	11/29/2011	0.308	0.22	0.199	0.21	NA	3.54	5.34	6.7	7.83	NA
CAF397	11/30/2011	0.308	0.22	0.199	0.21	NA	3.61	5.43	6.61	7.78	NA
CAF397	12/01/2011	0.306	0.22	0.199	0.209	NA	3.28	5.47	6.6	7.7	NA
CAF397	12/02/2011	0.303	0.219	0.199	0.209	NA	2.85	5.33	6.5	7.62	NA
CAF397	12/03/2011	0.299	0.219	0.199	0.209	NA	2.49	5.15	6.39	7.56	NA
CAF397	12/04/2011	0.295	0.219	0.199	0.209	NA	2.19	4.95	6.26	7.49	NA
CAF397	12/05/2011	0.292	0.218	0.199	0.209	NA	1.96	4.82	6.12	7.38	NA
CAF397	12/06/2011	0.288	0.218	0.199	0.209	NA	1.75	4.67	5.96	7.28	NA
CAF397	12/07/2011	0.284	0.218	0.199	0.209	NA	1.62	4.55	5.83	7.16	NA
CAF397	12/08/2011	0.281	0.218	0.199	0.209	NA	1.46	4.47	5.68	7.05	NA
CAF397	12/09/2011	0.278	0.217	0.198	0.209	NA	1.27	4.37	5.56	6.95	NA
CAF397	12/10/2011	0.275	0.217	0.198	0.209	NA	1.2	4.29	5.44	6.84	NA
CAF397	12/11/2011	0.273	0.217	0.198	0.208	NA	1.12	4.2	5.32	6.73	NA
CAF397	12/12/2011	0.27	0.217	0.198	0.208	NA	1.01	4.15	5.21	6.63	NA
CAF397	12/13/2011	0.268	0.216	0.198	0.208	NA	0.9	4.17	5.11	6.53	NA
CAF397	12/14/2011	0.265	0.216	0.198	0.208	NA	0.85	4.6	5.01	6.43	NA
CAF397	12/15/2011	0.263	0.216	0.198	0.208	NA	0.9	4.71	4.92	6.35	NA
CAF397	12/16/2011	0.262	0.216	0.198	0.208	NA	0.9	4.6	4.84	6.26	NA
CAF397	12/17/2011	0.261	0.216	0.198	0.208	NA	0.91	4.54	4.79	6.2	NA
CAF397	12/18/2011	0.261	0.216	0.198	0.208	NA	1	4.5	4.7	6.13	NA
CAF397	12/19/2011	0.261	0.216	0.198	0.208	NA	1	4.5	4.67	6.06	NA
CAF397	12/20/2011	0.261	0.216	0.198	0.208	NA	1	4.5	4.6	6	NA
CAF397	12/21/2011	0.261	0.216	0.198	0.208	NA	1	4.5	4.6	5.9	NA
CAF397	12/22/2011	0.261	0.216	0.198	0.208	NA	0.9	4.5	4.5	5.9	NA
CAF397	12/23/2011	0.259	0.216	0.198	0.208	NA	0.69	4.45	4.5	5.85	NA
CAF397	12/24/2011	0.256	0.216	0.198	0.208	NA	0.55	4.35	4.4	5.8	NA
CAF397	12/25/2011	0.254	0.216	0.198	0.208	NA	0.59	4.3	4.33	5.72	NA
CAF397	12/26/2011	0.253	0.216	0.198	0.208	NA	0.6	4.21	4.27	5.67	NA
CAF397	12/27/2011	0.253	0.216	0.198	0.208	NA	0.6	4.2	4.2	5.6	NA
CAF397	12/28/2011	0.312	0.216	0.198	0.208	NA	0.66	4.2	4.18	5.55	NA
CAF397	12/29/2011	0.348	0.219	0.198	0.208	NA	0.66	4.12	4.1	5.5	NA
CAF397	12/30/2011	0.359	0.322	0.201	0.208	NA	0.59	3.81	4	5.43	NA
CAF397	12/31/2011	0.339	0.333	0.202	0.208	NA	0.75	3.97	3.9	5.35	NA
CAF397	01/01/2012	0.325	0.325	0.202	0.208	NA	0.87	4.1	3.9	5.3	NA
CAF397	01/02/2012	0.32	0.321	0.202	0.208	NA	1.02	4.19	3.9	5.2	NA
CAF397	01/03/2012	0.317	0.318	0.202	0.208	NA	1.22	4.26	3.9	5.2	NA
CAF397	01/04/2012	0.316	0.316	0.202	0.208	NA	1.44	4.33	3.9	5.15	NA
CAF397	01/05/2012	0.323	0.315	0.202	0.208	NA	2.12	4.45	3.9	5.1	NA
CAF397	01/06/2012	0.32	0.314	0.202	0.208	NA	2.12	4.73	4	5.1	NA
CAF397	01/07/2012	0.314	0.312	0.203	0.209	NA	1.83	4.8	4.09	5.1	NA
CAF397	01/08/2012	0.31	0.311	0.203	0.209	NA	1.75	4.85	4.1	5.1	NA
CAF397	01/09/2012	0.309	0.31	0.203	0.209	NA	1.73	4.95	4.1	5.1	NA
CAF397	01/10/2012	0.311	0.309	0.203	0.209	NA	1.8	5.14	4.1	5.1	NA
CAF397	01/11/2012	0.311	0.308	0.203	0.209	NA	1.73	5.28	4.1	5.1	NA
CAF397	01/12/2012	0.306	0.307	0.203	0.21	NA	1.55	5.3	4.1	5.1	NA
CAF397	01/13/2012	0.301	0.306	0.203	0.21	NA	1.4	5.2	4.06	5.1	NA
CAF397	01/14/2012	0.297	0.305	0.203	0.21	NA	1.3	5.2	4	5.03	NA
CAF397	01/15/2012	0.294	0.304	0.203	0.21	NA	1.3	5.2	3.98	5	NA
CAF397	01/16/2012	0.293	0.303	0.203	0.21	NA	1.2	5.2	3.9	5	NA
CAF397	01/17/2012	0.292	0.302	0.203	0.21	NA	1.2	5.2	3.87	4.9	NA
CAF397	01/18/2012	0.292	0.301	0.203	0.21	NA	1.2	5.2	3.82	4.9	NA
CAF397	01/19/2012	0.291	0.301	0.203	0.21	NA	1.2	5.2	3.8	4.9	NA
CAF397	01/20/2012	0.291	NA	NA	NA	NA	1.2	NA	NA	NA	NA
CAF397	01/21/2012	0.294	NA	NA	NA	NA	1.2	NA	NA	NA	NA
CAF397	01/22/2012	0.309	NA	NA	NA	NA	1.2	NA	NA	NA	NA
CAF397	01/23/2012	0.314	NA	NA	NA	NA	1.2	NA	NA	NA	NA
CAF397	01/24/2012	0.315	NA	NA	NA	NA	1.2	NA	NA	NA	NA
CAF397	01/25/2012	0.346	NA	NA	NA	NA	1.2	NA	NA	NA	NA
CAF397	01/26/2012	0.348	NA	NA	NA	NA	1.2	NA	NA	NA	NA
CAF397	01/27/2012	0.346	NA	NA	NA	NA	1.2	NA	NA	NA	NA
CAF397	01/28/2012	0.34	NA	NA	NA	NA	1.29	NA	NA	NA	NA
CAF397	01/29/2012	0.336	NA	NA	NA	NA	1.3	NA	NA	NA	NA
CAF397	01/30/2012	0.353	NA	NA	NA	NA	1.22	NA	NA	NA	NA
CAF397	01/31/2012	0.349	NA	NA	NA	NA	1.2	NA	NA	NA	NA
CAF397	02/01/2012	0.35	NA	NA	NA	NA	1.25	NA	NA	NA	NA
CAF397	02/02/2012	0.352	NA	NA	NA	NA	1.27	NA	NA	NA	NA
CAF397	02/03/2012	0.344	NA	NA	NA	NA	1.3	NA	NA	NA	NA
CAF397	02/04/2012	0.337	NA	NA	NA	NA	1.3	NA	NA	NA	NA
CAF397	02/05/2012	0.333	NA	NA	NA	NA	1.3	NA	NA	NA	NA
CAF397	02/06/2012	0.329	NA	NA	NA	NA	1.3	NA	NA	NA	NA
CAF397	02/07/2012	0.326	NA	NA	NA	NA	1.3	NA	NA	NA	NA
CAF397	02/08/2012	0.324	NA	NA	NA	NA	1.3	NA	NA	NA	NA
CAF397	02/09/2012	0.332	NA	NA	NA	NA	1.3	NA	NA	NA	NA
CAF397	02/10/2012	0.353	NA	NA	NA	NA	1.25	NA	NA	NA	NA
CAF397	02/11/2012	0.356	NA	NA	NA	NA	1.2	NA	NA	NA	NA
CAF397	02/12/2012	0.357	NA	NA	NA	NA	1.22	NA	NA	NA	NA
CAF397	02/13/2012	0.352	NA	NA	NA	NA	1.3	NA	NA	NA	NA
CAF397	02/14/2012	0.351	NA	NA	NA	NA	1.41	NA	NA	NA	NA
CAF397	02/15/2012	0.349	NA	NA	NA	NA	1.51	NA	NA	NA	NA
CAF397	02/16/2012	0.344	NA	NA	NA	NA	1.53	NA	NA	NA	NA
CAF397	02/17/2012	0.339	NA	NA	NA	NA	1.51	NA	NA	NA	NA
CAF397	02/18/2012	0.345	NA	NA	NA	NA	1.82	NA	NA	NA	NA
CAF397	02/19/2012	0.344	NA	NA	NA	NA	1.87	NA	NA	NA	NA
CAF397	02/20/2012	0.341	NA	NA	NA	NA	1.73	NA	NA	NA	NA
CAF397	02/21/2012	0.354	NA	NA	NA	NA	1.7	NA	NA	NA	NA
CAF397	02/22/2012	0.355	NA	NA	NA	NA	2.95	NA	NA	NA	NA
CAF397	02/23/2012	0.348	NA	NA	NA	NA	2.77	NA	NA	NA	NA
CAF397	02/24/2012	0.342	NA	NA	NA	NA	2.3	NA	NA	NA	NA
CAF397	02/25/2012	0.341	NA	NA	NA	NA	2.3	NA	NA	NA	NA
CAF397	02/26/2012	0.338	NA	NA	NA	NA	2.02	NA	NA	NA	NA
CAF397	02/27/2012	0.336	NA	NA	NA	NA	1.84	NA	NA	NA	NA
CAF397	02/28/2012	0.334	NA	NA	NA	NA	1.72	NA	NA	NA	NA
CAF397	02/29/2012	0.332	NA	NA	NA	NA	1.66	NA	NA	NA	NA
CAF397	03/01/2012	0.331	NA	NA	NA	NA	1.6	NA	NA	NA	NA
CAF397	03/02/2012	0.33	NA	NA	NA	NA	1.6	NA	NA	NA	NA
CAF397	03/03/2012	0.33	NA	NA	NA	NA	1.6	NA	NA	NA	NA
CAF397	03/04/2012	0.353	NA	NA	NA	NA	1.71	NA	NA	NA	NA
CAF397	03/05/2012	0.355	NA	NA	NA	NA	2.7	NA	NA	NA	NA
CAF397	03/06/2012	0.354	NA	NA	NA	NA	2.7	NA	NA	NA	NA
CAF397	03/07/2012	0.346	NA	NA	NA	NA	2.08	NA	NA	NA	NA
CAF397	03/08/2012	0.34	NA	NA	NA	NA	1.85	NA	NA	NA	NA
CAF397	03/09/2012	0.339	NA	NA	NA	NA	2.38	NA	NA	NA	NA
CAF397	03/10/2012	0.338	NA	NA	NA	NA	3.25	NA	NA	NA	NA
CAF397	03/11/2012	0.342	NA	NA	NA	NA	3.67	NA	NA	NA	NA
CAF397	03/12/2012	0.342	NA	NA	NA	NA	3.1	NA	NA	NA	NA
CAF397	03/13/2012	0.354	NA	NA	NA	NA	3.02	NA	NA	NA	NA
CAF397	03/14/2012	0.353	NA	NA	NA	NA	2.85	NA	NA	NA	NA
CAF397	03/15/2012	0.359	NA	NA	NA	NA	3.3	NA	NA	NA	NA
CAF397	03/16/2012	0.363	NA	NA	NA	NA	4.15	NA	NA	NA	NA
CAF397	03/17/2012	0.356	NA	NA	NA	NA	4.24	NA	NA	NA	NA
CAF397	03/18/2012	0.349	NA	NA	NA	NA	3.77	NA	NA	NA	NA
CAF397	03/19/2012	0.345	NA	NA	NA	NA	3.2	NA	NA	NA	NA
CAF397	03/20/2012	0.344	NA	NA	NA	NA	2.83	NA	NA	NA	NA
CAF397	03/21/2012	0.359	NA	NA	NA	NA	2.5	NA	NA	NA	NA
CAF397	03/22/2012	0.36	NA	NA	NA	NA	2.18	NA	NA	NA	NA
CAF397	03/23/2012	0.359	NA	NA	NA	NA	2.1	NA	NA	NA	NA
CAF397	03/24/2012	0.359	NA	NA	NA	NA	2.15	NA	NA	NA	NA
CAF397	03/25/2012	0.357	NA	NA	NA	NA	3.22	NA	NA	NA	NA
CAF397	03/26/2012	0.365	NA	NA	NA	NA	4.53	NA	NA	NA	NA
CAF397	03/27/2012	0.359	NA	NA	NA	NA	4.31	NA	NA	NA	NA
CAF397	03/28/2012	0.361	NA	NA	NA	NA	4.95	NA	NA	NA	NA
CAF397	03/29/2012	0.361	NA	NA	NA	NA	5.21	NA	NA	NA	NA
CAF397	03/30/2012	0.369	NA	NA	NA	NA	5.7	NA	NA	NA	NA
CAF397	03/31/2012	0.365	NA	NA	NA	NA	5.75	NA	NA	NA	NA
CAF397	04/01/2012	0.366	NA	NA	NA	NA	5.45	NA	NA	NA	NA
CAF397	04/02/2012	0.36	NA	NA	NA	NA	4.79	NA	NA	NA	NA
CAF397	04/03/2012	0.356	NA	NA	NA	NA	5.01	NA	NA	NA	NA
CAF397	04/04/2012	0.356	NA	NA	NA	NA	5	NA	NA	NA	NA
CAF397	04/05/2012	0.358	NA	NA	NA	NA	3.9	NA	NA	NA	NA
CAF397	04/06/2012	0.36	NA	NA	NA	NA	3.45	NA	NA	NA	NA
CAF397	04/07/2012	0.358	NA	NA	NA	NA	3.46	NA	NA	NA	NA
CAF397	04/08/2012	0.355	NA	NA	NA	NA	4.3	NA	NA	NA	NA
CAF397	04/09/2012	0.352	NA	NA	NA	NA	5.28	NA	NA	NA	NA
CAF397	04/10/2012	0.35	NA	NA	NA	NA	6.44	NA	NA	NA	NA
CAF397	04/11/2012	0.347	NA	NA	NA	NA	7.05	NA	NA	NA	NA
CAF397	04/12/2012	0.348	NA	NA	NA	NA	7.42	NA	NA	NA	NA
CAF397	04/13/2012	0.348	NA	NA	NA	NA	7.31	NA	NA	NA	NA
CAF397	04/14/2012	0.344	NA	NA	NA	NA	7.3	NA	NA	NA	NA
CAF397	04/15/2012	0.341	NA	NA	NA	NA	7.29	NA	NA	NA	NA
CAF397	04/16/2012	0.344	NA	NA	NA	NA	7.04	NA	NA	NA	NA
CAF397	04/17/2012	0.348	NA	NA	NA	NA	6.92	NA	NA	NA	NA
CAF397	04/18/2012	0.353	NA	NA	NA	NA	7.46	NA	NA	NA	NA
CAF397	04/19/2012	0.357	NA	NA	NA	NA	7.77	NA	NA	NA	NA
CAF397	04/20/2012	0.361	NA	NA	NA	NA	8.53	NA	NA	NA	NA
CAF397	04/21/2012	0.361	NA	NA	NA	NA	9.2	NA	NA	NA	NA
CAF397	04/22/2012	0.358	NA	NA	NA	NA	10.26	NA	NA	NA	NA
CAF397	04/23/2012	0.363	NA	NA	NA	NA	11.55	NA	NA	NA	NA
CAF397	04/24/2012	0.366	NA	NA	NA	NA	12.51	NA	NA	NA	NA
CAF397	04/25/2012	0.36	NA	NA	NA	NA	12.41	NA	NA	NA	NA
CAF397	04/26/2012	0.366	NA	NA	NA	NA	12.14	NA	NA	NA	NA
CAF397	04/27/2012	0.371	NA	NA	NA	NA	10.2	NA	NA	NA	NA
CAF397	04/28/2012	0.363	NA	NA	NA	NA	9.3	NA	NA	NA	NA
CAF397	04/29/2012	0.358	NA	NA	NA	NA	9.46	NA	NA	NA	NA
CAF397	04/30/2012	0.365	NA	NA	NA	NA	10.08	NA	NA	NA	NA
CAF397	05/01/2012	0.365	NA	NA	NA	NA	9.34	NA	NA	NA	NA
CAF397	05/02/2012	0.359	NA	NA	NA	NA	8.58	NA	NA	NA	NA
CAF397	05/03/2012	0.358	NA	NA	NA	NA	8.47	NA	NA	NA	NA
CAF397	05/04/2012	0.366	NA	NA	NA	NA	8.45	NA	NA	NA	NA
CAF397	05/05/2012	0.362	NA	NA	NA	NA	8.2	NA	NA	NA	NA
CAF397	05/06/2012	0.357	NA	NA	NA	NA	8.07	NA	NA	NA	NA
CAF397	05/07/2012	NA	NA	NA	NA	NA	NA	NA	NA	NA	NA
CAF397	01/04/2013	NA	NA	NA	NA	NA	NA	NA	NA	NA	NA
CAF397	01/05/2013	0.337	0.34	0.281	0.29	0.296	2.3	4	5.17	6.3	6.1
CAF397	01/06/2013	0.335	0.34	0.281	0.29	0.297	2.3	3.91	5.1	6.33	6.1
CAF397	01/07/2013	0.334	0.34	0.28	0.29	0.296	2.3	3.9	5.1	6.4	6.1
CAF397	01/08/2013	0.341	0.342	0.281	0.289	0.295	2.28	3.89	5.01	6.4	6.01
CAF397	01/09/2013	0.365	0.367	0.296	0.315	0.383	2.1	3.71	4.96	6.35	5.88
CAF397	01/10/2013	0.359	0.36	0.299	0.319	0.365	2.15	3.65	4.8	6.26	5.8
CAF397	01/11/2013	0.354	0.353	0.293	0.31	0.351	2.17	3.7	4.8	6.2	5.78
CAF397	01/12/2013	0.35	0.35	0.29	0.306	0.347	2.1	3.68	4.8	6.2	5.7
CAF397	01/13/2013	0.346	0.348	0.288	0.303	0.344	2.1	3.6	4.73	6.2	5.7
CAF397	01/14/2013	0.343	0.346	0.286	0.301	0.34	2.1	3.6	4.7	6.2	5.61
CAF397	01/15/2013	0.34	0.345	0.285	0.3	0.335	2.1	3.6	4.7	6.2	5.6
CAF397	01/16/2013	0.338	0.343	0.284	0.299	0.332	2.1	3.6	4.7	6.17	5.59
CAF397	01/17/2013	0.337	0.342	0.284	0.298	0.33	2.1	3.6	4.65	6.1	5.5
CAF397	01/18/2013	0.336	0.342	0.284	0.298	0.329	2.1	3.55	4.6	6.1	5.5
CAF397	01/19/2013	0.335	0.341	0.283	0.297	0.327	2.1	3.5	4.6	6.1	5.48
CAF397	01/20/2013	0.333	0.34	0.283	0.296	0.324	2.1	3.5	4.6	6.1	5.4
CAF397	01/21/2013	0.332	0.339	0.283	0.296	0.323	2.04	3.5	4.5	6	5.4
CAF397	01/22/2013	0.33	0.339	0.282	0.296	0.322	2	3.41	4.5	6	5.37
CAF397	01/23/2013	0.327	0.338	0.282	0.295	0.32	1.97	3.4	4.5	6	5.3
CAF397	01/24/2013	0.326	0.337	0.281	0.294	0.318	1.9	3.4	4.42	6	5.3
CAF397	01/25/2013	0.341	0.348	0.281	0.294	0.317	1.87	3.3	4.4	5.9	5.28
CAF397	01/26/2013	0.36	0.372	0.301	0.31	0.346	1.8	3.2	4.33	5.9	5.2
CAF397	01/27/2013	0.355	0.36	0.299	0.313	0.351	1.84	3.2	4.3	5.8	5.2
CAF397	01/28/2013	0.353	0.355	0.294	0.309	0.348	1.9	3.2	4.29	5.8	5.12
CAF397	01/29/2013	0.352	0.353	0.293	0.307	0.343	1.9	3.2	4.2	5.8	5.1
CAF397	01/30/2013	0.363	0.37	0.318	0.348	0.386	1.81	3.07	4.14	5.69	5.02
CAF397	01/31/2013	0.36	0.362	0.307	0.332	0.352	1.98	3.1	4.1	5.6	5
CAF397	02/01/2013	0.358	0.358	0.303	0.325	0.35	2.4	3.17	4.1	5.6	4.91
CAF397	02/02/2013	0.355	0.355	0.299	0.319	0.346	2.48	3.29	4.1	5.6	4.9
CAF397	02/03/2013	0.353	0.353	0.297	0.315	0.345	2.47	3.36	4.17	5.6	4.9
CAF397	02/04/2013	0.351	0.351	0.295	0.312	0.344	2.61	3.4	4.2	5.6	4.85
CAF397	02/05/2013	0.349	0.35	0.294	0.31	0.342	2.95	3.51	4.22	5.6	4.8
CAF397	02/06/2013	0.348	0.349	0.293	0.309	0.34	3	3.65	4.3	5.6	4.8
CAF397	02/07/2013	0.346	0.349	0.293	0.308	0.338	2.95	3.7	4.38	5.62	4.8
CAF397	02/08/2013	0.346	0.348	0.293	0.306	0.336	2.92	3.7	4.4	5.7	4.8
CAF397	02/09/2013	0.348	0.348	0.292	0.306	0.334	2.75	3.7	4.4	5.7	4.8
CAF397	02/10/2013	0.349	0.347	0.291	0.305	0.333	2.57	3.67	4.4	5.7	4.8
CAF397	02/11/2013	0.348	0.347	0.291	0.305	0.332	2.36	3.58	4.4	5.7	4.8
CAF397	02/12/2013	0.349	0.347	0.291	0.304	0.331	2.34	3.5	4.4	5.7	4.8
CAF397	02/13/2013	0.352	0.347	0.291	0.304	0.33	2.8	3.51	4.4	5.7	4.8
CAF397	02/14/2013	0.352	0.348	0.29	0.304	0.329	3	3.67	4.4	5.7	4.8
CAF397	02/15/2013	0.35	0.348	0.29	0.304	0.329	2.95	3.7	4.4	5.7	4.8
CAF397	02/16/2013	0.349	0.348	0.291	0.304	0.329	3.12	3.76	4.5	5.7	4.8
CAF397	02/17/2013	0.348	0.348	0.291	0.304	0.328	3.29	3.85	4.5	5.7	4.8
CAF397	02/18/2013	0.347	0.347	0.29	0.304	0.328	3.05	3.88	4.51	5.7	4.8
CAF397	02/19/2013	0.345	0.347	0.291	0.304	0.328	2.78	3.78	4.56	5.79	4.8
CAF397	02/20/2013	0.345	0.346	0.29	0.304	0.327	2.83	3.7	4.5	5.8	4.8
CAF397	02/21/2013	0.345	0.346	0.29	0.303	0.327	2.73	3.7	4.5	5.8	4.8
CAF397	02/22/2013	0.349	0.35	0.29	0.303	0.329	2.44	3.61	4.5	5.73	4.8
CAF397	02/23/2013	0.362	0.365	0.3	0.318	0.359	2.29	3.47	4.43	5.7	4.8
CAF397	02/24/2013	0.361	0.362	0.301	0.318	0.342	2.24	3.4	4.38	5.7	4.8
CAF397	02/25/2013	0.361	0.361	0.3	0.317	0.342	2.13	3.32	4.3	5.67	4.8
CAF397	02/26/2013	0.359	0.36	0.302	0.317	0.342	2.12	3.28	4.27	5.6	4.73
CAF397	02/27/2013	0.355	0.356	0.299	0.316	0.342	2.13	3.2	4.2	5.6	4.7
CAF397	02/28/2013	0.361	0.355	0.297	0.312	0.341	2.37	3.24	4.2	5.55	4.7
CAF397	03/01/2013	0.363	0.363	0.304	0.318	0.345	2.92	3.34	4.2	5.5	4.68
CAF397	03/02/2013	0.36	0.359	0.302	0.318	0.347	3.68	3.62	4.22	5.5	4.6
CAF397	03/03/2013	0.357	0.357	0.3	0.316	0.343	3.99	3.93	4.35	5.5	4.6
CAF397	03/04/2013	0.353	0.355	0.298	0.313	0.342	3.4	4.04	4.48	5.6	4.6
CAF397	03/05/2013	0.349	0.353	0.297	0.312	0.341	2.97	3.92	4.5	5.63	4.6
CAF397	03/06/2013	0.347	0.351	0.296	0.311	0.34	3	3.8	4.5	5.7	4.6
CAF397	03/07/2013	0.35	0.35	0.296	0.309	0.337	3.4	3.82	4.5	5.7	4.62
CAF397	03/08/2013	0.352	0.35	0.295	0.309	0.336	3.48	3.97	4.5	5.7	4.7
CAF397	03/09/2013	0.351	0.35	0.294	0.308	0.334	3.3	3.99	4.59	5.7	4.7
CAF397	03/10/2013	0.349	0.349	0.294	0.307	0.332	3.25	3.92	4.6	5.7	4.7
CAF397	03/11/2013	0.348	0.349	0.293	0.306	0.331	3.44	3.94	4.6	5.7	4.7
CAF397	03/12/2013	0.347	0.349	0.293	0.306	0.33	3.83	4.06	4.6	5.71	4.7
CAF397	03/13/2013	0.348	0.349	0.292	0.306	0.329	4.58	4.28	4.66	5.79	4.7
CAF397	03/14/2013	0.349	0.349	0.292	0.305	0.329	5.36	4.67	4.8	5.8	4.7
CAF397	03/15/2013	0.348	0.35	0.292	0.305	0.328	5.76	5.05	5	5.9	4.7
CAF397	03/16/2013	0.347	0.35	0.293	0.305	0.328	5.82	5.35	5.21	6.02	4.73
CAF397	03/17/2013	0.344	0.35	0.293	0.306	0.327	5.25	5.42	5.37	6.15	4.8
CAF397	03/18/2013	0.342	0.349	0.293	0.305	0.326	4.44	5.24	5.4	6.25	4.86
CAF397	03/19/2013	0.34	0.347	0.293	0.305	0.326	3.97	4.99	5.4	6.3	4.9
CAF397	03/20/2013	0.35	0.347	0.294	0.305	0.325	4.24	4.8	5.31	6.3	4.95
CAF397	03/21/2013	0.356	0.347	0.293	0.305	0.324	4.3	4.88	5.3	6.3	5
CAF397	03/22/2013	0.353	0.347	0.293	0.305	0.323	3.82	4.77	5.29	6.3	5
CAF397	03/23/2013	0.351	0.346	0.292	0.304	0.322	3.51	4.61	5.2	6.3	5
CAF397	03/24/2013	0.349	0.346	0.291	0.304	0.322	3.42	4.47	5.12	6.3	5
CAF397	03/25/2013	0.346	0.346	0.291	0.304	0.322	3.32	4.38	5.06	6.27	5
CAF397	03/26/2013	0.346	0.344	0.29	0.303	0.322	3.74	4.33	5	6.2	5
CAF397	03/27/2013	0.349	0.344	0.289	0.303	0.321	4.81	4.67	5.04	6.2	5
CAF397	03/28/2013	0.351	0.345	0.29	0.303	0.321	5.65	5.07	5.16	6.2	5
CAF397	03/29/2013	0.351	0.346	0.29	0.303	0.32	6.36	5.5	5.34	6.3	5
CAF397	03/30/2013	0.35	0.347	0.291	0.303	0.32	6.68	5.84	5.55	6.38	5
CAF397	03/31/2013	0.349	0.347	0.291	0.304	0.319	6.98	6.14	5.75	6.5	5
CAF397	04/01/2013	0.349	0.348	0.292	0.304	0.319	7.45	6.42	5.95	6.63	5.09
CAF397	04/02/2013	0.348	0.348	0.292	0.304	0.319	7.8	6.73	6.15	6.76	5.13
CAF397	04/03/2013	0.347	0.348	0.292	0.304	0.318	7.95	6.95	6.35	6.9	5.2
CAF397	04/04/2013	0.347	0.348	0.293	0.304	0.318	8.19	7.16	6.52	7.04	5.3
CAF397	04/05/2013	0.353	0.349	0.293	0.304	0.318	8	7.3	6.67	7.16	5.37
CAF397	04/06/2013	0.357	0.349	0.294	0.304	0.318	7.99	7.37	6.81	7.29	5.45
CAF397	04/07/2013	0.373	0.35	0.294	0.304	0.318	7.71	7.4	6.91	7.41	5.53
CAF397	04/08/2013	0.374	0.359	0.296	0.304	0.317	7.14	7.33	7	7.51	5.6
CAF397	04/09/2013	0.369	0.36	0.298	0.304	0.316	6.72	7.16	7	7.6	5.7
CAF397	04/10/2013	0.366	0.359	0.3	0.306	0.316	6.88	7.05	6.94	7.6	5.76
CAF397	04/11/2013	0.362	0.358	0.301	0.308	0.317	6.71	7.02	6.9	7.6	5.8
CAF397	04/12/2013	0.359	0.357	0.301	0.309	0.32	6.39	6.96	6.9	7.67	5.88
CAF397	04/13/2013	0.373	0.358	0.301	0.309	0.322	6.54	6.9	6.9	7.7	5.9
CAF397	04/14/2013	0.368	0.36	0.303	0.31	0.322	6.01	6.81	6.88	7.7	5.9
CAF397	04/15/2013	0.363	0.359	0.303	0.313	0.325	5.78	6.67	6.8	7.7	5.9
CAF397	04/16/2013	0.359	0.357	0.302	0.313	0.326	5.48	6.54	6.72	7.62	5.9
CAF397	04/17/2013	0.357	0.356	0.301	0.312	0.325	5.37	6.38	6.64	7.6	5.9
CAF397	04/18/2013	0.355	0.354	0.3	0.312	0.325	5.61	6.32	6.56	7.58	5.9
CAF397	04/19/2013	0.362	0.354	0.3	0.311	0.325	5.94	6.37	6.5	7.5	5.9
CAF397	04/20/2013	0.371	0.357	0.3	0.31	0.324	6.32	6.53	6.5	7.5	5.9
CAF397	04/21/2013	0.367	0.359	0.301	0.31	0.324	6.49	6.67	6.55	7.52	5.9
CAF397	04/22/2013	0.364	0.358	0.301	0.312	0.323	6.38	6.79	6.6	7.6	5.9
CAF397	04/23/2013	0.362	0.357	0.301	0.312	0.324	6.41	6.8	6.68	7.66	5.9
CAF397	04/24/2013	0.359	0.356	0.301	0.313	0.324	6.57	6.83	6.7	7.7	5.9
CAF397	04/25/2013	0.359	0.356	0.301	0.312	0.324	7.28	7	6.73	7.71	5.9
CAF397	04/26/2013	0.359	0.356	0.301	0.312	0.323	8.15	7.31	6.84	7.8	5.97
CAF397	04/27/2013	0.358	0.356	0.301	0.312	0.323	8.91	7.75	7.02	7.87	6
CAF397	04/28/2013	0.356	0.357	0.301	0.312	0.323	8.89	8.07	7.24	8	6.1
CAF397	04/29/2013	0.354	0.356	0.301	0.312	0.323	8.93	8.26	7.44	8.14	6.1
CAF397	04/30/2013	0.35	0.355	0.301	0.312	0.321	7.89	8.24	7.58	8.25	6.2
CAF397	05/01/2013	0.346	0.354	0.301	0.311	0.319	7.2	7.94	7.6	8.36	6.28
CAF397	05/02/2013	0.347	0.353	0.3	0.311	0.319	7.83	7.8	7.55	8.4	6.32
CAF397	05/03/2013	0.348	0.353	0.3	0.311	0.319	8.95	8.04	7.55	8.4	6.4
CAF397	05/04/2013	0.349	0.353	0.3	0.31	0.318	9.9	8.51	7.69	8.47	6.4
CAF397	05/05/2013	0.349	0.354	0.3	0.311	0.318	10.38	8.92	7.92	8.58	6.46
CAF397	05/06/2013	0.349	0.354	0.301	0.311	0.318	11.11	9.34	8.16	8.72	6.5
CAF397	05/07/2013	0.349	0.355	0.301	0.311	0.317	11.93	9.82	8.43	8.9	6.6
CAF397	05/08/2013	0.349	0.355	0.302	0.312	0.317	12.68	10.33	8.74	9.09	6.69
CAF397	05/09/2013	0.35	0.355	0.303	0.312	0.315	13.41	10.88	9.08	9.3	6.81
CAF397	05/10/2013	0.349	0.356	0.304	0.312	0.315	13.9	11.36	9.43	9.54	6.94
CAF397	05/11/2013	0.351	0.356	0.304	0.313	0.314	14.5	11.84	9.77	9.79	7.07
CAF397	05/12/2013	0.352	0.356	0.305	0.314	0.314	14.98	12.32	10.13	10.05	7.24
CAF397	05/13/2013	0.35	0.357	0.306	0.314	0.314	15.2	12.72	10.47	10.31	7.41
CAF397	05/14/2013	0.345	0.357	0.306	0.315	0.313	14.36	12.88	10.77	10.58	7.6
CAF397	05/15/2013	0.342	0.355	0.307	0.315	0.313	13.74	12.76	10.95	10.81	7.83
CAF397	05/16/2013	0.34	0.355	0.307	0.316	0.313	13.68	12.6	11.01	10.99	8
CAF397	05/17/2013	0.338	0.354	0.306	0.316	0.313	13.53	12.6	11.1	11.13	8.15
CAF397	05/18/2013	0.336	0.353	0.306	0.316	0.312	13.52	12.6	11.12	11.22	8.27
CAF397	05/19/2013	0.331	0.353	0.306	0.316	0.311	12.95	12.48	11.2	11.32	8.38
CAF397	05/20/2013	0.33	0.352	0.306	0.316	0.311	13.36	12.4	11.2	11.4	8.49
CAF397	05/21/2013	0.33	0.352	0.305	0.316	0.311	13.97	12.59	11.21	11.47	8.58
CAF397	05/22/2013	0.325	0.351	0.305	0.316	0.31	12.96	12.65	11.3	11.53	8.65
CAF397	05/23/2013	0.32	0.35	0.305	0.316	0.31	11.77	12.27	11.3	11.6	8.72
CAF397	05/24/2013	0.319	0.349	0.304	0.316	0.31	11.83	11.97	11.22	11.64	8.8
CAF397	05/25/2013	0.318	0.347	0.304	0.315	0.309	11.5	11.78	11.11	11.6	8.87
CAF397	05/26/2013	0.318	0.347	0.303	0.315	0.308	11.88	11.7	11.01	11.6	8.9
CAF397	05/27/2013	0.318	0.347	0.302	0.315	0.308	12.38	11.77	11	11.6	8.9
CAF397	05/28/2013	0.318	0.347	0.302	0.314	0.308	12.71	11.96	11	11.6	8.9
CAF397	05/29/2013	0.319	0.346	0.302	0.314	0.308	12.61	12.08	11.09	11.6	8.97
CAF397	05/30/2013	0.314	0.346	0.302	0.314	0.307	12.46	12.07	11.11	11.69	9
CAF397	05/31/2013	0.311	0.346	0.302	0.314	0.306	12.68	12.09	11.2	11.7	9
CAF397	06/01/2013	0.312	0.346	0.301	0.314	0.306	13.11	12.22	11.2	11.74	9.08
CAF397	06/02/2013	0.312	0.345	0.301	0.314	0.306	13.36	12.37	11.29	11.8	9.1
CAF397	06/03/2013	0.308	0.345	0.301	0.314	0.306	13.36	12.49	11.4	11.86	9.13
CAF397	06/04/2013	0.305	0.345	0.301	0.313	0.305	13.84	12.64	11.5	11.92	9.2
CAF397	06/05/2013	0.301	0.345	0.301	0.313	0.305	14.57	12.9	11.63	12	9.24
CAF397	06/06/2013	0.297	0.345	0.301	0.313	0.305	15.39	13.28	11.8	12.12	9.3
CAF397	06/07/2013	0.292	0.345	0.302	0.313	0.305	15.97	13.7	12.04	12.24	9.39
CAF397	06/08/2013	0.284	0.345	0.302	0.314	0.304	15.84	13.98	12.3	12.41	9.46
CAF397	06/09/2013	0.276	0.343	0.302	0.314	0.304	15.92	14.17	12.52	12.58	9.57
CAF397	06/10/2013	0.267	0.342	0.302	0.314	0.304	15.91	14.31	12.69	12.74	9.69
CAF397	06/11/2013	0.257	0.34	0.302	0.314	0.304	15.91	14.39	12.84	12.87	9.81
CAF397	06/12/2013	0.251	0.337	0.301	0.314	0.304	15.77	14.43	12.96	13.01	9.93
CAF397	06/13/2013	0.248	0.334	0.3	0.314	0.304	15.84	14.48	13.04	13.1	10.03
CAF397	06/14/2013	0.246	0.33	0.298	0.314	0.304	15.72	14.5	13.1	13.2	10.19
CAF397	06/15/2013	0.244	0.324	0.297	0.313	0.303	15.75	14.5	13.2	13.27	10.28
CAF397	06/16/2013	0.241	0.318	0.294	0.313	0.303	16.01	14.57	13.23	13.3	10.36
CAF397	06/17/2013	0.24	0.312	0.291	0.312	0.303	16.68	14.73	13.32	13.4	10.43
CAF397	06/18/2013	0.238	0.307	0.289	0.311	0.302	17.08	15.04	13.45	13.47	10.5
CAF397	06/19/2013	0.237	0.306	0.29	0.311	0.302	16.43	15.17	13.64	13.57	10.6
CAF397	06/20/2013	0.235	0.305	0.291	0.311	0.301	14.87	14.9	13.7	13.68	10.68
CAF397	06/21/2013	0.234	0.303	0.291	0.311	0.301	14.02	14.39	13.64	13.7	10.77
CAF397	06/22/2013	0.235	0.302	0.289	0.31	0.3	14.4	14.16	13.48	13.7	10.8
CAF397	06/23/2013	0.235	0.3	0.287	0.309	0.3	14.69	14.15	13.4	13.7	10.9
CAF397	06/24/2013	0.236	0.298	0.287	0.308	0.301	15.05	14.2	13.4	13.7	10.9
CAF397	06/25/2013	0.237	0.298	0.286	0.308	0.304	14.95	14.3	13.4	13.7	10.9
CAF397	06/26/2013	0.237	0.297	0.286	0.308	0.312	15.27	14.33	13.4	13.7	10.94
CAF397	06/27/2013	0.237	0.296	0.285	0.307	0.312	15.61	14.47	13.49	13.7	11
CAF397	06/28/2013	0.238	0.294	0.282	0.306	0.312	16.7	14.71	13.55	13.72	11
CAF397	06/29/2013	0.239	0.292	0.279	0.306	0.311	17.68	15.16	13.72	13.8	11.03
CAF397	06/30/2013	0.24	0.29	0.276	0.305	0.309	18.07	15.6	13.97	13.92	11.1
CAF397	07/01/2013	0.24	0.288	0.271	0.305	0.307	18.54	15.92	14.2	14.06	11.16
CAF397	07/02/2013	0.24	0.285	0.265	0.304	0.303	19.28	16.3	14.45	14.22	11.26
CAF397	07/03/2013	0.24	0.282	0.259	0.303	0.299	19.71	16.7	14.71	14.41	11.36
CAF397	07/04/2013	0.239	0.278	0.253	0.303	0.295	19.4	16.97	14.98	14.61	11.47
CAF397	07/05/2013	0.238	0.274	0.249	0.302	0.292	18.97	16.97	15.17	14.81	11.6
CAF397	07/06/2013	0.236	0.269	0.247	0.3	0.288	18.5	16.87	15.29	14.96	11.73
CAF397	07/07/2013	0.235	0.264	0.244	0.299	0.283	18.42	16.78	15.3	15.09	11.85
CAF397	07/08/2013	0.234	0.259	0.242	0.297	0.277	18.58	16.8	15.35	15.2	11.95
CAF397	07/09/2013	0.233	0.255	0.239	0.294	0.269	18.56	16.84	15.4	15.28	12.04
CAF397	07/10/2013	0.232	0.251	0.237	0.291	0.26	18.74	16.89	15.44	15.35	12.12
CAF397	07/11/2013	0.232	0.249	0.235	0.287	0.251	18.99	16.98	15.51	15.42	12.2
CAF397	07/12/2013	0.23	0.248	0.233	0.284	0.245	18.57	17.07	15.6	15.5	12.28
CAF397	07/13/2013	0.229	0.247	0.231	0.28	0.239	18.21	16.97	15.6	15.59	12.34
CAF397	07/14/2013	0.228	0.245	0.229	0.275	0.234	18.02	16.86	15.6	15.62	12.4
CAF397	07/15/2013	0.228	0.244	0.227	0.27	0.229	18.11	16.8	15.6	15.7	12.48
CAF397	07/16/2013	0.227	0.243	0.225	0.265	0.224	18.28	16.84	15.6	15.7	12.5
CAF397	07/17/2013	0.227	0.242	0.223	0.259	0.221	18.75	16.92	15.61	15.79	12.58
CAF397	07/18/2013	0.227	0.242	0.222	0.253	0.217	18.88	17.13	15.7	15.8	12.6
CAF397	07/19/2013	0.227	0.241	0.22	0.249	0.214	18.86	17.19	15.8	15.8	12.64
CAF397	07/20/2013	0.226	0.24	0.218	0.247	0.211	19.03	17.28	15.86	15.85	12.7
CAF397	07/21/2013	0.226	0.24	0.216	0.244	0.209	19.14	17.38	15.92	15.9	12.72
CAF397	07/22/2013	0.226	0.239	0.214	0.242	0.207	19.21	17.47	16	15.94	12.8
CAF397	07/23/2013	0.225	0.238	0.212	0.239	0.205	19.4	17.58	16.08	16	12.85
CAF397	07/24/2013	0.225	0.238	0.21	0.236	0.204	19.68	17.7	16.15	16.02	12.9
CAF397	07/25/2013	0.225	0.238	0.208	0.234	0.203	19.87	17.87	16.25	16.1	13
CAF397	07/26/2013	0.225	0.238	0.207	0.231	0.202	19.85	17.98	16.36	16.17	13.02
CAF397	07/27/2013	0.224	0.238	0.206	0.23	0.201	19.85	18.05	16.45	16.2	13.1
CAF397	07/28/2013	0.224	0.237	0.206	0.228	0.201	19.69	18.09	16.51	16.3	13.15
CAF397	07/29/2013	0.223	0.237	0.205	0.226	0.201	19.43	18.07	16.6	16.32	13.2
CAF397	07/30/2013	0.223	0.237	0.204	0.225	0.201	19.44	18.02	16.6	16.4	13.3
CAF397	07/31/2013	0.224	0.237	0.204	0.224	0.201	19.54	18.06	16.6	16.4	13.33
CAF397	08/01/2013	0.224	0.237	0.204	0.223	0.202	19.45	18.1	16.64	16.5	13.4
CAF397	08/02/2013	0.223	0.237	0.204	0.224	0.203	18.61	17.97	16.7	16.5	13.4
CAF397	08/03/2013	0.221	0.236	0.204	0.224	0.204	17.82	17.66	16.6	16.5	13.5
CAF397	08/04/2013	0.221	0.236	0.204	0.223	0.203	17.73	17.37	16.47	16.5	13.5
CAF397	08/05/2013	0.222	0.236	0.204	0.223	0.203	18.18	17.32	16.39	16.5	13.5
CAF397	08/06/2013	0.222	0.236	0.204	0.222	0.203	18.63	17.45	16.3	16.48	13.5
CAF397	08/07/2013	0.223	0.236	0.204	0.222	0.203	19	17.59	16.38	16.47	13.5
CAF397	08/08/2013	0.223	0.236	0.204	0.222	0.203	19.19	17.77	16.43	16.5	13.51
CAF397	08/09/2013	0.223	0.237	0.204	0.223	0.203	19.47	17.94	16.51	16.5	13.6
CAF397	08/10/2013	0.224	0.237	0.205	0.223	0.204	20.04	18.13	16.62	16.59	13.6
CAF397	08/11/2013	0.225	0.237	0.205	0.223	0.205	20.43	18.43	16.75	16.64	13.6
CAF397	08/12/2013	0.225	0.238	0.205	0.224	0.206	20.47	18.65	16.9	16.74	13.67
CAF397	08/13/2013	0.225	0.238	0.206	0.224	0.207	20.54	18.77	17.04	16.84	13.7
CAF397	08/14/2013	0.225	0.238	0.206	0.224	0.208	20.59	18.88	17.15	16.93	13.81
CAF397	08/15/2013	0.225	0.238	0.206	0.224	0.209	20.76	18.98	17.25	17.02	13.9
CAF397	08/16/2013	0.226	0.238	0.207	0.224	0.21	20.82	19.12	17.35	17.07	13.96
CAF397	08/17/2013	0.226	0.239	0.207	0.224	0.211	20.95	19.24	17.44	17.12	14.01
CAF397	08/18/2013	0.226	0.239	0.207	0.225	0.212	20.7	19.29	17.53	17.29	14.1
CAF397	08/19/2013	0.226	0.239	0.207	0.225	0.212	20.37	19.25	17.6	17.4	14.16
CAF397	08/20/2013	0.226	0.238	0.207	0.225	0.213	20.23	19.17	17.6	17.47	14.2
CAF397	08/21/2013	0.225	0.238	0.208	0.225	0.214	19.89	19.07	17.6	17.5	14.29
CAF397	08/22/2013	0.224	0.238	0.208	0.225	0.214	19.79	18.96	17.55	17.48	14.3
CAF397	08/23/2013	0.224	0.238	0.208	0.225	0.215	19.72	18.87	17.5	17.61	14.38
CAF397	08/24/2013	0.223	0.238	0.208	NA	0.216	19.45	18.79	17.5	NA	14.4
CAF397	08/25/2013	0.223	0.238	0.208	NA	0.216	19.48	18.71	17.45	NA	14.4
CAF397	08/26/2013	0.223	0.238	0.208	NA	0.217	19.5	18.73	17.4	NA	14.4
CAF397	08/27/2013	0.223	0.238	0.208	NA	0.217	18.99	18.64	17.4	NA	14.42
CAF397	08/28/2013	0.223	0.237	0.208	NA	0.218	19.09	18.5	17.35	NA	14.5
CAF397	08/29/2013	0.223	0.237	0.208	NA	0.218	19.16	18.5	17.3	NA	14.5
CAF397	08/30/2013	0.223	0.237	0.208	NA	0.219	19.1	18.5	17.3	NA	14.5
CAF397	08/31/2013	0.223	0.237	0.208	NA	0.219	19.1	18.49	17.3	NA	14.5
CAF397	09/01/2013	0.223	0.237	0.208	NA	0.219	19.38	18.49	17.3	NA	14.5
CAF397	09/02/2013	0.223	0.238	0.208	NA	0.22	19.55	18.58	17.3	NA	14.5
CAF397	09/03/2013	0.222	0.237	0.208	NA	0.22	19.02	18.56	17.3	NA	14.5
CAF397	09/04/2013	0.222	0.237	0.208	NA	0.221	18.95	18.46	17.3	NA	14.5
CAF397	09/05/2013	0.223	0.237	0.208	NA	0.221	19.28	18.47	17.23	NA	14.5
CAF397	09/06/2013	0.222	0.237	0.208	NA	0.222	18.66	18.46	17.27	NA	14.5
CAF397	09/07/2013	0.221	0.237	0.208	NA	0.222	17.95	18.19	17.2	NA	14.53
CAF397	09/08/2013	0.222	0.237	0.208	NA	0.222	17.95	17.98	17.1	NA	14.6
CAF397	09/09/2013	0.222	0.236	0.208	NA	0.223	17.8	17.87	16.99	NA	14.53
CAF397	09/10/2013	0.222	0.236	0.208	NA	0.223	18.05	17.82	16.9	NA	14.5
CAF397	09/11/2013	0.222	0.236	0.208	NA	0.223	18.47	17.87	16.9	NA	14.5
CAF397	09/12/2013	0.222	0.236	0.208	NA	0.224	18.73	17.97	16.86	NA	14.5
CAF397	09/13/2013	0.223	0.237	0.208	NA	0.224	18.82	18.08	16.9	NA	14.5
CAF397	09/14/2013	0.223	0.237	0.209	NA	0.224	18.9	18.15	16.9	NA	14.48
CAF397	09/15/2013	0.223	0.237	0.209	NA	0.225	19.13	18.19	16.92	NA	14.4
CAF397	09/16/2013	0.224	0.237	0.209	NA	0.225	19.29	18.36	17	NA	14.45
CAF397	09/17/2013	0.222	0.237	0.209	NA	0.225	18.02	18.25	17	NA	14.5
CAF397	09/18/2013	0.22	0.236	0.209	NA	0.225	16.63	17.76	16.95	NA	14.5
CAF397	09/19/2013	0.218	0.235	0.209	NA	0.226	15.36	17.13	16.73	NA	14.5
CAF397	09/20/2013	0.217	0.235	0.208	NA	0.226	15.15	16.61	16.44	NA	14.47
CAF397	09/21/2013	0.217	0.234	0.208	NA	0.226	15.48	16.38	16.18	NA	14.4
CAF397	09/22/2013	0.217	0.234	0.208	NA	0.226	15.04	16.24	16	NA	14.37
CAF397	09/23/2013	0.216	0.234	0.208	NA	0.226	14.52	15.95	15.83	NA	14.3
CAF397	09/24/2013	0.215	0.233	0.207	NA	0.227	14.14	15.66	15.64	NA	14.21
CAF397	09/25/2013	0.214	0.233	0.207	NA	0.227	13.55	15.37	15.44	NA	14.14
CAF397	09/26/2013	0.213	0.232	0.207	NA	0.227	12.89	14.99	15.23	NA	14.06
CAF397	09/27/2013	0.213	0.232	0.207	NA	0.227	12.39	14.63	14.99	NA	13.97
CAF397	09/28/2013	0.212	0.231	0.206	NA	0.227	12.1	14.28	14.75	NA	13.88
CAF397	09/29/2013	0.213	0.231	0.206	NA	0.227	12.16	14.08	14.52	NA	13.74
CAF397	09/30/2013	0.212	0.231	0.206	NA	0.227	11.65	13.87	14.34	NA	13.63
CAF397	10/01/2013	0.211	0.23	0.206	NA	0.227	11.11	13.56	14.13	NA	13.53
CAF397	10/02/2013	0.21	0.23	0.205	NA	0.227	10.48	13.22	13.92	NA	13.42
CAF397	10/03/2013	0.21	0.229	0.205	NA	0.227	10.04	12.85	13.68	NA	13.3
CAF397	10/04/2013	0.209	0.229	0.205	NA	0.227	9.68	12.52	13.42	NA	13.17
CAF397	10/05/2013	0.209	0.228	0.204	NA	0.227	9.44	12.22	13.18	NA	13.05
CAF397	10/06/2013	0.21	0.228	0.204	0.223	0.226	9.79	12.04	12.94	14.72	12.93
CAF397	10/07/2013	0.21	0.228	0.204	0.222	0.226	10.12	12.05	12.77	14.64	12.77
CAF397	10/08/2013	0.21	0.228	0.204	0.222	0.226	10.08	12	12.66	14.5	12.65
CAF397	10/09/2013	0.209	0.228	0.204	0.222	0.226	9.29	11.87	12.56	14.37	12.54
CAF397	10/10/2013	0.209	0.227	0.204	0.222	0.226	8.97	11.58	12.41	14.25	12.42
CAF397	10/11/2013	0.209	0.227	0.203	0.222	0.226	9.18	11.4	12.24	14.11	12.31
CAF397	10/12/2013	0.21	0.227	0.203	0.221	0.226	9.63	11.45	12.1	13.96	12.2
CAF397	10/13/2013	0.21	0.227	0.203	0.221	0.226	9.53	11.48	12.03	13.84	12.09
CAF397	10/14/2013	0.209	0.227	0.203	0.221	0.226	8.9	11.35	11.99	13.75	12
CAF397	10/15/2013	0.208	0.226	0.203	0.221	0.226	8.18	11.04	11.85	13.65	11.9
CAF397	10/16/2013	0.208	0.226	0.203	0.221	0.226	8.19	10.75	11.66	13.55	11.81
CAF397	10/17/2013	0.208	0.226	0.203	0.221	0.226	8.25	10.66	11.5	13.4	11.72
CAF397	10/18/2013	0.208	0.226	0.202	0.221	0.225	7.93	10.48	11.36	13.27	11.62
CAF397	10/19/2013	0.208	0.226	0.202	0.221	0.225	7.8	10.35	11.23	13.14	11.52
CAF397	10/20/2013	0.208	0.225	0.202	0.221	0.225	7.8	10.22	11.08	13.02	11.42
CAF397	10/21/2013	0.208	0.225	0.202	0.22	0.225	8	10.15	10.96	12.88	11.32
CAF397	10/22/2013	0.209	0.225	0.202	0.22	0.225	8.36	10.19	10.9	12.78	11.22
CAF397	10/23/2013	0.209	0.226	0.202	0.22	0.225	8.61	10.29	10.81	12.7	11.11
CAF397	10/24/2013	0.21	0.226	0.202	0.22	0.225	8.74	10.38	10.8	12.6	11.04
CAF397	10/25/2013	0.209	0.226	0.202	0.22	0.225	8.55	10.39	10.8	12.55	10.97
CAF397	10/26/2013	0.209	0.226	0.202	0.22	0.225	8.3	10.31	10.8	12.5	10.9
CAF397	10/27/2013	0.209	0.225	0.202	0.22	0.225	7.99	10.17	10.73	12.45	10.83
CAF397	10/28/2013	0.209	0.225	0.202	0.22	0.225	7.92	10.07	10.65	12.4	10.8
CAF397	10/29/2013	0.208	0.225	0.202	0.22	0.225	7.1	9.88	10.57	12.3	10.7
CAF397	10/30/2013	0.207	0.225	0.202	0.22	0.225	6.04	9.45	10.41	12.21	10.65
CAF397	10/31/2013	0.207	0.224	0.201	0.22	0.224	5.94	9.01	10.18	12.08	10.59
CAF397	11/01/2013	0.207	0.224	0.201	0.22	0.224	6.21	8.88	9.95	11.94	10.5
CAF397	11/02/2013	0.208	0.224	0.201	0.219	0.224	6.62	8.85	9.82	11.79	10.4
CAF397	11/03/2013	0.207	0.224	0.201	0.219	0.224	6.48	8.89	9.72	11.67	10.31
CAF397	11/04/2013	0.207	0.224	0.201	0.219	0.224	5.92	8.74	9.67	11.58	10.21
CAF397	11/05/2013	0.206	0.223	0.201	0.219	0.224	5.32	8.5	9.55	11.5	10.13
CAF397	11/06/2013	0.206	0.223	0.201	NA	0.224	4.93	8.17	9.37	NA	10
CAF397	11/07/2013	0.207	0.223	0.2	NA	0.224	5.53	8.03	9.2	NA	9.92
CAF397	11/08/2013	0.21	0.222	0.2	NA	0.223	6.01	8.16	9.1	NA	9.82
CAF397	11/09/2013	0.211	0.222	0.2	0.236	0.223	5.77	8.2	9.1	9.19	9.71
CAF397	11/10/2013	0.212	0.222	0.2	0.238	0.223	6.03	8.2	9	9.2	9.63
CAF397	11/11/2013	0.212	0.222	0.2	0.238	0.223	6.4	8.28	9	9.13	9.55
CAF397	11/12/2013	0.212	0.223	0.2	0.239	0.223	6.58	8.38	9	9.06	9.48
CAF397	11/13/2013	0.213	0.223	0.2	0.239	0.223	6.67	8.48	9	9	9.4
CAF397	11/14/2013	0.212	0.223	0.2	0.239	0.223	6.32	8.47	9	9	9.4
CAF397	11/15/2013	0.212	0.223	0.2	0.24	0.223	6	8.35	9	9	9.3
CAF397	11/16/2013	0.211	0.223	0.2	0.24	0.223	5.3	8.14	8.94	8.91	9.3
CAF397	11/17/2013	0.21	0.223	0.2	0.24	0.223	4.85	7.82	8.79	8.88	9.21
CAF397	11/18/2013	0.21	0.222	0.2	0.24	0.223	5.06	7.62	8.63	8.8	9.19
CAF397	11/19/2013	0.211	0.222	0.199	0.24	0.223	5.29	7.6	8.51	8.72	9.1
CAF397	11/20/2013	0.211	0.222	0.199	0.24	0.223	5.32	7.65	8.43	8.62	9.03
CAF397	11/21/2013	0.21	0.222	0.199	0.24	0.223	4.07	7.39	8.39	8.6	8.99
CAF397	11/22/2013	0.209	0.222	0.199	0.24	0.223	3.25	6.92	8.23	8.5	8.9
CAF397	11/23/2013	0.208	0.221	0.199	0.239	0.222	2.72	6.47	7.98	8.4	8.84
CAF397	11/24/2013	0.208	0.22	0.199	0.239	0.222	2.35	6.1	7.72	8.27	8.75
CAF397	11/25/2013	0.208	0.22	0.198	0.239	0.222	2.1	5.8	7.48	8.15	8.66
CAF397	11/26/2013	0.208	0.22	0.198	0.239	0.222	1.97	5.58	7.25	8.01	8.55
CAF397	11/27/2013	0.208	0.22	0.198	0.239	0.222	1.9	5.4	7.05	7.85	8.43
CAF397	11/28/2013	0.208	0.22	0.198	0.238	0.222	1.8	5.25	6.88	7.7	8.32
CAF397	11/29/2013	0.208	0.219	0.197	0.238	0.222	1.65	5.11	6.74	7.53	8.2
CAF397	11/30/2013	0.208	0.219	0.197	0.238	0.222	1.6	4.96	6.6	7.38	8.09
CAF397	12/01/2013	0.209	0.22	0.197	0.238	0.222	1.67	4.9	6.46	7.28	7.98
CAF397	12/02/2013	0.21	0.22	0.197	0.238	0.222	1.7	4.8	6.35	7.15	7.86
CAF397	12/03/2013	0.21	0.22	0.196	0.237	0.222	1.7	4.72	6.24	7.06	7.77
CAF397	12/04/2013	0.211	0.22	0.196	0.237	0.222	1.75	4.7	6.15	6.94	7.64
CAF397	12/05/2013	0.211	0.22	0.196	0.237	0.221	1.8	4.7	6.1	6.87	7.54
CAF397	12/06/2013	0.211	0.22	0.196	0.237	0.221	1.74	4.64	6.01	6.78	7.43
CAF397	12/07/2013	0.211	0.22	0.196	0.237	0.221	1.48	4.56	5.98	6.7	7.35
CAF397	12/08/2013	0.211	0.22	0.196	0.237	0.221	1.03	4.42	5.89	6.63	7.27
CAF397	12/09/2013	0.209	0.219	0.196	0.237	0.221	0.32	4.18	5.77	6.53	7.19
CAF397	12/10/2013	0.207	0.219	0.196	0.237	0.221	0.01	3.94	5.64	6.48	7.1
CAF397	12/11/2013	0.206	0.219	0.196	0.236	0.221	0.14	3.76	5.48	6.37	7.01
CAF397	12/12/2013	0.207	0.219	0.196	0.236	0.22	0.23	3.67	5.35	6.28	6.93
CAF397	12/13/2013	0.208	0.219	0.196	0.236	0.22	0.38	3.6	5.25	6.16	6.84
CAF397	12/14/2013	0.209	0.219	0.196	0.236	0.22	0.53	3.6	5.17	6.1	6.76
CAF397	12/15/2013	0.209	0.218	0.196	0.236	0.22	0.62	3.56	5.1	5.95	6.68
CAF397	12/16/2013	0.21	0.218	0.196	0.236	0.22	0.7	3.5	5.03	5.87	6.6
CAF397	12/17/2013	0.21	0.219	0.196	0.235	0.22	0.78	3.5	5	5.8	6.51
CAF397	12/18/2013	0.211	0.219	0.196	0.235	0.22	0.81	3.5	4.95	5.7	6.45
CAF397	12/19/2013	0.211	0.219	0.196	0.235	0.22	0.9	3.5	4.9	5.62	6.4
CAF397	12/20/2013	0.211	0.219	0.196	0.235	0.22	0.89	3.5	4.9	5.6	6.31
CAF397	12/21/2013	0.211	0.219	0.196	0.235	0.219	0.8	3.5	4.88	5.55	6.27
CAF397	12/22/2013	0.212	0.219	0.196	0.235	0.219	0.83	3.45	4.8	5.5	6.2
CAF397	12/23/2013	0.212	0.219	0.196	0.235	0.219	0.9	3.4	4.8	5.43	6.13
CAF397	12/24/2013	0.212	0.219	0.196	0.234	0.219	0.9	3.4	4.76	5.4	6.1
CAF397	12/25/2013	0.212	0.219	0.196	0.234	0.219	0.9	3.4	4.7	5.38	6.05
CAF397	12/26/2013	0.212	0.219	0.196	0.234	0.219	0.9	3.4	4.7	5.3	5.99
CAF397	12/27/2013	0.212	0.219	0.196	0.234	0.219	0.9	3.35	4.7	5.25	5.9
CAF397	12/28/2013	0.213	0.219	0.196	0.234	0.219	0.9	3.3	4.6	5.2	5.9
CAF397	12/29/2013	0.213	0.219	0.196	0.234	0.219	0.9	3.3	4.6	5.2	5.81
CAF397	12/30/2013	0.213	0.219	0.196	0.234	0.219	0.9	3.27	4.6	5.2	5.78
CAF397	12/31/2013	0.213	0.219	0.196	0.234	0.219	0.9	3.2	4.54	5.1	5.7
CAF397	01/01/2014	NA	NA	NA	NA	NA	NA	NA	NA	NA	NA
CAF397	01/02/2014	0.213	0.219	0.196	0.234	0.219	0.9	3.21	4.5	5.1	5.7
CAF397	01/03/2014	0.213	0.219	0.196	0.234	0.219	0.9	3.2	4.5	5.05	5.6
CAF397	01/04/2014	0.213	0.219	0.196	0.234	0.218	0.96	3.2	4.5	5	5.6
CAF397	01/05/2014	0.213	0.219	0.196	0.234	0.218	1	3.2	4.45	5	5.57
CAF397	01/06/2014	0.213	0.219	0.196	0.234	0.218	0.92	3.2	4.4	5	5.5
CAF397	01/07/2014	0.213	0.219	0.196	0.234	0.218	0.68	3.12	4.4	4.9	5.5
CAF397	01/08/2014	0.213	0.219	0.196	0.234	0.218	0.54	3.02	4.37	4.9	5.44
CAF397	01/09/2014	0.213	0.219	0.196	0.234	0.218	0.6	3	4.3	4.82	5.4
CAF397	01/10/2014	0.213	0.219	0.196	0.234	0.218	0.7	2.92	4.28	4.8	5.4
CAF397	01/11/2014	0.213	0.219	0.196	0.234	0.218	0.73	2.9	4.2	4.8	5.3
CAF397	01/12/2014	0.213	0.219	0.196	0.234	0.218	0.8	2.9	4.2	4.78	5.3
CAF397	01/13/2014	0.214	0.219	0.195	0.233	0.218	0.81	2.9	4.17	4.7	5.27
CAF397	01/14/2014	0.214	0.219	0.195	0.233	0.218	0.9	2.9	4.1	4.7	5.2
CAF397	01/15/2014	0.215	0.219	0.195	0.233	0.218	0.9	2.9	4.1	4.65	5.2
CAF397	01/16/2014	0.216	0.219	0.195	0.233	0.218	0.9	2.9	4.1	4.6	5.15
CAF397	01/17/2014	0.217	0.219	0.195	0.233	0.218	0.98	2.9	4.1	4.6	5.1
CAF397	01/18/2014	0.218	0.22	0.195	0.233	0.218	1	2.9	4.1	4.6	5.1
CAF397	01/19/2014	0.22	0.22	0.196	0.233	0.218	1	2.9	4.1	4.6	5.09
CAF397	01/20/2014	0.222	0.22	0.196	0.233	0.217	1.05	2.9	4.1	4.5	5
CAF397	01/21/2014	0.223	0.22	0.196	0.233	0.217	1.1	2.9	4.1	4.48	5
CAF397	01/22/2014	0.225	0.22	0.196	0.233	0.217	1.1	2.9	4.1	4.4	5
CAF397	01/23/2014	0.228	0.221	0.196	0.233	0.217	1.1	2.9	4.1	4.4	4.98
CAF397	01/24/2014	0.23	0.221	0.196	0.233	0.217	1.15	2.88	4.1	4.38	4.9
CAF397	01/25/2014	0.232	0.221	0.196	0.233	0.217	1.2	2.81	4.03	4.3	4.9
CAF397	01/26/2014	0.234	0.221	0.196	0.233	0.217	1.2	2.88	4	4.3	4.9
CAF397	01/27/2014	0.236	0.221	0.196	0.233	0.217	1.2	2.9	4	4.3	4.9
CAF397	01/28/2014	0.238	0.222	0.196	0.233	0.217	1.2	2.87	4	4.3	4.85
CAF397	01/29/2014	0.239	0.222	0.197	0.233	0.217	1.2	2.81	4	4.3	4.8
CAF397	01/30/2014	0.239	0.222	0.197	0.233	0.217	1.2	2.8	4	4.3	4.8
CAF397	01/31/2014	0.24	0.222	0.197	0.233	0.217	1.2	2.8	4	4.3	4.8
CAF397	02/01/2014	0.24	0.222	0.197	0.233	0.217	1.2	2.8	4	4.26	4.8
CAF397	02/02/2014	0.241	0.222	0.197	0.233	0.217	1.2	2.8	4	4.2	4.76
CAF397	02/03/2014	0.241	0.223	0.197	0.233	0.217	1.2	2.8	4	4.2	4.7
CAF397	02/04/2014	0.242	0.223	0.197	0.233	0.217	1.21	2.8	4	4.2	4.7
CAF397	02/05/2014	0.243	0.223	0.197	0.233	0.217	1.3	2.8	4	4.2	4.7
CAF397	02/06/2014	0.244	0.223	0.197	0.233	0.217	1.3	2.8	4	4.2	4.7
CAF397	02/07/2014	0.245	0.223	0.197	0.233	0.217	1.3	2.71	3.95	4.12	4.7
CAF397	02/08/2014	0.246	0.223	0.197	0.233	0.217	1.3	2.7	3.9	4.1	4.61
CAF397	02/09/2014	0.246	0.223	0.198	0.233	0.217	1.29	2.7	3.9	4.1	4.6
CAF397	02/10/2014	0.246	0.223	0.198	0.233	0.217	1.21	2.67	3.9	4.1	4.6
CAF397	02/11/2014	0.245	0.224	0.198	0.233	0.217	1.2	2.6	3.9	4.1	4.6
CAF397	02/12/2014	0.245	0.224	0.198	0.233	0.217	1.23	2.6	3.9	4.1	4.6
CAF397	02/13/2014	0.245	0.224	0.198	0.233	0.217	1.3	2.6	3.9	4.1	4.6
CAF397	02/14/2014	0.245	0.224	0.198	0.233	0.217	1.3	2.6	3.9	4.1	4.51
CAF397	02/15/2014	0.245	0.224	0.198	0.233	0.217	1.3	2.6	3.9	4.02	4.5
CAF397	02/16/2014	0.271	0.226	0.202	0.233	0.217	1.24	2.57	3.83	4	4.5
CAF397	02/17/2014	0.323	0.289	0.263	0.237	0.217	1.19	2.4	3.78	3.92	4.48
CAF397	02/18/2014	0.33	0.319	0.272	0.269	0.217	1.2	2.43	3.76	3.9	4.4
CAF397	02/19/2014	0.342	0.338	0.291	0.38	0.217	1.2	2.37	3.69	3.88	4.4
CAF397	02/20/2014	0.339	0.341	0.295	0.387	0.217	1.38	2.39	3.65	3.8	4.3
CAF397	02/21/2014	0.332	0.336	0.281	0.381	0.217	1.4	2.43	3.7	3.8	4.3
CAF397	02/22/2014	0.338	0.336	0.278	0.376	0.217	1.41	2.5	3.7	3.8	4.3
CAF397	02/23/2014	0.333	0.337	0.278	0.374	0.217	1.5	2.5	3.7	3.8	4.25
CAF397	02/24/2014	0.331	0.336	0.277	0.373	0.217	1.5	2.5	3.7	3.8	4.2
CAF397	02/25/2014	0.331	0.336	0.277	0.372	0.217	1.5	2.5	3.7	3.79	4.2
CAF397	02/26/2014	0.333	0.336	0.276	0.371	0.217	1.52	2.5	3.7	3.7	4.2
CAF397	02/27/2014	0.333	0.336	0.276	0.37	0.217	1.6	2.5	3.7	3.7	4.2
CAF397	02/28/2014	0.333	0.336	0.276	0.37	0.217	1.6	2.5	3.7	3.7	4.19
CAF397	03/01/2014	0.333	0.337	0.276	0.37	0.217	1.6	2.5	3.7	3.7	4.1
CAF397	03/02/2014	0.334	0.337	0.276	0.369	0.217	1.6	2.5	3.7	3.7	4.1
CAF397	03/03/2014	0.332	0.337	0.276	0.369	0.217	1.6	2.5	3.7	3.7	4.1
CAF397	03/04/2014	0.345	0.341	0.28	0.37	0.217	1.58	2.5	3.7	3.7	4.1
CAF397	03/05/2014	0.35	0.35	0.307	0.386	0.243	1.6	2.41	3.66	3.66	4.09
CAF397	03/06/2014	0.347	0.348	0.301	0.385	0.285	2.56	2.52	3.6	3.6	4
CAF397	03/07/2014	0.353	0.351	0.305	0.384	0.291	3.7	2.95	3.71	3.6	4
CAF397	03/08/2014	0.35	0.35	0.302	0.384	0.297	4.27	3.45	3.91	3.61	4
CAF397	03/09/2014	0.343	0.347	0.298	0.382	0.296	4.35	3.82	4.16	3.7	4
CAF397	03/10/2014	0.353	0.351	0.3	0.38	0.293	4.95	4.04	4.38	3.77	4.04
CAF397	03/11/2014	0.353	0.353	0.304	0.383	0.395	5.73	4.5	4.6	3.88	4.1
CAF397	03/12/2014	0.348	0.351	0.3	0.382	0.432	5.12	4.76	4.86	3.96	4.15
CAF397	03/13/2014	0.342	0.349	0.298	0.381	0.429	4.85	4.75	5.03	4.1	4.23
CAF397	03/14/2014	0.339	0.347	0.296	0.379	0.394	4.76	4.7	5.1	4.22	4.3
CAF397	03/15/2014	0.339	0.346	0.295	0.378	0.319	4.85	4.76	5.2	4.3	4.41
CAF397	03/16/2014	0.343	0.345	0.294	0.377	0.298	4.57	4.77	5.23	4.36	4.5
CAF397	03/17/2014	0.34	0.345	0.294	0.376	0.296	4.68	4.7	5.3	4.48	4.6
CAF397	03/18/2014	0.344	0.345	0.294	0.376	0.293	5	4.82	5.3	4.6	4.6
CAF397	03/19/2014	0.343	0.346	0.294	0.376	0.292	4.45	4.84	5.38	4.6	4.7
CAF397	03/20/2014	0.339	0.346	0.294	0.376	0.293	4.23	4.68	5.4	4.63	4.7
CAF397	03/21/2014	0.336	0.345	0.294	0.375	0.292	4.17	4.6	5.38	4.7	4.74
CAF397	03/22/2014	0.332	0.344	0.294	0.375	0.291	3.8	4.49	5.3	4.7	4.8
CAF397	03/23/2014	0.329	0.343	0.293	0.375	0.29	3.66	4.37	5.3	4.7	4.8
CAF397	03/24/2014	0.328	0.341	0.293	0.375	0.29	3.84	4.3	5.2	4.7	4.8
CAF397	03/25/2014	0.326	0.341	0.292	0.374	0.288	4.12	4.37	5.2	4.7	4.8
CAF397	03/26/2014	0.325	0.34	0.292	0.374	0.288	4.36	4.45	5.2	4.7	4.8
CAF397	03/27/2014	0.324	0.34	0.292	0.374	0.287	4.68	4.56	5.25	4.7	4.8
CAF397	03/28/2014	0.323	0.34	0.291	0.373	0.286	5.14	4.75	5.33	4.7	4.8
CAF397	03/29/2014	0.325	0.34	0.291	0.373	0.285	5.16	4.95	5.43	4.73	4.8
CAF397	03/30/2014	0.339	0.34	0.291	0.373	0.284	5.48	5.04	5.51	4.8	4.84
CAF397	03/31/2014	0.344	0.341	0.291	0.373	0.284	5.67	5.25	5.63	4.8	4.9
CAF397	04/01/2014	0.337	0.341	0.291	0.373	0.283	5.37	5.3	5.72	4.83	4.9
CAF397	04/02/2014	0.333	0.341	0.291	0.374	0.283	5.47	5.3	5.8	4.9	4.94
CAF397	04/03/2014	0.33	0.342	0.291	0.374	0.283	5.65	5.38	5.83	5	5
CAF397	04/04/2014	0.328	0.342	0.292	0.374	0.283	5.53	5.43	5.9	5	5
CAF397	04/05/2014	0.327	0.341	0.292	0.374	0.283	6.09	5.53	5.95	5.06	5.07
CAF397	04/06/2014	0.326	0.341	0.292	0.374	0.283	5.97	5.69	6.04	5.1	5.1
CAF397	04/07/2014	0.327	0.341	0.292	0.374	0.283	6.34	5.75	6.1	5.17	5.1
CAF397	04/08/2014	0.327	0.341	0.292	0.374	0.282	6.6	5.9	6.2	5.2	5.2
CAF397	04/09/2014	0.328	0.342	0.292	0.374	0.283	7.63	6.2	6.32	5.22	5.2
CAF397	04/10/2014	0.327	0.343	0.293	0.374	0.282	8.33	6.65	6.51	5.32	5.28
CAF397	04/11/2014	0.324	0.343	0.293	0.374	0.282	7.89	6.93	6.74	5.42	5.3
CAF397	04/12/2014	0.322	0.343	0.294	0.374	0.282	7.79	6.98	6.91	5.54	5.4
CAF397	04/13/2014	0.32	0.343	0.294	0.374	0.282	7.76	7.02	7.02	5.61	5.48
CAF397	04/14/2014	0.318	0.342	0.294	0.374	0.282	7.54	7.02	7.1	5.73	5.57
CAF397	04/15/2014	0.316	0.342	0.294	0.374	0.282	7.46	6.99	7.14	5.81	5.61
CAF397	04/16/2014	0.315	0.341	0.294	0.374	0.282	7.81	7.05	7.2	5.9	5.7
CAF397	04/17/2014	0.313	0.341	0.294	0.374	0.281	7.4	7.08	7.23	5.95	5.77
CAF397	04/18/2014	0.312	0.339	0.294	0.374	0.281	7.39	7	7.3	6.05	5.8
CAF397	04/19/2014	0.311	0.339	0.294	0.374	0.281	7.42	7	7.3	6.1	5.9
CAF397	04/20/2014	0.311	0.339	0.293	0.374	0.281	7.07	6.97	7.3	6.1	5.9
CAF397	04/21/2014	0.312	0.338	0.293	0.373	0.28	7.38	6.9	7.3	6.1	5.97
CAF397	04/22/2014	0.313	0.338	0.293	0.373	0.281	7.98	7.08	7.3	6.16	6
CAF397	04/23/2014	0.313	0.338	0.293	0.373	0.281	8.22	7.31	7.4	6.2	6.05
CAF397	04/24/2014	0.31	0.338	0.293	0.373	0.28	7.4	7.33	7.5	6.25	6.1
CAF397	04/25/2014	0.31	0.337	0.293	0.373	0.28	7.15	7.13	7.5	6.3	6.1
CAF397	04/26/2014	0.323	0.337	0.293	0.373	0.28	7.31	7.1	7.5	6.3	6.18
CAF397	04/27/2014	0.327	0.337	0.293	0.373	0.28	7.25	7.07	7.5	6.3	6.2
CAF397	04/28/2014	0.327	0.337	0.293	0.372	0.28	7.08	7.05	7.5	6.33	6.2
CAF397	04/29/2014	0.326	0.337	0.292	0.372	0.279	6.77	6.95	7.46	6.4	6.2
CAF397	04/30/2014	0.325	0.338	0.292	0.372	0.279	6.94	6.87	7.4	6.4	6.3
CAF397	05/01/2014	0.326	0.338	0.292	0.372	0.279	7.8	6.99	7.4	6.4	6.3
CAF397	05/02/2014	0.327	0.339	0.293	0.372	0.279	8.96	7.38	7.5	6.4	6.3
CAF397	05/03/2014	0.329	0.341	0.293	0.372	0.28	10.15	7.94	7.7	6.42	6.3
CAF397	05/04/2014	0.331	0.342	0.294	0.372	0.279	10.74	8.39	7.94	6.5	6.3
CAF397	05/05/2014	NA	NA	NA	NA	NA	NA	NA	NA	NA	NA
