CAF205	12/05/2010	NA	NA	NA	NA	NA	NA	NA	NA	NA	NA
CAF205	12/06/2010	0.358	0.351	0.394	0.451	0.449	2.77	3.56	6.5	7.6	8.9
CAF205	12/07/2010	0.357	0.349	0.394	0.45	0.449	2.8	3.6	6.5	7.55	8.84
CAF205	12/08/2010	0.374	0.374	0.395	0.451	0.449	1.21	2.15	6.44	7.46	8.72
CAF205	12/09/2010	0.38	0.38	0.396	0.451	0.449	0.95	2.04	6.09	7.31	8.6
CAF205	12/10/2010	0.381	0.382	0.396	0.451	0.449	1.35	2.27	5.84	7.12	8.46
CAF205	12/11/2010	0.381	0.382	0.396	0.45	0.449	1.62	2.45	5.69	6.95	8.31
CAF205	12/12/2010	0.383	0.383	0.396	0.45	0.448	1.79	2.61	5.67	6.82	8.17
CAF205	12/13/2010	0.384	0.383	0.396	0.45	0.448	2.17	2.73	5.67	6.71	8.05
CAF205	12/14/2010	0.386	0.384	0.396	0.449	0.447	3.32	3.14	5.68	6.62	7.94
CAF205	12/15/2010	0.385	0.385	0.397	0.449	0.447	3.29	3.59	5.73	6.6	7.85
CAF205	12/16/2010	0.382	0.384	0.398	0.449	0.447	2.95	3.6	5.8	6.52	7.78
CAF205	12/17/2010	0.376	0.383	0.398	0.449	0.446	2.72	3.51	5.8	6.5	7.7
CAF205	12/18/2010	0.373	0.381	0.397	0.449	0.446	2.52	3.35	5.8	6.5	7.64
CAF205	12/19/2010	0.369	0.38	0.397	0.449	0.446	2.36	3.19	5.8	6.45	7.6
CAF205	12/20/2010	0.367	0.379	0.398	0.448	0.446	2.3	3.1	5.7	6.4	7.51
CAF205	12/21/2010	0.365	0.379	0.398	0.448	0.446	2.2	3.05	5.65	6.33	7.47
CAF205	12/22/2010	0.364	0.379	0.398	0.448	0.446	2.2	2.99	5.6	6.28	7.4
CAF205	12/23/2010	0.363	0.379	0.399	0.448	0.446	2.2	2.9	5.5	6.2	7.32
CAF205	12/24/2010	0.362	0.378	0.398	0.448	0.446	2.2	2.9	5.41	6.13	7.25
CAF205	12/25/2010	0.362	0.378	0.398	0.447	0.446	2.19	2.82	5.4	6.08	7.2
CAF205	12/26/2010	0.363	0.378	0.398	0.447	0.445	2.16	2.8	5.31	6	7.1
CAF205	12/27/2010	0.364	0.38	0.398	0.447	0.445	2.1	2.8	5.27	5.96	7.04
CAF205	12/28/2010	0.378	0.385	0.398	0.447	0.445	2.06	2.72	5.2	5.9	7
CAF205	12/29/2010	0.381	0.386	0.398	0.447	0.444	2.1	2.7	5.19	5.81	6.9
CAF205	12/30/2010	0.381	0.387	0.399	0.447	0.444	2.1	2.7	5.1	5.78	6.85
CAF205	12/31/2010	0.378	0.387	0.399	0.447	0.444	2.1	2.7	5.09	5.7	6.8
CAF205	01/01/2011	0.374	0.385	0.398	0.447	0.444	2.18	2.7	5	5.66	6.71
CAF205	01/02/2011	0.371	0.384	0.398	0.447	0.444	2.2	2.7	5	5.6	6.68
CAF205	01/03/2011	0.369	0.383	0.398	0.447	0.444	2.18	2.7	5	5.57	6.6
CAF205	01/04/2011	0.368	0.383	0.398	0.446	0.443	2.1	2.7	4.9	5.5	6.57
CAF205	01/05/2011	0.367	0.382	0.398	0.446	0.443	2.1	2.66	4.87	5.5	6.5
CAF205	01/06/2011	0.366	0.382	0.398	0.446	0.443	2.1	2.6	4.85	5.4	6.46
CAF205	01/07/2011	0.37	0.385	0.398	0.446	0.443	2.02	2.5	4.77	5.4	6.4
CAF205	01/08/2011	0.378	0.387	0.399	0.446	0.443	2	2.47	4.8	5.31	6.37
CAF205	01/09/2011	0.374	0.386	0.398	0.446	0.442	2	2.4	4.71	5.3	6.3
CAF205	01/10/2011	0.37	0.384	0.398	0.446	0.442	2	2.4	4.7	5.21	6.26
CAF205	01/11/2011	0.369	0.384	0.398	0.445	0.442	1.91	2.4	4.69	5.2	6.2
CAF205	01/12/2011	0.368	0.383	0.398	0.445	0.442	1.81	2.32	4.6	5.14	6.17
CAF205	01/13/2011	0.376	0.386	0.398	0.445	0.442	1.73	2.25	4.6	5.1	6.1
CAF205	01/14/2011	0.382	0.388	0.398	0.445	0.442	1.69	2.2	4.51	5.07	6.09
CAF205	01/15/2011	0.382	0.388	0.399	0.445	0.442	1.84	2.2	4.5	5	6
CAF205	01/16/2011	0.385	0.389	0.398	0.445	0.442	3.36	2.53	4.41	4.95	5.99
CAF205	01/17/2011	0.387	0.39	0.398	0.445	0.442	4.76	3.33	4.52	4.9	5.9
CAF205	01/18/2011	0.387	0.391	0.399	0.445	0.442	4.29	3.69	4.7	4.9	5.9
CAF205	01/19/2011	0.387	0.391	0.4	0.445	0.442	3.57	3.62	4.88	4.97	5.9
CAF205	01/20/2011	0.384	0.391	0.4	0.445	0.442	3.08	3.42	4.98	5	5.9
CAF205	01/21/2011	0.384	0.391	0.4	0.445	0.442	2.65	3.13	4.99	5.02	5.9
CAF205	01/22/2011	0.386	0.391	0.4	0.446	0.442	2.43	2.89	4.87	5.1	5.9
CAF205	01/23/2011	0.387	0.391	0.4	0.446	0.442	2.79	2.9	4.86	5.02	5.9
CAF205	01/24/2011	0.387	0.391	0.4	0.445	0.442	2.98	2.99	4.8	5	5.9
CAF205	01/25/2011	0.388	0.392	0.4	0.445	0.442	3.24	3.07	4.8	5	5.84
CAF205	01/26/2011	0.389	0.392	0.4	0.445	0.442	3.55	3.26	4.81	5	5.8
CAF205	01/27/2011	0.388	0.392	0.4	0.445	0.442	3.57	3.39	4.9	5	5.8
CAF205	01/28/2011	0.388	0.392	0.401	0.445	0.441	3.75	3.57	4.9	5	5.8
CAF205	01/29/2011	0.388	0.392	0.401	0.445	0.441	3.92	3.6	5	5	5.8
CAF205	01/30/2011	0.39	0.393	0.401	0.445	0.442	3.81	3.6	5.02	5	5.8
CAF205	01/31/2011	0.387	0.393	0.401	0.446	0.442	3.41	3.6	5.1	5	5.77
CAF205	02/01/2011	0.381	0.391	0.401	0.446	0.442	2.85	3.33	5.07	5.05	5.8
CAF205	02/02/2011	0.379	0.39	0.401	0.446	0.441	2.45	3.05	5.03	5.07	5.8
CAF205	02/03/2011	0.379	0.39	0.4	0.445	0.441	2.15	2.79	4.95	5	5.8
CAF205	02/04/2011	0.379	0.39	0.4	0.445	0.441	1.96	2.63	4.82	5	5.8
CAF205	02/05/2011	0.382	0.391	0.4	0.445	0.441	1.87	2.44	4.73	4.93	5.77
CAF205	02/06/2011	0.383	0.391	0.4	0.445	0.441	1.8	2.3	4.63	4.89	5.7
CAF205	02/07/2011	0.387	0.391	0.399	0.444	0.441	1.8	2.3	4.53	4.77	5.7
CAF205	02/08/2011	0.385	0.391	0.4	0.445	0.441	1.82	2.23	4.44	4.75	5.6
CAF205	02/09/2011	0.38	0.39	0.399	0.445	0.44	1.9	2.2	4.4	4.7	5.57
CAF205	02/10/2011	0.378	0.389	0.399	0.444	0.44	1.92	2.17	4.31	4.62	5.5
CAF205	02/11/2011	0.378	0.388	0.399	0.444	0.44	2.01	2.26	4.3	4.6	5.5
CAF205	02/12/2011	0.378	0.388	0.398	0.444	0.44	2.32	2.3	4.27	4.54	5.43
CAF205	02/13/2011	0.376	0.388	0.399	0.444	0.44	2.9	2.54	4.3	4.5	5.4
CAF205	02/14/2011	0.377	0.388	0.398	0.444	0.44	3.41	2.84	4.3	4.5	5.4
CAF205	02/15/2011	0.377	0.388	0.399	0.444	0.44	3.55	3.08	4.4	4.5	5.33
CAF205	02/16/2011	0.385	0.392	0.4	0.444	0.439	2.94	3.05	4.5	4.5	5.3
CAF205	02/17/2011	0.382	0.392	0.4	0.444	0.439	2.65	2.84	4.5	4.5	5.3
CAF205	02/18/2011	0.379	0.39	0.4	0.444	0.439	2.51	2.71	4.5	4.56	5.3
CAF205	02/19/2011	0.378	0.39	0.399	0.444	0.439	2.38	2.69	4.5	4.55	5.3
CAF205	02/20/2011	0.378	0.39	0.399	0.444	0.439	2.27	2.54	4.49	4.5	5.27
CAF205	02/21/2011	0.378	0.39	0.399	0.444	0.439	2.2	2.49	4.4	4.5	5.3
CAF205	02/22/2011	0.378	0.39	0.399	0.444	0.439	2.18	2.4	4.4	4.5	5.3
CAF205	02/23/2011	0.378	0.389	0.399	0.444	0.439	2.1	2.35	4.3	4.5	5.3
CAF205	02/24/2011	0.377	0.389	0.399	0.444	0.439	2.1	2.3	4.3	4.42	5.25
CAF205	02/25/2011	0.376	0.389	0.399	0.444	0.439	2.1	2.3	4.26	4.4	5.2
CAF205	02/26/2011	0.376	0.388	0.399	0.443	0.439	2.04	2.3	4.2	4.37	5.2
CAF205	02/27/2011	0.376	0.388	0.398	0.443	0.439	2	2.22	4.2	4.34	5.2
CAF205	02/28/2011	0.375	0.387	0.398	0.443	0.439	2	2.2	4.09	4.3	5.13
CAF205	03/01/2011	0.379	0.388	0.399	0.443	0.439	1.91	2.17	4.1	4.3	5.1
CAF205	03/02/2011	0.384	0.39	0.399	0.443	0.439	1.8	2.08	4.1	4.27	5.1
CAF205	03/03/2011	0.387	0.392	0.399	0.443	0.439	1.86	2.1	3.99	4.2	5.1
CAF205	03/04/2011	0.387	0.392	0.398	0.442	0.439	1.9	2.1	4	4.2	5
CAF205	03/05/2011	0.388	0.392	0.399	0.443	0.439	1.87	2.09	4	4.17	5
CAF205	03/06/2011	0.388	0.392	0.399	0.443	0.439	1.8	2	3.88	4.1	5
CAF205	03/07/2011	0.388	0.392	0.399	0.443	0.439	1.79	1.99	3.9	4.1	4.93
CAF205	03/08/2011	0.389	0.392	0.399	0.443	0.439	1.79	1.94	3.9	4.08	4.9
CAF205	03/09/2011	0.389	0.392	0.399	0.443	0.439	1.77	1.9	3.84	4	4.9
CAF205	03/10/2011	0.39	0.392	0.399	0.443	0.439	2.24	2	3.8	4	4.88
CAF205	03/11/2011	0.391	0.392	0.399	0.443	0.439	2.64	2.28	3.77	4	4.8
CAF205	03/12/2011	0.391	0.393	0.399	0.443	0.439	2.83	2.47	3.88	3.98	4.8
CAF205	03/13/2011	0.392	0.393	0.399	0.443	0.439	3.18	2.66	3.93	3.98	4.77
CAF205	03/14/2011	0.393	0.393	0.399	0.443	0.439	3.79	2.92	4.02	4	4.8
CAF205	03/15/2011	0.394	0.394	0.399	0.443	0.439	4.1	3.22	4.15	4	4.8
CAF205	03/16/2011	0.394	0.394	0.4	0.443	0.439	4.19	3.54	4.29	4.06	4.8
CAF205	03/17/2011	0.394	0.394	0.4	0.443	0.439	4.08	3.6	4.43	4.11	4.8
CAF205	03/18/2011	0.393	0.394	0.4	0.444	0.439	4.03	3.6	4.52	4.2	4.85
CAF205	03/19/2011	0.394	0.394	0.4	0.444	0.439	4.31	3.66	4.6	4.24	4.9
CAF205	03/20/2011	0.393	0.394	0.4	0.444	0.439	3.81	3.66	4.66	4.3	4.9
CAF205	03/21/2011	0.393	0.394	0.401	0.444	0.439	4.03	3.6	4.7	4.36	4.97
CAF205	03/22/2011	0.393	0.394	0.401	0.444	0.44	4.23	3.64	4.72	4.4	5
CAF205	03/23/2011	0.394	0.394	0.401	0.444	0.44	4.5	3.79	4.77	4.4	5
CAF205	03/24/2011	0.394	0.394	0.401	0.444	0.44	5.02	3.99	4.88	4.46	5.01
CAF205	03/25/2011	0.395	0.395	0.401	0.445	0.44	5.59	4.33	5	4.5	5.1
CAF205	03/26/2011	0.395	0.395	0.401	0.444	0.44	5.44	4.52	5.12	4.57	5.1
CAF205	03/27/2011	0.395	0.395	0.402	0.445	0.441	5.62	4.67	5.28	4.65	5.14
CAF205	03/28/2011	0.395	0.396	0.402	0.445	0.441	5.78	4.85	5.41	4.72	5.2
CAF205	03/29/2011	0.394	0.396	0.402	0.445	0.441	5.44	4.87	5.52	4.8	5.26
CAF205	03/30/2011	0.395	0.397	0.403	0.446	0.441	5.75	4.88	5.6	4.89	5.3
CAF205	03/31/2011	0.397	0.397	0.403	0.446	0.441	6.8	5.28	5.66	4.93	5.38
CAF205	04/01/2011	0.397	0.397	0.403	0.446	0.441	7.14	5.66	5.79	5.01	5.4
CAF205	04/02/2011	0.398	0.398	0.404	0.447	0.442	7.82	6.31	6	5.12	5.5
CAF205	04/03/2011	0.396	0.398	0.404	0.447	0.442	6.54	6.35	6.22	5.25	5.56
CAF205	04/04/2011	0.395	0.398	0.405	0.447	0.442	5.94	5.93	6.3	5.37	5.65
CAF205	04/05/2011	0.395	0.397	0.405	0.448	0.443	5.93	5.63	6.3	5.44	5.73
CAF205	04/06/2011	0.394	0.396	0.404	0.448	0.443	5.5	5.5	6.3	5.5	5.8
CAF205	04/07/2011	0.393	0.396	0.404	0.448	0.443	5.11	5.16	6.22	5.5	5.8
CAF205	04/08/2011	0.394	0.396	0.404	0.448	0.443	5.45	5.04	6.14	5.5	5.9
CAF205	04/09/2011	0.395	0.396	0.404	0.448	0.443	6.09	5.25	6.1	5.5	5.9
CAF205	04/10/2011	0.395	0.396	0.404	0.448	0.443	6.29	5.48	6.13	5.5	5.9
CAF205	04/11/2011	0.395	0.397	0.404	0.448	0.443	6.4	5.6	6.2	5.5	5.9
CAF205	04/12/2011	0.394	0.396	0.404	0.447	0.443	6.29	5.67	6.27	5.5	5.9
CAF205	04/13/2011	0.395	0.396	0.404	0.448	0.443	6.37	5.78	6.3	5.58	5.95
CAF205	04/14/2011	0.392	0.397	0.404	0.448	0.443	5.68	5.67	6.37	5.6	6
CAF205	04/15/2011	0.394	0.397	0.404	0.448	0.444	6.01	5.5	6.33	5.6	6
CAF205	04/16/2011	0.395	0.397	0.404	0.448	0.444	6.87	5.72	6.33	5.6	6.02
CAF205	04/17/2011	0.394	0.397	0.404	0.448	0.444	7.2	6.14	6.43	5.69	6.1
CAF205	04/18/2011	0.393	0.397	0.405	0.449	0.443	6.67	6.25	6.54	5.7	6.1
CAF205	04/19/2011	0.392	0.397	0.405	0.449	0.443	6.27	6.14	6.6	5.78	6.1
CAF205	04/20/2011	NA	NA	NA	NA	NA	NA	NA	NA	NA	NA
CAF205	10/25/2011	NA	NA	NA	NA	NA	NA	NA	NA	NA	NA
CAF205	10/26/2011	0.207	0.307	0.269	0.428	0.425	8.98	11.53	12.57	12.5	12.8
CAF205	10/27/2011	0.206	0.305	0.269	0.427	0.425	8.93	11.19	12.43	12.43	12.78
CAF205	10/28/2011	0.206	0.304	0.268	0.427	0.425	8.61	10.83	12.22	12.33	12.7
CAF205	10/29/2011	0.206	0.303	0.267	0.426	0.424	8.74	10.55	12	12.2	12.63
CAF205	10/30/2011	0.206	0.303	0.266	0.426	0.423	8.87	10.5	11.84	12.06	12.54
CAF205	10/31/2011	0.207	0.302	0.266	0.425	0.423	9.24	10.5	11.71	11.93	12.44
CAF205	11/01/2011	0.206	0.302	0.265	0.425	0.423	8.63	10.47	11.6	11.82	12.34
CAF205	11/02/2011	0.205	0.301	0.265	0.424	0.423	7.62	10.13	11.53	11.73	12.25
CAF205	11/03/2011	0.205	0.3	0.264	0.424	0.422	7.18	9.74	11.33	11.63	12.17
CAF205	11/04/2011	0.205	0.299	0.263	0.423	0.422	7.23	9.53	11.12	11.5	12.08
CAF205	11/05/2011	0.204	0.298	0.262	0.423	0.421	6.53	9.32	10.93	11.36	11.97
CAF205	11/06/2011	0.204	0.297	0.262	0.422	0.421	6	8.99	10.73	11.23	11.87
CAF205	11/07/2011	0.203	0.296	0.261	0.422	0.42	5.58	8.68	10.51	11.07	11.75
CAF205	11/08/2011	0.203	0.294	0.26	0.421	0.42	5.29	8.36	10.29	10.93	11.64
CAF205	11/09/2011	0.204	0.294	0.259	0.42	0.419	5.69	8.2	10.07	10.76	11.52
CAF205	11/10/2011	0.204	0.293	0.259	0.42	0.418	5.8	8.2	9.9	10.63	11.38
CAF205	11/11/2011	0.204	0.293	0.258	0.419	0.418	5.88	8.2	9.78	10.47	11.25
CAF205	11/12/2011	0.204	0.292	0.259	0.418	0.417	5.87	8.19	9.68	10.35	11.13
CAF205	11/13/2011	0.203	0.291	0.259	0.418	0.416	5.47	8.05	9.58	10.24	11.02
CAF205	11/14/2011	0.203	0.29	0.259	0.417	0.416	5.54	7.9	9.47	10.13	10.92
CAF205	11/15/2011	0.203	0.291	0.258	0.417	0.416	5.15	7.8	9.36	10.03	10.81
CAF205	11/16/2011	0.203	0.291	0.257	0.417	0.415	4.32	7.49	9.25	9.92	10.71
CAF205	11/17/2011	0.202	0.288	0.258	0.416	0.415	3.78	7.05	9.06	9.81	10.62
CAF205	11/18/2011	0.202	0.288	0.258	0.416	0.415	3.7	6.7	8.85	9.67	10.52
CAF205	11/19/2011	0.203	0.287	0.257	0.415	0.414	3.7	6.48	8.66	9.54	10.4
CAF205	11/20/2011	0.203	0.287	0.257	0.414	0.414	3.74	6.38	8.51	9.4	10.28
CAF205	11/21/2011	0.203	0.287	0.256	0.414	0.413	3.8	6.3	8.37	9.26	10.17
CAF205	11/22/2011	0.208	0.326	0.254	0.413	0.413	3.74	6.15	8.27	9.15	10.05
CAF205	11/23/2011	0.222	0.341	0.255	0.412	0.412	4.66	6.2	8.15	9.03	9.95
CAF205	11/24/2011	0.231	0.338	0.255	0.412	0.412	5.25	6.59	8.1	8.92	9.84
CAF205	11/25/2011	0.239	0.337	0.255	0.412	0.411	5.18	6.85	8.17	8.85	9.74
CAF205	11/26/2011	0.246	0.334	0.255	0.411	0.411	4.62	6.81	8.2	8.8	9.67
CAF205	11/27/2011	0.251	0.333	0.255	0.411	0.411	4.07	6.52	8.14	8.77	9.6
CAF205	11/28/2011	0.258	0.332	0.255	0.411	0.411	4.28	6.31	8.04	8.7	9.53
CAF205	11/29/2011	0.265	0.331	0.255	0.411	0.41	4.43	6.3	7.96	8.62	9.47
CAF205	11/30/2011	0.269	0.33	0.254	0.41	0.41	4.4	6.3	7.9	8.57	9.4
CAF205	12/01/2011	0.272	0.328	0.254	0.41	0.41	4.08	6.25	7.88	8.5	9.32
CAF205	12/02/2011	0.272	0.326	0.254	0.41	0.41	3.59	5.99	7.79	8.42	9.28
CAF205	12/03/2011	0.271	0.326	0.252	0.41	0.409	3.25	5.71	7.67	8.36	9.2
CAF205	12/04/2011	0.27	0.325	0.252	0.409	0.409	2.94	5.42	7.55	8.28	9.12
CAF205	12/05/2011	0.269	0.324	0.251	0.409	0.409	2.71	5.14	7.41	8.18	9.05
CAF205	12/06/2011	0.268	0.323	0.251	0.409	0.408	2.49	4.9	7.26	8.08	8.97
CAF205	12/07/2011	0.267	0.322	0.251	0.408	0.408	2.34	4.72	7.13	7.97	8.88
CAF205	12/08/2011	0.266	0.321	0.25	0.408	0.407	2.2	4.54	6.98	7.85	8.78
CAF205	12/09/2011	0.265	0.32	0.25	0.407	0.407	2.05	4.37	6.85	7.75	8.7
CAF205	12/10/2011	0.264	0.319	0.25	0.407	0.407	1.9	4.23	6.73	7.64	8.6
CAF205	12/11/2011	0.263	0.319	0.25	0.406	0.406	1.9	4.11	6.62	7.54	8.5
CAF205	12/12/2011	0.262	0.318	0.25	0.406	0.406	1.8	4	6.51	7.43	8.4
CAF205	12/13/2011	0.261	0.317	0.249	0.405	0.405	1.71	3.9	6.4	7.33	8.31
CAF205	12/14/2011	0.26	0.317	0.249	0.405	0.405	1.65	3.82	6.3	7.23	8.22
CAF205	12/15/2011	0.259	0.316	0.249	0.405	0.404	1.6	3.8	6.21	7.14	8.13
CAF205	12/16/2011	0.259	0.315	0.249	0.404	0.404	1.6	3.7	6.12	7.05	8.05
CAF205	12/17/2011	0.258	0.314	0.249	0.404	0.404	1.6	3.7	6.05	6.97	7.95
CAF205	12/18/2011	0.257	0.313	0.249	0.403	0.403	1.7	3.61	6	6.89	7.88
CAF205	12/19/2011	0.257	0.313	0.249	0.403	0.403	1.7	3.6	5.9	6.8	7.8
CAF205	12/20/2011	0.256	0.313	0.249	0.403	0.402	1.7	3.6	5.88	6.72	7.71
CAF205	12/21/2011	0.256	0.313	0.249	0.402	0.402	1.7	3.6	5.8	6.67	7.64
CAF205	12/22/2011	0.256	0.314	0.249	0.402	0.402	1.7	3.54	5.8	6.6	7.58
CAF205	12/23/2011	0.256	0.313	0.249	0.402	0.401	1.58	3.5	5.7	6.53	7.5
CAF205	12/24/2011	0.255	0.312	0.249	0.402	0.401	1.49	3.42	5.68	6.5	7.43
CAF205	12/25/2011	0.255	0.312	0.249	0.401	0.401	1.4	3.34	5.6	6.4	7.39
CAF205	12/26/2011	0.254	0.311	0.248	0.401	0.401	1.45	3.3	5.53	6.36	7.3
CAF205	12/27/2011	0.254	0.31	0.249	0.4	0.4	1.5	3.3	5.5	6.3	7.24
CAF205	12/28/2011	0.253	0.325	0.249	0.4	0.4	1.5	3.23	5.42	6.22	7.18
CAF205	12/29/2011	0.262	0.357	0.248	0.4	0.4	1.52	3.11	5.4	6.2	7.1
CAF205	12/30/2011	0.33	0.366	0.248	0.399	0.4	2.04	3.06	5.3	6.1	7.04
CAF205	12/31/2011	0.33	0.347	0.25	0.399	0.4	2.62	3.43	5.3	6.07	6.99
CAF205	01/01/2012	0.325	0.343	0.253	0.398	0.399	2.35	3.6	5.3	6	6.9
CAF205	01/02/2012	0.322	0.34	0.255	0.398	0.399	2.25	3.6	5.3	6	6.88
CAF205	01/03/2012	0.322	0.339	0.257	0.398	0.399	2.32	3.6	5.3	6	6.8
CAF205	01/04/2012	0.323	0.338	0.258	0.398	0.399	2.64	3.7	5.3	5.9	6.8
CAF205	01/05/2012	0.323	0.338	0.259	0.398	0.399	3.33	3.87	5.34	5.9	6.72
CAF205	01/06/2012	0.322	0.336	0.26	0.398	0.399	3.31	4.15	5.42	5.9	6.7
CAF205	01/07/2012	0.32	0.335	0.262	0.398	0.398	2.79	4.12	5.5	5.9	6.7
CAF205	01/08/2012	0.318	0.335	0.262	0.398	0.398	2.62	3.97	5.5	5.9	6.7
CAF205	01/09/2012	0.318	0.334	0.262	0.398	0.398	2.67	3.9	5.5	5.9	6.62
CAF205	01/10/2012	0.318	0.334	0.262	0.398	0.398	2.86	3.9	5.49	5.9	6.6
CAF205	01/11/2012	0.317	0.333	0.262	0.398	0.398	2.65	3.9	5.48	5.9	6.6
CAF205	01/12/2012	0.315	0.334	0.261	0.398	0.398	2.32	3.83	5.4	5.89	6.6
CAF205	01/13/2012	0.313	0.333	0.261	0.398	0.398	2.07	3.7	5.4	5.8	6.57
CAF205	01/14/2012	0.312	0.333	0.261	0.397	0.398	1.9	3.53	5.31	5.8	6.5
CAF205	01/15/2012	0.311	0.332	0.261	0.397	0.398	1.8	3.41	5.24	5.76	6.5
CAF205	01/16/2012	0.31	0.331	0.261	0.397	0.397	1.79	3.3	5.18	5.7	6.45
CAF205	01/17/2012	0.309	0.33	0.261	0.397	0.397	1.7	3.25	5.1	5.65	6.4
CAF205	01/18/2012	0.308	0.33	0.261	0.396	0.397	1.7	3.2	5.05	5.6	6.4
CAF205	01/19/2012	0.311	0.343	0.28	0.396	0.397	1.7	2.91	4.99	5.55	6.3
CAF205	01/20/2012	0.333	0.382	0.378	0.435	0.398	1.47	2.27	4.82	5.45	6.29
CAF205	01/21/2012	0.342	0.384	NA	0.445	0.416	1.35	2.46	NA	5.32	6.2
CAF205	01/22/2012	0.345	0.372	NA	0.445	0.435	1.39	2.63	NA	5.2	6.1
CAF205	01/23/2012	0.344	0.358	NA	0.445	0.434	1.5	2.78	NA	5.1	6.04
CAF205	01/24/2012	0.344	0.354	NA	0.444	0.433	1.57	2.9	NA	5.1	5.99
CAF205	01/25/2012	0.365	0.392	NA	0.445	0.434	1.12	2.32	NA	5	5.9
CAF205	01/26/2012	0.365	0.392	NA	0.445	0.434	1.25	2.38	NA	4.96	5.85
CAF205	01/27/2012	0.36	0.385	NA	0.445	0.434	1.36	2.53	NA	4.9	5.8
CAF205	01/28/2012	0.355	0.371	NA	0.446	0.433	1.48	2.68	NA	4.81	5.71
CAF205	01/29/2012	0.354	0.373	NA	0.446	0.433	1.57	2.71	NA	4.8	5.7
CAF205	01/30/2012	0.369	0.393	NA	0.447	0.432	1.34	2.4	NA	4.8	5.6
CAF205	01/31/2012	0.364	0.393	NA	0.447	0.433	1.4	2.48	NA	4.7	5.6
CAF205	02/01/2012	0.366	0.393	NA	0.447	0.433	1.48	2.57	NA	4.7	5.52
CAF205	02/02/2012	0.366	0.395	NA	0.447	0.433	1.5	2.6	NA	4.64	5.5
CAF205	02/03/2012	0.364	0.395	NA	0.447	0.433	1.54	2.64	NA	4.6	5.46
CAF205	02/04/2012	0.361	0.391	NA	0.447	0.433	1.6	2.7	NA	4.6	5.4
CAF205	02/05/2012	0.359	0.382	NA	0.446	0.433	1.61	2.71	NA	4.6	5.4
CAF205	02/06/2012	0.358	0.376	NA	0.446	0.433	1.7	2.8	NA	4.53	5.35
CAF205	02/07/2012	0.356	0.374	NA	0.446	0.433	1.7	2.8	NA	4.5	5.3
CAF205	02/08/2012	0.356	0.372	NA	0.446	0.433	1.74	2.8	NA	4.5	5.3
CAF205	02/09/2012	0.356	0.37	NA	0.446	NA	1.8	2.82	NA	4.5	NA
CAF205	02/10/2012	0.358	0.37	NA	0.446	NA	2.17	2.94	NA	4.5	NA
CAF205	02/11/2012	NA	0.371	NA	0.446	NA	NA	3.21	NA	4.5	NA
CAF205	11/05/2012	NA	NA	NA	NA	NA	NA	NA	NA	NA	NA
CAF205	11/06/2012	0.223	NA	NA	0.36	0.42	11.22	NA	NA	11.6	12
CAF205	11/07/2012	0.224	NA	NA	0.36	0.42	11.11	NA	NA	11.6	12
CAF205	11/08/2012	0.223	NA	NA	0.36	0.419	9.55	NA	NA	11.6	12
CAF205	11/09/2012	0.223	NA	NA	0.36	0.419	8.05	NA	NA	11.55	12
CAF205	11/10/2012	0.224	NA	NA	0.36	0.418	7.01	NA	NA	11.5	11.99
CAF205	11/11/2012	0.225	NA	NA	0.359	0.418	6.02	NA	NA	11.41	11.9
CAF205	11/12/2012	0.227	NA	NA	0.359	0.418	5.27	NA	NA	11.27	11.87
CAF205	11/13/2012	0.235	NA	NA	0.358	0.418	4.55	NA	NA	11.09	11.77
CAF205	11/14/2012	0.282	NA	NA	0.357	0.417	4.82	NA	NA	10.9	11.66
CAF205	11/15/2012	0.309	NA	NA	0.356	0.417	5.46	NA	NA	10.71	11.53
CAF205	11/16/2012	0.315	NA	NA	0.355	0.416	5.84	NA	NA	10.54	11.39
CAF205	11/17/2012	0.317	NA	NA	0.354	0.415	6.23	NA	NA	10.36	11.26
CAF205	11/18/2012	0.32	NA	NA	0.354	0.414	6.41	NA	NA	10.23	11.14
CAF205	11/19/2012	0.335	NA	NA	0.353	0.413	6.13	NA	NA	10.14	11.04
CAF205	11/20/2012	0.36	NA	NA	0.353	0.413	6.64	NA	NA	10.05	10.94
CAF205	11/21/2012	0.364	NA	NA	0.352	0.413	7.15	NA	NA	9.97	10.85
CAF205	11/22/2012	0.359	NA	NA	0.352	0.412	6.49	NA	NA	9.9	10.77
CAF205	11/23/2012	0.355	NA	NA	0.351	0.411	5.77	NA	NA	9.84	10.7
CAF205	11/24/2012	0.359	NA	NA	0.351	0.411	5.9	NA	NA	9.78	10.6
CAF205	11/25/2012	0.359	NA	NA	0.351	0.411	6.05	NA	NA	9.7	10.53
CAF205	11/26/2012	0.356	NA	NA	0.35	0.411	5.44	NA	NA	9.6	10.45
CAF205	11/27/2012	0.352	NA	NA	0.35	0.411	4.79	NA	NA	9.53	10.38
CAF205	11/28/2012	0.351	NA	NA	0.35	0.41	4.78	NA	NA	9.44	10.3
CAF205	11/29/2012	0.351	NA	NA	0.349	0.41	5.14	NA	NA	9.33	10.2
CAF205	11/30/2012	0.357	NA	NA	0.349	0.409	5.89	NA	NA	9.22	10.11
CAF205	12/01/2012	0.361	NA	NA	0.349	0.409	6.57	NA	NA	9.13	10.02
CAF205	12/02/2012	0.367	NA	NA	0.348	0.409	6.6	NA	NA	9.08	9.93
CAF205	12/03/2012	0.363	NA	NA	0.347	0.409	6.31	NA	NA	9	9.88
CAF205	12/04/2012	0.365	NA	NA	0.347	0.408	6.21	NA	NA	9	9.8
CAF205	12/05/2012	0.367	NA	NA	0.347	0.408	6.53	NA	NA	8.94	9.76
CAF205	12/06/2012	0.364	NA	NA	0.347	0.407	5.97	NA	NA	8.9	9.7
CAF205	12/07/2012	0.365	NA	NA	0.347	0.406	5.19	NA	NA	8.89	9.65
CAF205	12/08/2012	0.363	NA	NA	0.346	0.405	4.59	NA	NA	8.8	9.59
CAF205	12/09/2012	0.359	NA	NA	0.345	0.405	4.07	NA	NA	8.73	9.5
CAF205	12/10/2012	0.355	NA	NA	0.345	0.404	3.71	NA	NA	8.65	9.45
CAF205	12/11/2012	0.355	NA	NA	0.344	0.404	3.53	NA	NA	8.55	9.37
CAF205	12/12/2012	0.364	NA	NA	0.344	0.403	3.41	NA	NA	8.43	9.27
CAF205	12/13/2012	0.362	NA	NA	0.343	0.403	3.44	NA	NA	8.31	9.17
CAF205	12/14/2012	0.361	NA	NA	0.342	0.403	3.44	NA	NA	8.17	9.07
CAF205	12/15/2012	0.358	NA	NA	0.341	0.402	3.3	NA	NA	8.05	8.96
CAF205	12/16/2012	0.357	0.359	NA	0.342	0.402	3.29	5.61	NA	7.95	8.85
CAF205	12/17/2012	0.359	NA	NA	0.341	0.401	3.26	NA	NA	7.83	8.76
CAF205	12/18/2012	0.362	NA	NA	0.341	0.4	3.15	NA	NA	7.72	8.66
CAF205	12/19/2012	0.358	NA	NA	0.341	0.401	2.96	NA	NA	7.6	8.56
CAF205	12/20/2012	0.355	NA	NA	0.341	0.399	2.82	NA	NA	7.5	8.47
CAF205	12/21/2012	0.355	NA	NA	0.341	0.399	2.78	NA	NA	7.41	8.38
CAF205	12/22/2012	0.353	NA	NA	0.34	0.398	2.7	NA	NA	7.31	8.29
CAF205	12/23/2012	0.353	NA	NA	0.34	0.398	2.78	NA	NA	7.22	8.2
CAF205	12/24/2012	0.353	0.365	NA	0.341	0.397	2.8	4.7	NA	7.14	8.1
CAF205	12/25/2012	0.355	0.365	NA	0.34	0.397	2.82	4.7	NA	7.05	8.03
CAF205	12/26/2012	0.356	NA	NA	0.34	0.396	2.9	NA	NA	7	7.95
CAF205	12/27/2012	0.358	NA	NA	0.34	0.396	2.98	NA	NA	6.91	7.88
CAF205	12/28/2012	0.359	NA	NA	0.34	0.396	3	NA	NA	6.86	7.82
CAF205	12/29/2012	0.358	NA	NA	0.342	0.395	3.04	NA	NA	6.8	7.78
CAF205	12/30/2012	0.357	NA	NA	0.347	0.395	3.02	NA	NA	6.75	7.7
CAF205	12/31/2012	0.356	NA	NA	0.359	0.395	2.97	NA	NA	6.7	7.64
CAF205	01/01/2013	0.355	NA	NA	0.375	0.395	2.9	NA	NA	6.69	7.6
CAF205	01/02/2013	0.354	NA	NA	0.386	0.395	2.9	NA	NA	6.6	7.52
CAF205	01/03/2013	0.353	NA	NA	0.393	0.396	2.81	NA	NA	6.6	7.5
CAF205	01/04/2013	0.352	NA	NA	0.397	0.396	2.68	NA	NA	6.51	7.41
CAF205	01/05/2013	0.351	NA	NA	0.4	0.397	2.6	NA	NA	6.48	7.4
CAF205	01/06/2013	0.351	NA	NA	0.403	0.399	2.57	NA	NA	6.4	7.3
CAF205	01/07/2013	0.35	NA	NA	0.404	0.4	2.5	NA	NA	6.4	7.28
CAF205	01/08/2013	0.353	NA	NA	0.404	0.4	2.5	NA	NA	6.3	7.2
CAF205	01/09/2013	0.366	NA	NA	0.44	0.421	2.35	NA	NA	6.25	7.15
CAF205	01/10/2013	0.362	NA	NA	0.449	0.437	2.34	NA	NA	6.2	7.07
CAF205	01/11/2013	0.359	NA	NA	0.449	0.437	2.4	NA	NA	6.11	7
CAF205	01/12/2013	0.357	NA	NA	0.449	0.437	2.4	NA	NA	6.1	6.93
CAF205	01/13/2013	0.356	NA	NA	0.449	0.437	2.37	NA	NA	6	6.9
CAF205	01/14/2013	0.355	NA	NA	0.45	0.437	2.3	NA	NA	6	6.81
CAF205	01/15/2013	0.354	NA	NA	0.45	0.436	2.3	NA	NA	5.92	6.8
CAF205	01/16/2013	0.354	NA	NA	0.45	0.436	2.3	NA	NA	5.9	6.7
CAF205	01/17/2013	0.353	NA	NA	0.45	0.436	2.3	NA	NA	5.84	6.69
CAF205	01/18/2013	0.353	NA	NA	0.45	0.435	2.3	NA	NA	5.8	6.6
CAF205	01/19/2013	0.352	NA	NA	0.45	0.435	2.3	NA	NA	5.8	6.59
CAF205	01/20/2013	0.352	NA	NA	0.449	0.435	2.22	NA	NA	5.7	6.5
CAF205	01/21/2013	0.352	NA	NA	0.449	0.435	2.2	NA	NA	5.7	6.48
CAF205	01/22/2013	0.352	NA	NA	0.449	0.435	2.18	NA	NA	5.67	6.4
CAF205	01/23/2013	0.35	NA	NA	0.449	0.434	2.1	NA	NA	5.6	6.37
CAF205	01/24/2013	0.349	NA	NA	0.449	0.434	2.1	NA	NA	5.6	6.3
CAF205	01/25/2013	0.357	NA	NA	0.449	0.434	2.07	NA	NA	5.54	6.25
CAF205	01/26/2013	0.364	NA	NA	0.45	0.434	2.06	NA	NA	5.5	6.2
CAF205	01/27/2013	0.363	NA	NA	0.45	0.434	2.23	NA	NA	5.49	6.14
CAF205	01/28/2013	0.361	NA	NA	0.45	0.434	2.32	NA	NA	5.4	6.1
CAF205	01/29/2013	0.36	NA	NA	0.45	0.434	2.3	NA	NA	5.4	6.04
CAF205	01/30/2013	0.369	NA	NA	0.45	0.434	2.4	NA	NA	5.31	6
CAF205	01/31/2013	0.373	NA	NA	0.45	0.434	3.07	NA	NA	5.3	5.95
CAF205	02/01/2013	0.373	NA	NA	0.45	0.433	3.53	NA	NA	5.3	5.9
CAF205	02/02/2013	0.373	NA	NA	0.45	0.433	3.51	NA	NA	5.3	5.9
CAF205	02/03/2013	0.371	NA	NA	0.45	0.433	3.5	NA	NA	5.3	5.9
CAF205	02/04/2013	0.37	NA	NA	0.45	0.433	3.75	NA	NA	5.3	5.83
CAF205	02/05/2013	0.369	NA	NA	0.45	0.433	4.04	NA	NA	5.3	5.8
CAF205	02/06/2013	0.368	0.39	NA	0.45	0.433	3.96	4.59	NA	5.3	5.8
CAF205	02/07/2013	0.366	NA	NA	0.45	0.433	3.82	NA	NA	5.39	5.8
CAF205	02/08/2013	0.364	NA	NA	0.451	0.433	3.6	NA	NA	5.4	5.8
CAF205	02/09/2013	0.365	NA	NA	0.451	0.433	3.31	NA	NA	5.4	5.8
CAF205	02/10/2013	0.365	NA	NA	0.451	0.434	3.03	NA	NA	5.4	5.8
CAF205	02/11/2013	0.364	NA	NA	0.451	0.434	2.75	NA	NA	5.4	5.8
CAF205	02/12/2013	0.363	NA	NA	0.451	0.434	2.83	NA	NA	5.4	5.8
CAF205	02/13/2013	0.364	NA	NA	0.451	0.434	3.48	NA	NA	5.37	5.8
CAF205	02/14/2013	0.364	NA	NA	0.451	0.434	3.55	NA	NA	5.3	5.8
CAF205	02/15/2013	0.363	NA	NA	0.451	0.434	3.46	NA	NA	5.3	5.79
CAF205	02/16/2013	0.364	NA	NA	0.451	0.434	3.91	NA	NA	5.3	5.7
CAF205	02/17/2013	0.364	NA	NA	0.451	0.434	4.07	NA	NA	5.3	5.7
CAF205	02/18/2013	0.363	NA	NA	0.451	0.434	3.74	NA	NA	5.3	5.7
CAF205	02/19/2013	0.361	NA	NA	0.451	0.433	3.37	NA	NA	5.3	5.7
CAF205	02/20/2013	0.361	NA	NA	0.451	0.434	3.42	NA	NA	5.3	5.7
CAF205	02/21/2013	0.361	NA	NA	0.451	0.434	3.35	NA	NA	5.3	5.7
CAF205	02/22/2013	0.361	NA	NA	0.451	0.433	2.92	NA	NA	5.3	5.7
CAF205	02/23/2013	0.373	0.398	NA	0.451	0.434	2.71	4.2	NA	5.3	5.7
CAF205	02/24/2013	0.371	0.398	NA	0.451	0.433	2.69	4.2	NA	5.3	5.7
CAF205	02/25/2013	0.371	NA	NA	0.451	0.433	2.64	NA	NA	5.21	5.67
CAF205	02/26/2013	0.371	NA	NA	0.451	0.433	2.65	NA	NA	5.2	5.6
CAF205	02/27/2013	0.37	NA	NA	0.451	0.433	2.7	NA	NA	5.16	5.6
CAF205	02/28/2013	0.373	NA	NA	0.451	0.434	3.12	NA	NA	5.1	5.6
CAF205	03/01/2013	0.379	NA	NA	0.451	0.434	3.61	NA	NA	5.1	5.54
CAF205	03/02/2013	0.38	NA	NA	0.451	0.434	4.4	NA	NA	5.1	5.5
CAF205	03/03/2013	0.381	NA	NA	0.451	0.433	4.66	NA	NA	5.1	5.5
CAF205	03/04/2013	0.379	NA	NA	0.451	0.434	4.02	NA	NA	5.1	5.5
CAF205	03/05/2013	0.378	NA	NA	0.451	0.434	3.63	NA	NA	5.1	5.5
CAF205	03/06/2013	0.377	NA	NA	0.451	0.433	3.72	NA	NA	5.15	5.5
CAF205	03/07/2013	0.381	NA	NA	0.451	0.434	4.14	NA	NA	5.2	5.5
CAF205	03/08/2013	0.38	NA	NA	0.452	0.433	4.29	NA	NA	5.2	5.5
CAF205	03/09/2013	0.378	NA	NA	0.452	0.433	4.15	NA	NA	5.2	5.5
CAF205	03/10/2013	0.377	NA	NA	0.452	0.433	4.02	NA	NA	5.2	5.5
CAF205	03/11/2013	0.377	NA	NA	0.452	0.433	4.21	NA	NA	5.2	5.5
CAF205	03/12/2013	0.377	NA	NA	0.452	0.433	4.72	NA	NA	5.2	5.54
CAF205	03/13/2013	0.378	NA	NA	0.452	0.433	5.5	NA	NA	5.2	5.58
CAF205	03/14/2013	0.379	NA	NA	0.452	0.433	6.3	NA	NA	5.25	5.6
CAF205	03/15/2013	0.379	NA	NA	0.452	0.433	6.73	NA	NA	5.3	5.6
CAF205	03/16/2013	0.379	NA	NA	0.453	0.433	6.79	NA	NA	5.37	5.6
CAF205	03/17/2013	0.376	NA	NA	0.453	0.434	6.03	NA	NA	5.47	5.65
CAF205	03/18/2013	0.375	NA	NA	0.453	0.434	5.13	NA	NA	5.55	5.7
CAF205	03/19/2013	0.373	NA	NA	0.453	0.434	4.63	NA	NA	5.6	5.77
CAF205	03/20/2013	0.375	NA	NA	0.453	0.434	5.05	NA	NA	5.63	5.8
CAF205	03/21/2013	0.376	NA	NA	0.454	0.434	5.03	NA	NA	5.7	5.8
CAF205	03/22/2013	0.374	NA	NA	0.454	0.434	4.48	NA	NA	5.7	5.81
CAF205	03/23/2013	0.373	NA	NA	0.454	0.435	4.17	NA	NA	5.7	5.9
CAF205	03/24/2013	0.372	NA	NA	0.454	0.435	4.21	NA	NA	5.7	5.9
CAF205	03/25/2013	0.372	NA	NA	0.454	0.434	4.27	NA	NA	5.7	5.9
CAF205	03/26/2013	0.373	0.407	0.401	0.453	0.436	5.38	5.86	5.6	5.66	5.89
CAF205	03/27/2013	0.373	0.407	0.401	0.453	0.44	6.65	6.48	5.68	5.6	5.81
CAF205	03/28/2013	0.373	0.407	0.401	0.453	0.44	7.1	6.82	5.85	5.64	5.8
CAF205	03/29/2013	0.373	0.407	0.401	0.453	0.44	7.64	7.16	6.01	5.7	5.8
CAF205	03/30/2013	0.373	0.407	0.402	0.454	0.441	7.87	7.45	6.21	5.76	5.89
CAF205	03/31/2013	0.373	0.406	0.402	0.454	0.441	8.3	7.78	6.4	5.85	5.9
CAF205	04/01/2013	0.374	0.406	0.402	0.454	0.441	8.84	8.08	6.6	5.95	5.98
CAF205	04/02/2013	0.374	0.406	0.402	0.455	0.441	9.12	8.4	6.76	6.07	6.02
CAF205	04/03/2013	0.373	0.406	0.403	0.455	0.442	9.17	8.58	6.98	6.2	6.1
CAF205	04/04/2013	0.373	0.406	0.403	0.456	0.442	9.43	8.76	7.16	6.33	6.19
CAF205	04/05/2013	0.379	0.406	0.403	0.456	0.442	9.17	8.88	7.31	6.45	6.28
CAF205	04/06/2013	0.377	0.405	0.403	0.457	0.442	9.09	8.9	7.4	6.56	6.36
CAF205	04/07/2013	0.382	0.404	0.403	0.457	0.442	8.75	8.92	7.5	6.67	6.45
CAF205	04/08/2013	0.38	0.404	0.403	0.457	0.442	8.18	8.87	7.61	6.76	6.52
CAF205	04/09/2013	0.378	0.403	0.403	0.458	0.442	7.83	8.72	7.61	6.84	6.6
CAF205	04/10/2013	0.378	0.403	0.403	0.458	0.443	8.2	8.67	7.6	6.9	6.7
CAF205	04/11/2013	0.377	0.402	0.403	0.458	0.442	7.88	8.69	7.65	6.9	6.72
CAF205	04/12/2013	0.376	0.402	0.402	0.458	0.443	7.51	8.59	7.7	7	6.8
CAF205	04/13/2013	0.385	0.404	0.402	0.458	0.443	7.68	8.53	7.7	7	6.8
CAF205	04/14/2013	0.381	0.402	0.402	0.458	0.443	7.14	8.47	7.7	7	6.88
CAF205	04/15/2013	0.38	0.402	0.401	0.458	0.443	6.98	8.35	7.6	7	6.9
CAF205	04/16/2013	0.379	0.401	0.402	0.458	0.443	6.86	8.22	7.59	7	6.9
CAF205	04/17/2013	0.378	0.401	0.401	0.458	0.444	6.93	8.18	7.5	7	6.9
CAF205	04/18/2013	0.379	0.401	0.401	0.458	0.444	7.3	8.17	7.5	7	6.9
CAF205	04/19/2013	0.384	0.402	0.401	0.458	0.444	7.43	8.22	7.5	7	6.9
CAF205	04/20/2013	0.385	0.401	0.401	0.458	0.444	7.52	8.3	7.5	7	6.9
CAF205	04/21/2013	0.384	0.401	0.401	0.458	0.444	7.6	8.37	7.58	7.02	6.9
CAF205	04/22/2013	0.383	0.401	0.401	0.458	0.444	7.54	8.4	7.6	7.1	6.9
CAF205	04/23/2013	0.384	0.401	0.401	0.458	0.444	7.82	8.46	7.6	7.1	6.9
CAF205	04/24/2013	0.384	0.4	0.401	0.458	0.444	8.16	8.56	7.64	7.14	6.98
CAF205	04/25/2013	0.386	0.4	0.401	0.458	0.444	8.95	8.76	7.7	7.2	7
CAF205	04/26/2013	0.387	0.401	0.401	0.458	0.444	9.89	9.06	7.8	7.21	7
CAF205	04/27/2013	0.388	0.401	0.402	0.459	0.444	10.54	9.45	7.95	7.3	7
CAF205	04/28/2013	0.387	0.401	0.402	0.459	0.445	10.3	9.67	8.15	7.38	7.05
CAF205	04/29/2013	0.387	0.401	0.402	0.459	0.445	10.26	9.78	8.28	7.49	7.1
CAF205	04/30/2013	0.384	0.401	0.403	0.459	0.445	9.17	9.76	8.38	7.62	7.19
CAF205	05/01/2013	0.381	0.4	0.404	0.46	0.446	8.48	9.48	8.37	7.7	7.27
CAF205	05/02/2013	0.381	0.4	0.403	0.46	0.446	9.3	9.38	8.3	7.8	7.3
CAF205	05/03/2013	0.383	0.4	0.403	0.46	0.445	10.47	9.64	8.26	7.8	7.34
CAF205	05/04/2013	0.384	0.4	0.403	0.46	0.446	11	10	8.36	7.85	7.4
CAF205	05/05/2013	0.384	0.4	0.403	0.46	0.446	11.39	10.31	8.54	7.92	7.41
CAF205	05/06/2013	0.385	0.401	0.404	0.46	0.446	12	10.61	8.7	8.02	7.5
CAF205	05/07/2013	0.386	0.401	0.404	0.461	0.446	12.77	10.99	8.89	8.13	7.54
CAF205	05/08/2013	0.387	0.402	0.405	0.461	0.447	13.47	11.4	9.11	8.25	7.62
CAF205	05/09/2013	0.387	0.403	0.406	0.461	0.447	14.17	11.88	9.37	8.4	7.72
CAF205	05/10/2013	0.387	0.403	0.406	0.462	0.448	14.61	12.29	9.65	8.56	7.83
CAF205	05/11/2013	0.388	0.404	0.407	0.463	0.448	15.23	12.7	9.93	8.75	7.95
CAF205	05/12/2013	0.389	0.404	0.407	0.463	0.449	15.69	13.11	10.23	8.95	8.09
CAF205	05/13/2013	0.388	0.404	0.408	0.464	0.449	15.86	13.46	10.51	9.16	8.24
CAF205	05/14/2013	0.386	0.405	0.408	0.464	0.45	15.06	13.59	10.79	9.37	8.39
CAF205	05/15/2013	0.384	0.405	0.409	0.465	0.45	14.4	13.48	10.96	9.54	8.55
CAF205	05/16/2013	0.384	0.404	0.409	0.466	0.451	14.33	13.4	11.07	9.72	8.72
CAF205	05/17/2013	0.383	0.404	0.409	0.466	0.451	14.15	13.37	11.1	9.85	8.86
CAF205	05/18/2013	0.382	0.404	0.409	0.466	0.452	14.01	13.3	11.2	9.96	8.99
CAF205	05/19/2013	0.38	0.404	0.409	0.467	0.453	13.4	13.2	11.2	10.05	9.1
CAF205	05/20/2013	0.38	0.404	0.409	0.467	0.453	13.64	13.1	11.2	10.1	9.2
CAF205	05/21/2013	0.382	0.403	0.409	0.467	0.453	14.39	13.23	11.24	10.17	9.3
CAF205	05/22/2013	0.379	0.403	0.409	0.467	0.453	13.43	13.32	11.32	10.22	9.36
CAF205	05/23/2013	0.376	0.403	0.409	0.467	0.454	12.18	12.99	11.37	10.3	9.42
CAF205	05/24/2013	0.376	0.402	0.409	0.467	0.454	12.09	12.67	11.26	10.3	9.5
CAF205	05/25/2013	0.375	0.402	0.409	0.467	0.454	11.7	12.44	11.16	10.4	9.58
CAF205	05/26/2013	0.376	0.401	0.408	0.467	0.454	12.08	12.33	11.05	10.37	9.6
CAF205	05/27/2013	0.377	0.401	0.408	0.467	0.455	12.55	12.37	11	10.35	9.6
CAF205	05/28/2013	0.377	0.401	0.408	0.467	0.455	12.87	12.55	11	10.32	9.6
CAF205	05/29/2013	0.377	0.402	0.408	0.467	0.454	12.84	12.66	11.03	10.4	9.67
CAF205	05/30/2013	0.376	0.402	0.408	0.467	0.455	12.64	12.67	11.1	10.4	9.7
CAF205	05/31/2013	0.376	0.403	0.408	0.467	0.455	12.76	12.65	11.1	10.4	9.7
CAF205	06/01/2013	0.377	0.406	0.408	0.467	0.455	13.36	12.76	11.1	10.48	9.74
CAF205	06/02/2013	0.378	0.41	0.408	0.467	0.455	13.84	12.85	11.2	10.5	9.8
CAF205	06/03/2013	0.377	0.414	0.408	0.467	0.455	13.79	12.93	11.29	10.53	9.8
CAF205	06/04/2013	0.378	0.417	0.409	0.468	0.456	14.32	13.05	11.4	10.6	9.88
CAF205	06/05/2013	0.38	0.417	0.409	0.468	0.456	15.35	13.23	11.5	10.67	9.9
CAF205	06/06/2013	0.381	0.418	0.409	0.468	0.456	16.4	13.61	11.67	10.75	10
CAF205	06/07/2013	0.382	0.419	0.409	0.468	0.457	17.18	14.1	11.89	10.85	10.03
CAF205	06/08/2013	0.381	0.42	0.41	0.469	0.457	16.99	14.45	12.18	11	10.13
CAF205	06/09/2013	0.381	0.418	0.41	0.469	0.457	17.12	14.64	12.42	11.16	10.25
CAF205	06/10/2013	0.38	0.417	0.41	0.47	0.457	17.04	14.78	12.64	11.34	10.36
CAF205	06/11/2013	0.379	0.417	0.41	0.47	0.458	17.16	14.88	12.82	11.46	10.48
CAF205	06/12/2013	0.377	0.416	0.411	0.471	0.458	16.88	14.96	12.96	11.59	10.62
CAF205	06/13/2013	0.376	0.415	0.411	0.471	0.459	17.03	14.99	13.08	11.73	10.72
CAF205	06/14/2013	0.373	0.414	0.411	0.471	0.46	16.86	15.06	13.18	11.83	10.83
CAF205	06/15/2013	0.37	0.413	0.411	0.472	0.46	16.95	15.08	13.27	11.93	10.95
CAF205	06/16/2013	0.365	0.413	0.411	0.472	0.46	17.47	15.21	13.35	12.02	11.03
CAF205	06/17/2013	0.358	0.413	0.411	0.472	0.461	18.25	15.47	13.47	12.13	11.13
CAF205	06/18/2013	0.353	0.413	0.412	0.472	0.461	18.74	15.84	13.66	12.24	11.2
CAF205	06/19/2013	0.354	0.412	0.412	0.473	0.461	17.96	16	13.87	12.37	11.32
CAF205	06/20/2013	0.354	0.411	0.412	0.473	0.462	16.16	15.73	14	12.52	11.43
CAF205	06/21/2013	0.353	0.41	0.412	0.474	0.462	15.13	15.15	13.95	12.6	11.53
CAF205	06/22/2013	0.351	0.409	0.412	0.474	0.463	15.41	14.83	13.8	12.7	11.61
CAF205	06/23/2013	0.348	0.409	0.411	0.474	0.463	15.78	14.8	13.7	12.7	11.7
CAF205	06/24/2013	0.349	0.409	0.41	0.474	0.463	16.21	14.86	13.7	12.7	11.7
CAF205	06/25/2013	0.353	0.413	0.41	0.474	0.463	16	14.95	13.7	12.7	11.78
CAF205	06/26/2013	0.357	0.413	0.41	0.474	0.463	16.24	14.97	13.7	12.7	11.8
CAF205	06/27/2013	0.356	0.411	0.41	0.474	0.463	16.52	15.06	13.76	12.74	11.81
CAF205	06/28/2013	0.349	0.411	0.41	0.474	0.464	17.6	15.3	13.83	12.8	11.9
CAF205	06/29/2013	0.34	0.411	0.41	0.474	0.464	18.85	15.79	13.97	12.83	11.9
CAF205	06/30/2013	0.328	0.412	0.41	0.474	0.464	19.46	16.32	14.22	12.93	11.99
CAF205	07/01/2013	0.312	0.412	0.41	0.474	0.464	20.14	16.77	14.51	13.06	12.06
CAF205	07/02/2013	0.295	0.412	0.411	0.475	0.464	20.98	17.26	14.8	13.23	12.16
CAF205	07/03/2013	0.278	0.413	0.412	0.475	0.465	21.49	17.75	15.12	13.37	12.28
CAF205	07/04/2013	0.26	0.413	0.412	0.476	0.466	21.18	18.07	15.42	13.6	12.43
CAF205	07/05/2013	0.25	0.412	0.413	0.476	0.466	20.65	18.13	15.68	13.8	12.57
CAF205	07/06/2013	0.246	0.41	0.414	0.477	0.466	20.14	18.07	15.85	13.93	12.74
CAF205	07/07/2013	0.243	0.409	0.414	NA	0.466	20.02	17.97	15.96	NA	12.87
CAF205	07/08/2013	0.241	0.407	0.414	NA	0.467	20.12	17.94	16.03	NA	13.03
CAF205	07/09/2013	0.24	0.405	0.414	NA	0.467	19.99	17.96	16.11	NA	13.14
CAF205	07/10/2013	0.238	0.4	0.414	NA	0.467	20.1	17.97	16.2	NA	13.25
CAF205	07/11/2013	0.237	0.395	0.413	NA	0.468	20.26	18.03	16.28	NA	13.35
CAF205	07/12/2013	0.236	0.39	0.411	NA	0.468	19.72	18.05	16.44	NA	13.45
CAF205	07/13/2013	0.235	0.382	0.41	NA	0.468	19.28	17.88	16.53	NA	13.54
CAF205	07/14/2013	0.235	0.372	0.408	NA	0.468	19.07	17.77	16.59	NA	13.62
CAF205	07/15/2013	0.235	0.359	0.406	NA	0.468	19.08	17.68	16.5	NA	13.7
CAF205	07/16/2013	0.235	0.345	0.404	NA	0.469	19.13	17.65	16.44	NA	13.78
CAF205	07/17/2013	0.235	0.332	0.402	NA	0.469	19.46	17.67	16.4	NA	13.8
CAF205	07/18/2013	0.234	0.317	0.398	NA	0.469	19.46	17.78	16.42	NA	13.88
CAF205	07/19/2013	0.234	0.301	0.394	NA	0.469	19.38	17.8	16.5	NA	13.9
CAF205	07/20/2013	0.233	0.286	0.39	NA	0.469	19.5	17.8	16.5	NA	13.97
CAF205	07/21/2013	0.232	0.273	0.385	NA	0.469	19.48	17.85	16.5	NA	14
CAF205	07/22/2013	0.231	0.261	0.379	NA	0.469	19.43	17.85	16.5	NA	14.07
CAF205	07/23/2013	0.231	0.252	0.374	NA	0.469	19.5	17.86	16.5	NA	14.1
CAF205	07/24/2013	0.23	0.248	0.369	NA	0.469	19.67	17.92	16.52	NA	14.14
CAF205	07/25/2013	0.229	0.245	0.364	NA	0.469	19.78	17.98	16.59	NA	14.2
CAF205	07/26/2013	0.228	0.242	0.359	NA	0.47	19.67	18.03	16.53	NA	14.22
CAF205	07/27/2013	0.227	0.241	0.354	NA	0.469	19.58	18	16.5	NA	14.3
CAF205	07/28/2013	0.226	0.239	0.35	NA	0.47	19.35	17.97	16.5	NA	14.3
CAF205	07/29/2013	0.225	0.238	0.345	NA	0.47	19.07	17.87	16.47	NA	14.37
CAF205	07/30/2013	0.225	0.238	0.34	NA	0.47	19.08	17.8	16.4	NA	14.4
CAF205	07/31/2013	0.224	0.237	0.334	NA	0.47	19.2	17.81	16.34	NA	14.4
CAF205	08/01/2013	0.224	0.237	0.33	NA	0.47	19.13	17.85	16.3	NA	14.43
CAF205	08/02/2013	0.224	0.237	0.327	NA	0.47	18.42	17.72	16.27	NA	14.5
CAF205	08/03/2013	0.223	0.237	0.324	NA	0.47	17.7	17.42	16.16	NA	14.5
CAF205	08/04/2013	0.223	0.237	0.318	NA	0.47	17.58	17.15	16.02	NA	14.5
CAF205	08/05/2013	0.223	0.236	0.309	NA	0.469	18.03	17.09	15.89	NA	14.5
CAF205	08/06/2013	0.223	0.236	0.297	NA	0.469	18.5	17.23	15.8	NA	14.47
CAF205	08/07/2013	0.223	0.235	0.283	NA	0.469	18.87	17.38	15.8	NA	14.4
CAF205	08/08/2013	0.223	0.234	0.268	NA	0.468	19.06	17.57	15.81	NA	14.4
CAF205	08/09/2013	0.223	0.234	0.255	NA	0.468	19.31	17.68	15.9	NA	14.4
CAF205	08/10/2013	0.224	0.233	0.248	NA	0.468	19.9	17.87	15.91	NA	14.4
CAF205	08/11/2013	0.224	0.233	0.245	NA	0.467	20.38	18.16	16.01	NA	14.4
CAF205	08/12/2013	0.224	0.232	0.243	NA	0.467	20.52	18.38	16.12	NA	14.4
CAF205	08/13/2013	0.224	0.232	0.241	NA	0.467	20.67	18.57	16.22	NA	14.42
CAF205	08/14/2013	0.224	0.232	0.239	NA	0.467	20.74	18.68	16.31	NA	14.5
CAF205	08/15/2013	0.224	0.232	0.238	NA	0.467	20.93	18.78	16.4	NA	14.52
CAF205	08/16/2013	0.225	0.232	0.237	NA	0.467	21.11	18.95	16.48	NA	14.6
CAF205	08/17/2013	0.225	0.232	0.237	NA	0.466	21.38	19.07	16.55	NA	14.63
CAF205	08/18/2013	0.225	0.232	0.237	NA	0.466	21.27	19.21	16.64	NA	14.7
CAF205	08/19/2013	0.225	0.232	0.237	NA	0.466	21.01	19.19	16.7	NA	14.72
CAF205	08/20/2013	0.224	0.232	0.236	NA	0.466	20.87	19.16	16.74	NA	14.8
CAF205	08/21/2013	0.224	0.232	0.236	NA	0.465	20.58	19.08	16.8	NA	14.83
CAF205	08/22/2013	0.224	0.232	0.236	NA	0.466	20.42	18.99	16.8	NA	14.9
CAF205	08/23/2013	0.224	0.232	0.236	NA	0.465	20.25	18.88	16.73	NA	14.9
CAF205	08/24/2013	0.223	0.232	0.236	NA	0.465	20.02	18.83	16.7	NA	14.92
CAF205	08/25/2013	0.224	0.232	0.236	NA	0.464	20.18	18.77	16.7	NA	15
CAF205	08/26/2013	0.224	0.232	0.237	NA	0.464	20.22	18.8	16.7	NA	15
CAF205	08/27/2013	0.223	0.232	0.237	NA	0.464	19.8	18.76	16.7	NA	15
CAF205	08/28/2013	0.223	0.232	0.237	NA	0.464	19.95	18.69	16.7	NA	15
CAF205	08/29/2013	0.224	0.232	0.237	NA	0.463	20.12	18.7	16.7	NA	15
CAF205	08/30/2013	0.224	0.232	0.237	NA	0.463	20.01	18.71	16.7	NA	15.06
CAF205	08/31/2013	0.223	0.232	0.237	NA	0.463	19.92	18.73	16.7	NA	15.1
CAF205	09/01/2013	0.224	0.232	0.237	NA	0.463	20.12	18.73	16.7	NA	15.1
CAF205	09/02/2013	0.224	0.232	0.237	NA	0.462	20.25	18.79	16.7	NA	15.1
CAF205	09/03/2013	0.223	0.232	0.238	NA	0.462	19.78	18.77	16.7	NA	15.1
CAF205	09/04/2013	0.223	0.232	0.238	NA	0.462	19.73	18.68	16.7	NA	15.1
CAF205	09/05/2013	0.224	0.232	0.238	NA	0.462	19.93	18.69	16.7	NA	15.11
CAF205	09/06/2013	0.223	0.232	0.239	NA	0.461	19.43	18.67	16.7	NA	15.2
CAF205	09/07/2013	0.222	0.232	0.239	NA	0.461	18.63	18.41	16.68	NA	15.2
CAF205	09/08/2013	0.222	0.232	0.239	NA	0.461	18.52	18.17	16.59	NA	15.2
CAF205	09/09/2013	0.221	0.231	0.239	NA	0.461	18.38	18.02	16.5	NA	15.2
CAF205	09/10/2013	0.222	0.231	0.239	NA	0.461	18.77	17.98	16.4	NA	15.2
CAF205	09/11/2013	0.223	0.232	0.24	NA	0.461	19.24	18.08	16.4	NA	15.2
CAF205	09/12/2013	0.223	0.232	0.24	NA	0.46	19.62	18.27	16.43	NA	15.16
CAF205	09/13/2013	0.223	0.232	0.24	NA	0.46	19.83	18.47	16.5	NA	15.1
CAF205	09/14/2013	0.224	0.232	0.24	NA	0.46	20.05	18.61	16.58	NA	15.14
CAF205	09/15/2013	0.224	0.232	0.241	NA	0.46	20.45	18.76	16.64	NA	15.2
CAF205	09/16/2013	0.225	0.233	0.241	NA	0.46	20.66	19.03	16.73	NA	15.2
CAF205	09/17/2013	0.223	0.233	0.241	NA	0.46	19.33	18.92	16.8	NA	15.2
CAF205	09/18/2013	0.221	0.232	0.242	NA	0.46	17.87	18.43	16.77	NA	15.2
CAF205	09/19/2013	0.219	0.231	0.242	NA	0.459	16.6	17.77	16.6	NA	15.28
CAF205	09/20/2013	0.219	0.23	0.241	NA	0.459	16.48	17.24	16.37	NA	15.28
CAF205	09/21/2013	0.219	0.23	0.241	NA	0.459	16.83	17.08	16.15	NA	15.2
CAF205	09/22/2013	0.219	0.23	0.241	NA	0.459	16.19	16.92	16.02	NA	15.2
CAF205	09/23/2013	0.218	0.229	0.241	NA	0.458	15.55	16.58	15.85	NA	15.11
CAF205	09/24/2013	0.217	0.229	0.241	NA	0.458	15	16.24	15.67	NA	15.09
CAF205	09/25/2013	0.217	0.228	0.24	NA	0.458	14.43	15.9	15.47	NA	15
CAF205	09/26/2013	0.216	0.228	0.24	NA	0.458	13.75	15.53	15.26	NA	14.94
CAF205	09/27/2013	0.216	0.227	0.24	NA	0.458	13.29	15.19	15.03	NA	14.87
CAF205	09/28/2013	0.215	0.227	0.239	NA	0.457	12.79	14.81	14.8	NA	14.78
CAF205	09/29/2013	0.215	0.226	0.239	NA	0.456	12.7	14.54	14.58	NA	14.68
CAF205	09/30/2013	0.216	0.226	0.239	NA	0.455	12.06	14.25	14.37	NA	14.58
CAF205	10/01/2013	0.217	0.225	0.239	NA	0.455	11.59	13.89	14.16	NA	14.47
CAF205	10/02/2013	0.217	0.225	0.239	NA	0.454	11	13.55	13.93	NA	14.36
CAF205	10/03/2013	0.217	0.224	0.238	NA	0.454	10.69	13.2	13.7	NA	14.26
CAF205	10/04/2013	0.217	0.224	0.238	NA	0.453	10.42	12.92	13.48	NA	14.14
CAF205	10/05/2013	0.218	0.224	0.238	NA	0.453	10.5	12.7	13.27	NA	14.03
CAF205	10/06/2013	0.219	0.223	0.237	NA	0.452	11.05	12.68	13.09	NA	13.9
CAF205	10/07/2013	0.22	0.224	0.237	NA	0.452	11.41	12.87	13	NA	13.77
CAF205	10/08/2013	0.22	0.224	0.237	NA	0.451	11.17	12.87	12.9	NA	13.66
CAF205	10/09/2013	0.219	0.224	0.237	NA	0.451	10.24	12.62	12.83	NA	13.55
CAF205	10/10/2013	0.219	0.223	0.237	NA	0.45	10.07	12.28	12.68	NA	13.46
CAF205	10/11/2013	0.219	0.223	0.237	NA	0.45	10.14	12.08	12.53	NA	13.36
CAF205	10/12/2013	0.219	0.223	0.237	NA	0.449	10.55	12.08	12.4	NA	13.26
CAF205	10/13/2013	0.219	0.223	0.237	NA	0.448	10.52	12.13	12.3	NA	13.17
CAF205	10/14/2013	0.219	0.223	0.237	NA	0.448	10.08	12.05	12.24	NA	13.08
CAF205	10/15/2013	0.218	0.223	0.237	NA	0.447	9.62	11.82	12.15	NA	12.99
CAF205	10/16/2013	0.219	0.222	0.236	NA	0.447	9.77	11.6	12.01	NA	12.9
CAF205	10/17/2013	0.219	0.222	0.236	NA	0.446	9.86	11.59	11.9	NA	12.81
CAF205	10/18/2013	0.219	0.222	0.236	NA	0.446	9.67	11.51	11.8	NA	12.72
CAF205	10/19/2013	0.219	0.222	0.236	NA	0.446	9.7	11.38	11.71	NA	12.64
CAF205	10/20/2013	0.219	0.222	0.236	NA	0.445	9.69	11.33	11.61	NA	12.57
CAF205	10/21/2013	0.219	0.222	0.236	NA	0.445	9.99	11.29	11.54	NA	12.49
CAF205	10/22/2013	0.22	0.223	0.236	NA	0.444	10.5	11.4	11.5	NA	12.4
CAF205	10/23/2013	0.22	0.223	0.236	NA	0.444	10.88	11.58	11.5	NA	12.31
CAF205	10/24/2013	0.221	0.223	0.236	NA	0.444	11.11	11.77	11.5	NA	12.25
CAF205	10/25/2013	0.22	0.223	0.236	NA	0.443	10.98	11.85	11.5	NA	12.2
CAF205	10/26/2013	0.22	0.223	0.236	NA	0.443	10.8	11.83	11.5	NA	12.13
CAF205	10/27/2013	0.22	0.223	0.236	NA	0.443	10.37	11.74	11.5	NA	12.1
CAF205	10/28/2013	0.219	0.223	0.236	NA	0.443	9.83	11.48	11.43	NA	12.08
CAF205	10/29/2013	0.218	0.223	0.236	NA	0.442	8.91	11.16	11.34	NA	12
CAF205	10/30/2013	0.217	0.222	0.236	NA	0.442	8	10.67	11.18	NA	11.98
CAF205	10/31/2013	0.217	0.221	0.235	NA	0.442	7.9	10.23	10.97	NA	11.9
CAF205	11/01/2013	0.217	0.221	0.235	NA	0.441	7.82	10.04	10.77	NA	11.84
CAF205	11/02/2013	0.217	0.221	0.235	NA	0.441	8.25	9.92	10.62	NA	11.75
CAF205	11/03/2013	0.217	0.221	0.235	NA	0.44	7.8	9.93	10.5	NA	11.66
CAF205	11/04/2013	0.216	0.221	0.235	NA	0.44	7.05	9.65	10.38	NA	11.58
CAF205	11/05/2013	0.215	0.22	0.234	NA	0.439	6.31	9.28	10.23	NA	11.49
CAF205	11/06/2013	0.215	0.22	0.234	NA	0.439	5.73	8.86	10.03	NA	11.4
CAF205	11/07/2013	0.215	0.22	0.234	NA	0.438	6.26	8.6	9.8	NA	11.3
CAF205	11/08/2013	0.217	0.22	0.234	NA	0.437	6.69	8.68	9.64	NA	11.19
CAF205	11/09/2013	0.218	0.22	0.234	NA	0.437	6.47	8.67	9.54	NA	11.09
CAF205	11/10/2013	0.219	0.219	0.233	NA	0.437	6.7	8.53	9.45	NA	10.99
CAF205	11/11/2013	0.22	0.219	0.233	NA	0.436	7.22	8.64	9.4	NA	10.9
CAF205	11/12/2013	0.221	0.22	0.233	NA	0.436	7.62	8.79	9.4	NA	10.8
CAF205	11/13/2013	0.221	0.22	0.233	NA	0.436	7.58	8.9	9.4	NA	10.72
CAF205	11/14/2013	0.221	0.22	0.233	NA	0.435	7.24	8.88	9.39	NA	10.67
CAF205	11/15/2013	0.221	0.22	0.233	NA	0.435	6.86	8.75	9.3	NA	10.6
CAF205	11/16/2013	0.221	0.223	0.233	NA	0.435	6.1	8.41	9.25	NA	10.55
CAF205	11/17/2013	0.221	0.23	0.233	NA	0.434	5.65	8.02	9.1	NA	10.5
CAF205	11/18/2013	0.222	0.234	0.232	NA	0.434	5.78	7.82	8.94	NA	10.42
CAF205	11/19/2013	0.222	0.239	0.232	NA	0.433	5.96	7.78	8.78	NA	10.36
CAF205	11/20/2013	0.223	0.243	0.232	NA	0.433	6.02	7.82	8.7	NA	10.29
CAF205	11/21/2013	0.223	0.245	0.232	NA	0.433	4.92	7.6	8.64	NA	10.2
CAF205	11/22/2013	0.223	0.247	0.232	0.23	0.434	4.08	7.08	8.5	9.28	10.11
CAF205	11/23/2013	0.223	0.248	0.232	0.233	0.436	3.54	6.45	8.29	9.4	10.04
CAF205	11/24/2013	0.223	0.249	0.232	0.234	0.436	3.2	5.98	8.06	9.33	9.95
CAF205	11/25/2013	0.223	0.25	0.231	0.235	0.435	2.99	5.59	7.83	9.18	9.85
CAF205	11/26/2013	0.223	0.251	0.231	0.236	0.435	2.87	5.29	7.62	9.04	9.73
CAF205	11/27/2013	0.224	0.251	0.231	0.237	0.434	2.8	5.06	7.45	8.92	9.62
CAF205	11/28/2013	0.224	0.251	0.231	0.237	0.434	2.7	4.87	7.26	8.78	9.48
CAF205	11/29/2013	0.224	0.251	0.23	0.237	0.433	2.64	4.72	7.13	8.65	9.37
CAF205	11/30/2013	0.224	0.251	0.23	0.237	0.432	2.6	4.6	6.99	8.54	9.25
CAF205	12/01/2013	0.226	0.251	0.23	0.238	0.432	2.63	4.48	6.86	8.41	9.14
CAF205	12/02/2013	0.231	0.251	0.23	0.238	0.432	3.56	4.52	6.76	8.28	9.03
CAF205	12/03/2013	0.235	0.252	0.23	0.238	0.431	3.5	4.78	6.7	8.2	8.92
CAF205	12/04/2013	0.237	0.252	0.23	0.238	0.431	3.25	4.79	6.7	8.1	8.82
CAF205	12/05/2013	0.239	0.253	0.23	0.238	0.43	3.06	4.69	6.66	8.03	8.74
CAF205	12/06/2013	0.241	0.254	0.23	0.238	0.429	2.83	4.56	6.6	8	8.67
CAF205	12/07/2013	0.241	0.254	0.23	0.238	0.429	2.57	4.38	6.5	7.9	8.6
CAF205	12/08/2013	0.242	0.254	0.23	0.238	0.429	2.29	4.18	6.4	7.8	8.5
CAF205	12/09/2013	0.242	0.254	0.229	0.238	0.429	2	3.98	6.28	7.74	8.42
CAF205	12/10/2013	0.243	0.254	0.229	0.238	0.428	1.79	3.76	6.16	7.6	8.35
CAF205	12/11/2013	0.243	0.254	0.229	0.238	0.428	1.7	3.64	6.04	7.48	8.26
CAF205	12/12/2013	0.243	0.254	0.229	0.238	0.427	1.67	3.49	5.92	7.37	8.18
CAF205	12/13/2013	0.244	0.254	0.228	0.238	0.427	1.61	3.4	5.81	7.29	8.09
CAF205	12/14/2013	0.244	0.254	0.228	0.238	0.426	1.67	3.32	5.71	7.18	8
CAF205	12/15/2013	0.244	0.254	0.228	0.238	0.426	1.7	3.3	5.63	7.1	7.9
CAF205	12/16/2013	0.244	0.254	0.228	0.238	0.426	1.7	3.29	5.55	7	7.82
CAF205	12/17/2013	0.244	0.254	0.228	0.238	0.425	1.72	3.2	5.5	6.9	7.73
CAF205	12/18/2013	0.245	0.254	0.228	0.238	0.425	1.8	3.2	5.42	6.86	7.65
CAF205	12/19/2013	0.245	0.254	0.228	0.237	0.425	1.8	3.2	5.4	6.78	7.58
CAF205	12/20/2013	0.245	0.254	0.228	0.237	0.424	1.9	3.2	5.31	6.7	7.5
CAF205	12/21/2013	0.245	0.254	0.228	0.237	0.424	1.9	3.2	5.3	6.66	7.42
CAF205	12/22/2013	0.246	0.253	0.228	0.237	0.424	1.9	3.2	5.24	6.6	7.37
CAF205	12/23/2013	0.246	0.257	0.228	0.237	0.423	1.9	3.2	5.2	6.5	7.3
CAF205	12/24/2013	0.246	0.295	0.228	0.237	0.423	1.9	3.16	5.14	6.5	7.22
CAF205	12/25/2013	0.246	0.311	0.228	0.237	0.423	1.9	3.1	5.1	6.41	7.17
CAF205	12/26/2013	0.247	0.309	0.228	0.237	0.423	1.9	3.1	5.05	6.37	7.1
CAF205	12/27/2013	0.248	0.307	0.228	0.237	0.422	1.9	3.1	5	6.3	7.03
CAF205	12/28/2013	0.249	0.306	0.228	0.237	0.422	1.9	3.1	5	6.29	7
CAF205	12/29/2013	0.25	0.304	0.228	0.237	0.422	1.9	3.1	4.95	6.2	6.91
CAF205	12/30/2013	0.252	0.303	0.228	0.237	0.421	1.9	3.1	4.9	6.17	6.88
CAF205	12/31/2013	0.254	0.302	0.228	0.237	0.421	1.9	3.03	4.9	6.1	6.8
CAF205	01/01/2014	0.255	0.301	0.228	0.237	0.421	1.9	3	4.83	6.1	6.78
CAF205	01/02/2014	0.257	0.3	0.228	0.237	0.421	1.9	3	4.8	6.05	6.7
CAF205	01/03/2014	0.258	0.298	0.228	0.237	0.42	1.9	3	4.8	6	6.67
CAF205	01/04/2014	0.259	0.298	0.229	0.237	0.42	1.9	3	4.7	5.9	6.6
CAF205	01/05/2014	0.261	0.297	0.233	0.237	0.42	1.88	2.95	4.7	5.9	6.58
CAF205	01/06/2014	0.262	0.296	0.236	0.237	0.42	1.8	2.9	4.69	5.82	6.5
CAF205	01/07/2014	0.263	0.295	0.237	0.237	0.419	1.7	2.9	4.6	5.8	6.49
CAF205	01/08/2014	0.264	0.295	0.239	0.237	0.419	1.7	2.86	4.6	5.72	6.4
CAF205	01/09/2014	0.265	0.294	0.242	0.236	0.419	1.7	2.8	4.53	5.7	6.4
CAF205	01/10/2014	0.265	0.294	0.249	0.236	0.419	1.7	2.72	4.49	5.6	6.31
CAF205	01/11/2014	0.266	0.318	0.276	0.236	0.419	1.7	2.65	4.4	5.6	6.3
CAF205	01/12/2014	0.269	0.325	0.291	0.236	0.418	1.7	2.7	4.33	5.54	6.22
CAF205	01/13/2014	0.275	0.325	0.294	0.236	0.418	1.72	2.7	4.3	5.5	6.2
CAF205	01/14/2014	0.283	0.325	0.295	0.236	0.418	1.97	2.8	4.3	5.43	6.12
CAF205	01/15/2014	0.293	0.324	0.295	0.236	0.418	2.36	2.92	4.3	5.4	6.1
CAF205	01/16/2014	0.299	0.323	0.294	0.236	0.417	2.58	3.07	4.3	5.4	6.04
CAF205	01/17/2014	0.303	0.323	0.294	0.236	0.417	2.6	3.18	4.35	5.4	6
CAF205	01/18/2014	0.305	0.322	0.293	0.236	0.417	2.64	3.24	4.4	5.4	6
CAF205	01/19/2014	0.307	0.321	0.292	0.236	0.417	2.52	3.3	4.4	5.4	5.98
CAF205	01/20/2014	0.308	0.32	0.291	0.236	0.417	2.4	3.21	4.4	5.4	5.9
CAF205	01/21/2014	0.309	0.319	0.29	0.236	0.417	2.4	3.2	4.4	5.37	5.9
CAF205	01/22/2014	0.309	0.318	0.29	0.236	0.417	2.4	3.2	4.4	5.3	5.9
CAF205	01/23/2014	0.31	0.318	0.289	0.236	0.417	2.31	3.19	4.36	5.3	5.9
CAF205	01/24/2014	0.31	0.317	0.288	0.236	0.417	2.3	3.1	4.3	5.3	5.83
CAF205	01/25/2014	0.31	0.316	0.288	0.236	0.417	2.29	3.1	4.3	5.3	5.8
CAF205	01/26/2014	0.31	0.316	0.287	0.236	0.417	2.2	3.1	4.3	5.2	5.8
CAF205	01/27/2014	0.31	0.315	0.287	0.236	0.416	2.2	3.1	4.3	5.2	5.8
CAF205	01/28/2014	0.31	0.314	0.286	0.236	0.416	2.2	3.03	4.2	5.2	5.75
CAF205	01/29/2014	0.31	0.314	0.286	0.236	0.416	2.11	3	4.2	5.2	5.7
CAF205	01/30/2014	0.31	0.325	0.288	0.236	0.416	2.1	2.92	4.2	5.2	5.7
CAF205	01/31/2014	0.313	0.324	0.288	0.236	0.416	2.1	2.9	4.12	5.12	5.7
CAF205	02/01/2014	0.317	0.324	0.288	0.236	0.416	2.1	2.9	4.1	5.1	5.62
CAF205	02/02/2014	0.321	0.324	0.288	0.236	0.415	2.1	2.9	4.1	5.1	5.6
CAF205	02/03/2014	0.324	0.323	0.288	0.236	0.416	2.1	2.9	4.09	5.05	5.6
CAF205	02/04/2014	0.326	0.323	0.287	0.236	0.415	2.1	2.9	4	5	5.56
CAF205	02/05/2014	0.327	0.322	0.287	0.236	0.415	2.1	2.9	4	5	5.5
CAF205	02/06/2014	0.327	0.322	0.286	0.236	0.415	2.1	2.9	4	5	5.5
CAF205	02/07/2014	0.327	0.321	0.286	0.236	0.415	2.1	2.9	4	5	5.5
CAF205	02/08/2014	0.327	0.321	0.286	0.236	0.415	2.1	2.85	4	4.93	5.46
CAF205	02/09/2014	0.326	0.32	0.286	0.236	0.415	2.1	2.8	3.98	4.9	5.4
CAF205	02/10/2014	0.326	0.32	0.285	0.236	0.415	2.1	2.8	3.9	4.9	5.4
CAF205	02/11/2014	0.326	0.322	0.285	0.236	0.415	2.1	2.8	3.9	4.88	5.4
CAF205	02/12/2014	0.337	0.358	0.331	0.3	0.419	1.97	2.58	3.86	4.8	5.35
CAF205	02/13/2014	0.351	0.351	0.38	0.409	0.433	1.91	2.5	3.72	4.8	5.3
CAF205	02/14/2014	0.351	0.349	0.38	0.409	0.433	2.17	2.6	3.7	4.76	5.3
CAF205	02/15/2014	0.351	0.345	0.381	0.409	0.433	2.62	2.8	3.7	4.7	5.21
CAF205	02/16/2014	0.355	0.35	0.382	0.409	0.433	3.03	2.98	3.7	4.7	5.2
CAF205	02/17/2014	0.354	0.347	0.383	0.41	0.433	3.1	3.16	3.8	4.7	5.2
CAF205	02/18/2014	0.358	0.357	0.384	0.41	0.433	3.21	3.26	3.86	4.7	5.13
CAF205	02/19/2014	0.356	0.36	0.386	0.409	0.433	3.35	3.35	3.9	4.7	5.1
CAF205	02/20/2014	0.353	0.358	0.386	0.408	0.433	3.02	3.4	3.98	4.7	5.1
CAF205	02/21/2014	0.354	0.368	0.387	0.408	0.434	2.75	3.29	4	4.7	5.1
CAF205	02/22/2014	0.353	0.368	0.387	0.407	0.434	2.77	3.2	4	4.7	5.1
CAF205	02/23/2014	0.352	0.366	0.387	0.407	0.433	2.79	3.2	4	4.7	5.1
CAF205	02/24/2014	0.351	0.363	0.387	0.407	0.434	2.64	3.2	3.98	4.7	5.1
CAF205	02/25/2014	0.352	0.363	0.387	0.407	0.434	2.6	3.14	3.9	4.7	5.1
CAF205	02/26/2014	0.354	0.375	0.387	0.406	0.434	2.53	3.1	3.9	4.7	5.1
CAF205	02/27/2014	0.355	0.382	0.386	0.405	0.434	2.5	3.06	3.9	4.61	5.1
CAF205	02/28/2014	0.356	0.38	0.386	0.405	0.433	2.42	3	3.88	4.6	5.1
CAF205	03/01/2014	0.357	0.38	0.385	0.405	0.433	2.4	2.97	3.8	4.6	5.02
CAF205	03/02/2014	0.356	0.38	0.385	0.405	0.433	2.36	2.9	3.8	4.6	5
CAF205	03/03/2014	0.367	0.382	0.386	0.405	0.433	2.31	2.9	3.79	4.6	5
CAF205	03/04/2014	0.378	0.384	0.387	0.406	0.434	2.56	2.9	3.7	4.55	5
CAF205	03/05/2014	0.381	0.384	0.387	0.406	0.434	3.62	3.08	3.7	4.5	4.94
CAF205	03/06/2014	0.384	0.386	0.388	0.406	0.433	4.54	3.47	3.77	4.5	4.9
CAF205	03/07/2014	0.386	0.387	0.389	0.406	0.434	5.03	3.86	3.95	4.5	4.9
CAF205	03/08/2014	0.387	0.389	0.389	0.406	0.434	5.2	4.19	4.14	4.57	4.9
CAF205	03/09/2014	0.388	0.39	0.39	0.406	0.434	5.75	4.47	4.32	4.6	4.95
CAF205	03/10/2014	0.39	0.391	0.391	0.406	0.434	6.43	4.92	4.51	4.69	5
CAF205	03/11/2014	0.39	0.392	0.392	0.406	0.435	5.9	5.18	4.72	4.78	5.06
CAF205	03/12/2014	0.391	0.392	0.392	0.406	0.435	5.93	5.32	4.86	4.85	5.12
CAF205	03/13/2014	0.391	0.393	0.392	0.406	0.435	6.08	5.47	4.96	4.98	5.2
CAF205	03/14/2014	0.392	0.393	0.392	0.406	0.436	6.21	5.65	5.05	5.04	5.29
CAF205	03/15/2014	0.391	0.394	0.393	0.407	0.436	5.76	5.7	5.15	5.12	5.33
CAF205	03/16/2014	0.391	0.393	0.392	0.407	0.436	5.81	5.7	5.2	5.2	5.4
CAF205	03/17/2014	0.392	0.395	0.393	0.406	0.436	6.09	5.76	5.2	5.22	5.45
CAF205	03/18/2014	0.39	0.396	0.393	0.406	0.436	5.57	5.78	5.3	5.3	5.5
CAF205	03/19/2014	0.391	0.396	0.393	0.406	0.436	5.46	5.7	5.3	5.36	5.51
CAF205	03/20/2014	0.39	0.395	0.394	0.406	0.436	5.38	5.68	5.3	5.4	5.6
CAF205	03/21/2014	0.389	0.395	0.393	0.406	0.436	5.07	5.56	5.28	5.4	5.6
CAF205	03/22/2014	0.389	0.394	0.393	0.406	0.437	5.03	5.47	5.2	5.4	5.6
CAF205	03/23/2014	0.389	0.394	0.393	0.406	0.437	5.38	5.41	5.2	5.4	5.6
CAF205	03/24/2014	0.388	0.394	0.393	0.406	0.437	5.7	5.57	5.2	5.4	5.61
CAF205	03/25/2014	0.389	0.394	0.393	0.406	0.437	6	5.76	5.2	5.4	5.69
CAF205	03/26/2014	0.389	0.394	0.393	0.406	0.437	6.12	5.91	5.28	5.43	5.7
CAF205	03/27/2014	0.392	0.396	0.394	0.406	0.437	6.53	6.12	5.33	5.5	5.7
CAF205	03/28/2014	0.389	0.396	0.394	0.406	0.437	6.45	6.28	5.41	5.5	5.7
CAF205	03/29/2014	0.394	0.398	0.394	0.406	0.438	6.66	6.35	5.5	5.57	5.7
CAF205	03/30/2014	0.393	0.399	0.395	0.406	0.438	6.94	6.53	5.55	5.6	5.79
CAF205	03/31/2014	0.392	0.398	0.395	0.406	0.438	6.68	6.6	5.64	5.6	5.8
CAF205	04/01/2014	0.392	0.397	0.395	0.406	0.438	7	6.67	5.7	5.68	5.82
CAF205	04/02/2014	0.391	0.396	0.395	0.406	0.438	7.28	6.86	5.75	5.74	5.9
CAF205	04/03/2014	0.39	0.397	0.395	0.406	0.438	7.15	6.99	5.83	5.8	5.9
CAF205	04/04/2014	0.391	0.397	0.395	0.406	0.438	7.64	7.13	5.9	5.88	5.97
CAF205	04/05/2014	0.389	0.397	0.395	0.406	0.439	7.45	7.38	5.99	5.9	6
CAF205	04/06/2014	0.389	0.397	0.396	0.407	0.439	7.74	7.51	6.07	6	6.03
CAF205	04/07/2014	0.388	0.397	0.396	0.406	0.439	7.98	7.78	6.14	6.04	6.1
CAF205	04/08/2014	0.39	0.398	0.396	0.406	0.439	9.11	8.13	6.23	6.1	6.12
CAF205	04/09/2014	0.39	0.399	0.396	0.406	0.44	9.83	8.65	6.4	6.14	6.2
CAF205	04/10/2014	0.388	0.399	0.397	0.406	0.44	9.46	8.98	6.62	6.25	6.24
CAF205	04/11/2014	0.386	0.399	0.397	0.406	0.44	9.41	9.09	6.79	6.34	6.32
CAF205	04/12/2014	0.385	0.399	0.398	0.406	0.441	9.3	9.27	6.92	6.45	6.4
CAF205	04/13/2014	0.382	0.399	0.398	0.407	0.441	9.1	9.3	7.01	6.53	6.5
CAF205	04/14/2014	0.382	0.399	0.398	0.407	0.441	9.08	9.3	7.1	6.64	6.59
CAF205	04/15/2014	0.382	0.398	0.398	0.407	0.442	9.33	9.36	7.11	6.7	6.65
CAF205	04/16/2014	0.38	0.396	0.399	0.407	0.442	8.88	9.4	7.2	6.77	6.7
CAF205	04/17/2014	0.379	0.395	0.399	0.407	0.442	8.75	9.3	7.2	6.81	6.8
CAF205	04/18/2014	0.379	0.395	0.399	0.407	0.442	8.67	9.3	7.2	6.9	6.83
CAF205	04/19/2014	0.377	0.394	0.399	0.407	0.443	8.35	9.28	7.2	6.9	6.9
CAF205	04/20/2014	0.377	0.394	0.4	0.407	0.443	8.6	9.21	7.2	6.9	6.9
CAF205	04/21/2014	0.378	0.394	0.399	0.407	0.443	9.28	9.38	7.22	6.96	7
CAF205	04/22/2014	0.378	0.395	0.399	0.406	0.443	9.49	9.59	7.3	7	7
CAF205	04/23/2014	0.375	0.395	0.396	0.406	0.444	8.67	9.65	7.4	7.03	7.01
CAF205	04/24/2014	0.379	0.396	0.395	0.406	0.443	8.32	9.47	7.4	7.1	7.1
CAF205	04/25/2014	0.379	0.395	0.395	0.406	0.444	8.4	9.4	7.4	7.1	7.1
CAF205	04/26/2014	0.378	0.395	0.395	0.406	0.444	8.3	9.4	7.4	7.1	7.14
CAF205	04/27/2014	0.377	0.395	0.395	0.406	0.444	8.21	9.4	7.33	7.15	7.2
CAF205	04/28/2014	0.375	0.395	0.396	0.407	0.444	7.88	9.33	7.3	7.2	7.2
CAF205	04/29/2014	0.374	0.395	0.396	0.407	0.445	8.12	9.3	7.3	7.2	7.2
CAF205	04/30/2014	0.376	0.395	0.396	0.407	0.445	9.2	9.42	7.3	7.2	7.2
CAF205	05/01/2014	0.378	0.395	0.396	0.406	0.445	10.46	9.81	7.35	7.2	7.2
CAF205	05/02/2014	0.381	0.397	0.396	0.406	0.445	11.75	10.32	7.52	7.2	7.22
CAF205	05/03/2014	0.383	0.398	0.397	0.406	0.445	12.33	10.91	7.78	7.3	7.3
CAF205	05/04/2014	0.381	0.399	0.398	0.406	0.445	12.05	11.17	8.08	7.39	7.33
CAF205	05/05/2014	0.38	0.399	0.399	0.406	0.445	11.73	11.3	8.31	7.55	7.42
CAF205	05/06/2014	0.379	0.4	0.4	0.406	0.446	11.5	11.3	8.47	7.69	7.52
CAF205	05/07/2014	0.378	0.399	0.4	0.406	0.446	11.28	11.31	8.59	7.8	7.62
CAF205	05/08/2014	0.378	0.399	0.4	0.406	0.446	11.59	11.37	8.68	7.93	7.7
CAF205	05/09/2014	0.378	0.4	0.401	0.406	0.447	11.97	11.52	8.75	8	7.8
CAF205	05/10/2014	0.377	0.4	0.401	0.406	0.447	11.3	11.58	8.86	8.1	7.88
CAF205	05/11/2014	0.376	0.4	0.401	0.406	0.448	11.12	11.47	8.9	8.2	7.96
CAF205	05/12/2014	0.376	0.4	0.402	0.406	0.448	11.4	11.48	8.97	8.23	8.02
CAF205	05/13/2014	0.377	0.401	0.402	0.406	0.449	12.23	11.63	9	8.3	8.1
CAF205	05/14/2014	0.379	0.404	0.402	0.406	0.449	13.24	11.96	9.12	8.39	8.15
CAF205	05/15/2014	0.381	0.406	0.402	0.406	0.449	14.34	12.37	9.3	8.44	8.2
CAF205	05/16/2014	0.382	0.408	0.403	0.406	0.449	15.2	12.68	9.57	8.55	8.3
CAF205	05/17/2014	0.382	0.41	0.404	0.406	0.45	15.24	12.98	9.87	8.68	8.39
CAF205	05/18/2014	0.381	0.411	0.405	0.406	0.45	14.81	13.07	10.15	8.84	8.5
CAF205	05/19/2014	0.379	0.412	0.405	0.406	0.451	14.41	12.95	10.36	8.99	8.64
CAF205	05/20/2014	0.38	0.412	0.406	0.406	0.451	14.78	12.94	10.48	9.16	8.76
CAF205	05/21/2014	0.381	0.412	0.406	0.406	0.452	15.38	13.13	10.63	9.29	8.87
CAF205	05/22/2014	0.382	0.414	0.406	0.406	0.452	15.98	13.41	10.77	9.42	9
CAF205	05/23/2014	0.383	0.415	0.407	0.405	0.453	16.77	13.8	10.97	9.56	9.13
CAF205	05/24/2014	0.383	0.416	0.407	0.406	0.453	16.72	14.13	11.21	9.72	9.25
CAF205	05/25/2014	0.382	0.417	0.408	0.405	0.454	16.72	14.28	11.44	9.9	9.38
CAF205	05/26/2014	0.382	0.417	0.408	0.406	0.454	16.99	14.43	11.63	10.05	9.54
CAF205	05/27/2014	0.382	0.416	0.409	0.406	0.455	16.8	14.58	11.8	10.24	9.67
CAF205	05/28/2014	0.381	0.416	0.409	0.406	0.455	16.57	14.63	11.95	10.37	9.82
CAF205	05/29/2014	0.377	0.411	0.41	0.406	0.456	15.06	14.41	12.08	10.53	9.95
CAF205	05/30/2014	0.377	0.409	0.409	0.406	0.457	15.07	14.08	12.08	10.65	10.06
CAF205	05/31/2014	0.378	0.408	0.409	0.406	0.457	16.05	14.12	12	10.71	10.18
CAF205	06/01/2014	0.379	0.408	0.409	0.406	0.457	16.77	14.4	12.08	10.8	10.27
CAF205	06/02/2014	0.38	0.408	0.409	0.406	0.457	17.45	14.72	12.22	10.88	10.35
CAF205	06/03/2014	0.381	0.407	0.409	0.406	0.457	18.18	15.1	12.38	10.96	10.43
CAF205	06/04/2014	0.381	0.406	0.41	0.406	0.458	18.52	15.49	12.6	11.08	10.53
CAF205	06/05/2014	0.38	0.405	0.41	0.406	0.458	18.64	15.74	12.82	11.22	10.64
CAF205	06/06/2014	0.378	0.404	0.411	0.406	0.459	18.38	15.88	13.03	11.35	10.76
CAF205	06/07/2014	0.376	0.402	0.411	0.406	0.459	18.3	15.93	13.18	11.51	10.89
CAF205	06/08/2014	0.373	0.4	0.412	0.406	0.46	18.15	15.95	13.31	11.65	11.03
CAF205	06/09/2014	0.372	0.398	0.411	0.406	0.46	18.48	16.04	13.4	11.76	11.15
CAF205	06/10/2014	0.369	0.397	0.411	0.407	0.46	18.29	16.1	13.5	11.88	11.26
CAF205	06/11/2014	0.366	0.395	0.41	0.407	0.461	18.02	16.08	13.6	11.97	11.36
CAF205	06/12/2014	0.363	0.393	0.41	0.406	0.461	18.26	16.08	13.63	12.09	11.47
CAF205	06/13/2014	0.36	0.392	0.41	0.406	0.462	18.02	16.12	13.7	12.17	11.55
CAF205	06/14/2014	0.357	0.389	0.41	0.407	0.462	17.45	16.06	13.78	12.27	11.64
CAF205	06/15/2014	0.353	0.387	0.408	0.407	0.462	16.4	15.76	13.8	12.3	11.71
CAF205	06/16/2014	0.35	0.384	0.407	0.407	0.462	16.27	15.46	13.72	12.4	11.8
CAF205	06/17/2014	0.348	0.382	0.407	0.407	0.462	15.91	15.28	13.67	12.4	11.85
CAF205	06/18/2014	0.344	0.381	0.408	0.407	0.462	14.92	14.96	13.57	12.4	11.9
CAF205	06/19/2014	0.343	0.379	0.407	0.407	0.462	15.22	14.66	13.44	12.4	11.9
CAF205	06/20/2014	0.343	0.377	0.405	0.407	0.462	16.02	14.72	13.31	12.4	11.9
CAF205	06/21/2014	0.341	0.375	0.403	0.407	0.462	15.96	14.86	13.3	12.38	11.9
CAF205	06/22/2014	0.338	0.372	0.402	0.407	0.462	16.16	14.89	13.3	12.3	11.9
CAF205	06/23/2014	0.336	0.37	0.4	0.406	0.462	16.59	15.03	13.3	12.38	11.9
CAF205	06/24/2014	0.334	0.368	0.399	0.406	0.462	17.22	15.25	13.36	12.4	11.96
CAF205	06/25/2014	0.33	0.366	0.397	0.405	0.462	17.03	15.42	13.45	12.4	12
CAF205	06/26/2014	0.328	0.363	0.396	0.404	0.462	17.36	15.53	13.51	12.49	12
CAF205	06/27/2014	0.325	0.362	0.395	0.398	0.462	17.12	15.6	13.6	12.51	12.01
CAF205	06/28/2014	0.322	0.359	0.393	0.384	0.463	16.82	15.57	13.69	12.6	12.1
CAF205	06/29/2014	0.318	0.355	0.391	0.374	0.463	16.79	15.5	13.7	12.63	12.1
CAF205	06/30/2014	0.313	0.35	0.388	0.366	0.463	16.58	15.47	13.7	12.7	12.18
CAF205	07/01/2014	0.308	0.345	0.383	0.359	0.463	16.8	15.46	13.7	12.7	12.2
CAF205	07/02/2014	0.304	0.338	0.378	0.352	0.463	17.41	15.58	13.73	12.7	12.2
CAF205	07/03/2014	0.3	0.333	0.373	0.346	0.463	18.17	15.85	13.81	12.77	12.28
CAF205	07/04/2014	0.294	0.328	0.368	0.341	0.463	18.18	16.14	13.93	12.8	12.3
CAF205	07/05/2014	0.288	0.323	0.362	0.336	0.463	17.98	16.2	14.04	12.89	12.31
CAF205	07/06/2014	0.283	0.317	0.355	0.332	0.464	18.25	16.27	14.1	12.96	12.4
CAF205	07/07/2014	0.277	0.31	0.347	0.327	0.463	18.55	16.43	14.2	13.02	12.4
CAF205	07/08/2014	0.271	0.304	0.339	0.323	0.461	18.8	16.57	14.3	13.1	12.46
CAF205	07/09/2014	0.265	0.298	0.33	0.32	0.46	19.12	16.76	14.39	13.15	12.5
CAF205	07/10/2014	0.258	0.292	0.323	0.316	0.459	19.06	16.92	14.51	13.24	12.58
CAF205	07/11/2014	0.252	0.286	0.313	0.312	0.457	18.96	16.98	14.6	13.34	12.6
CAF205	07/12/2014	0.249	0.28	0.302	0.309	0.455	19.07	17.03	14.69	13.4	12.67
CAF205	07/13/2014	0.247	0.273	0.289	0.305	0.454	19.24	17.1	14.74	13.5	12.7
CAF205	07/14/2014	0.245	0.268	0.277	0.302	0.451	19.74	17.25	14.82	13.55	12.78
CAF205	07/15/2014	0.244	0.263	0.265	0.298	0.449	19.91	17.47	14.92	13.6	12.82
CAF205	07/16/2014	0.242	0.257	0.252	0.294	0.448	20.17	17.63	15.04	13.69	12.9
CAF205	07/17/2014	0.24	0.252	0.246	0.29	0.445	20.39	17.77	15.15	13.78	12.98
CAF205	07/18/2014	0.238	0.25	0.243	0.287	0.442	20.07	17.89	15.27	13.85	13.04
CAF205	07/19/2014	0.236	0.248	0.242	0.283	0.44	19.6	17.77	15.36	13.94	13.1
CAF205	07/20/2014	0.235	0.246	0.24	0.28	0.437	19.92	17.77	15.4	14	13.19
CAF205	07/21/2014	0.234	0.245	0.239	0.277	0.435	19.49	17.77	15.41	14.07	13.22
CAF205	07/22/2014	0.233	0.243	0.238	0.274	0.432	19.42	17.7	15.5	14.11	13.3
CAF205	07/23/2014	0.232	0.243	0.238	0.272	0.431	19.39	17.67	15.5	14.2	13.33
CAF205	07/24/2014	0.232	0.242	0.238	0.27	0.429	18.89	17.62	15.5	14.2	13.4
CAF205	07/25/2014	0.23	0.24	0.237	0.268	0.427	17.96	17.32	15.5	14.23	13.4
CAF205	07/26/2014	0.229	0.239	0.237	0.265	0.424	17.83	17.02	15.4	14.3	13.5
CAF205	07/27/2014	0.229	0.237	0.235	0.262	0.421	18.09	16.9	15.3	14.3	13.5
CAF205	07/28/2014	0.229	0.236	0.234	0.259	0.417	18.8	16.97	15.3	14.24	13.5
CAF205	07/29/2014	0.229	0.235	0.233	0.256	0.413	19.44	17.24	15.3	14.2	13.5
CAF205	07/30/2014	0.228	0.234	0.232	0.253	0.41	19.93	17.55	15.36	14.2	13.5
CAF205	07/31/2014	0.227	0.233	0.231	0.25	0.406	20.13	17.77	15.48	14.2	13.59
CAF205	08/01/2014	0.227	0.233	0.231	0.247	0.402	20.6	18.03	15.6	14.2	13.6
CAF205	08/02/2014	0.226	0.232	0.23	0.244	0.397	21.13	18.29	15.73	14.3	13.61
CAF205	08/03/2014	0.225	0.232	0.229	0.243	0.395	21.5	18.63	15.87	14.36	13.7
CAF205	08/04/2014	0.224	0.231	0.229	0.243	0.395	21.24	18.79	16.04	14.42	13.73
CAF205	08/05/2014	0.223	0.231	0.229	0.242	0.394	21.19	18.86	16.16	14.53	13.8
CAF205	08/06/2014	0.223	0.23	0.229	0.242	0.394	21.11	18.89	16.25	14.6	13.89
CAF205	08/07/2014	0.222	0.23	0.229	0.242	0.393	20.86	18.88	16.3	14.7	13.95
CAF205	08/08/2014	0.221	0.23	0.229	0.242	0.394	20.61	18.82	16.36	14.77	14
CAF205	08/09/2014	0.221	0.23	0.229	0.242	0.394	20.07	18.65	16.4	14.8	14.1
CAF205	08/10/2014	0.221	0.229	0.229	0.242	0.394	20.15	18.53	16.32	14.87	14.12
CAF205	08/11/2014	0.221	0.23	0.229	0.241	0.393	20.59	18.57	16.3	14.9	14.2
CAF205	08/12/2014	0.222	0.23	0.229	0.241	0.394	21.36	18.78	16.34	14.9	14.2
CAF205	08/13/2014	0.222	0.23	0.229	0.242	0.397	21.11	19.05	16.45	14.98	14.26
CAF205	08/14/2014	0.221	0.23	0.229	0.243	0.401	20.35	18.94	16.5	15	14.3
CAF205	08/15/2014	0.222	0.23	0.229	0.245	0.403	19.99	18.77	16.5	15.07	14.35
CAF205	08/16/2014	0.222	0.23	0.23	0.245	0.405	19.72	18.58	16.5	15.1	14.4
CAF205	08/17/2014	0.222	0.23	0.23	0.246	0.407	19.76	18.48	16.47	15.1	14.42
CAF205	08/18/2014	0.223	0.23	0.23	0.246	0.409	19.97	18.49	16.4	15.1	14.5
CAF205	08/19/2014	0.224	0.23	0.23	0.247	0.41	20.24	18.58	16.4	15.13	14.5
CAF205	08/20/2014	0.224	0.23	0.23	0.248	0.411	20.16	18.66	16.4	15.2	14.5
CAF205	08/21/2014	0.223	0.23	0.23	0.248	0.412	19.68	18.58	16.43	15.2	14.55
CAF205	08/22/2014	0.223	0.23	0.23	0.249	0.413	19.45	18.47	16.4	15.2	14.6
CAF205	08/23/2014	0.222	0.23	0.23	0.249	0.414	18.98	18.27	16.4	15.2	14.6
CAF205	08/24/2014	0.222	0.23	0.23	0.25	0.415	18.8	18.08	16.31	15.2	14.6
CAF205	08/25/2014	0.222	0.23	0.23	0.25	0.415	18.72	17.98	16.23	15.2	14.6
CAF205	08/26/2014	0.222	0.23	0.23	0.25	0.416	18.56	17.87	16.19	15.2	14.6
CAF205	08/27/2014	0.222	0.229	0.23	0.251	0.416	18.76	17.8	16.1	15.2	14.6
CAF205	08/28/2014	0.223	0.23	0.23	0.251	0.417	19.26	17.88	16.1	15.2	14.6
CAF205	08/29/2014	0.223	0.23	0.23	0.251	0.417	19.34	18.07	16.1	15.2	14.6
CAF205	08/30/2014	0.223	0.23	0.23	0.251	0.418	19.5	18.15	16.1	15.2	14.6
CAF205	08/31/2014	0.223	0.23	0.23	0.252	0.419	19.37	18.2	16.15	15.2	14.6
CAF205	09/01/2014	0.222	0.23	0.23	0.252	0.42	18.88	18.15	16.2	15.2	14.6
CAF205	09/02/2014	0.222	0.23	0.23	0.252	0.42	18.67	17.97	16.18	15.2	14.65
CAF205	09/03/2014	0.222	0.23	0.23	0.252	0.421	18.64	17.9	16.1	15.2	14.7
CAF205	09/04/2014	0.221	0.229	0.23	0.252	0.421	17.77	17.7	16.09	15.2	14.7
CAF205	09/05/2014	0.221	0.229	0.23	0.252	0.422	17.7	17.47	15.99	15.2	14.7
CAF205	09/06/2014	0.221	0.229	0.23	0.252	0.422	17.78	17.38	15.9	15.1	14.7
CAF205	09/07/2014	0.221	0.229	0.23	0.252	0.422	17.95	17.39	15.82	15.1	14.67
CAF205	09/08/2014	0.221	0.229	0.23	0.252	0.422	18.07	17.46	15.8	15.05	14.6
CAF205	09/09/2014	0.221	0.229	0.23	0.252	0.423	18.03	17.46	15.8	15	14.6
CAF205	09/10/2014	0.221	0.229	0.23	0.252	0.423	17.94	17.45	15.8	15	14.6
CAF205	09/11/2014	0.22	0.229	0.23	0.252	0.423	17.17	17.3	15.77	15	14.6
CAF205	09/12/2014	0.219	0.229	0.23	0.252	0.423	16.7	17	15.67	15	14.6
CAF205	09/13/2014	0.219	0.228	0.23	0.252	0.423	16.55	16.77	15.56	14.95	14.6
CAF205	09/14/2014	0.219	0.228	0.229	0.252	0.423	16.5	16.67	15.45	14.9	14.6
CAF205	09/15/2014	0.219	0.228	0.229	0.252	0.423	16.57	16.59	15.37	14.84	14.54
CAF205	09/16/2014	0.22	0.228	0.229	0.252	0.423	16.92	16.59	15.3	14.8	14.5
CAF205	09/17/2014	0.22	0.228	0.229	0.252	0.423	17.25	16.76	15.3	14.8	14.5
CAF205	09/18/2014	0.22	0.228	0.229	0.252	0.423	17.36	16.87	15.3	14.8	14.5
CAF205	09/19/2014	0.221	0.228	0.23	0.256	0.423	17.53	16.95	15.3	14.8	14.41
CAF205	09/20/2014	NA	0.229	0.23	0.268	0.422	NA	17	15.3	14.8	14.4
