CAF007	11/03/2010	NA	NA	NA	NA	NA	NA	NA	NA	NA	NA
CAF007	11/04/2010	0.197	0.206	0.273	0.257	0.329	8.75	10.2	11.1	11.8	12.3
CAF007	11/05/2010	0.199	0.206	0.273	0.257	0.328	9.02	10.19	11.07	11.72	12.23
CAF007	11/06/2010	0.201	0.206	0.273	0.257	0.328	9.62	10.25	11	11.66	12.15
CAF007	11/07/2010	0.203	0.206	0.273	0.256	0.328	10.08	10.47	11	11.6	12.1
CAF007	11/08/2010	0.202	0.206	0.273	0.256	0.327	8.56	10.48	11.1	11.6	12
CAF007	11/09/2010	0.202	0.205	0.272	0.256	0.327	7.11	10	11	11.52	11.97
CAF007	11/10/2010	0.204	0.205	0.272	0.256	0.327	6.63	9.48	10.8	11.47	11.9
CAF007	11/11/2010	0.207	0.204	0.271	0.256	0.327	6.49	9.13	10.56	11.36	11.85
CAF007	11/12/2010	0.209	0.204	0.27	0.255	0.326	6.37	8.89	10.34	11.24	11.78
CAF007	11/13/2010	0.21	0.204	0.269	0.255	0.326	5.64	8.65	10.15	11.1	11.7
CAF007	11/14/2010	0.211	0.204	0.268	0.254	0.326	5.36	8.29	9.94	10.96	11.6
CAF007	11/15/2010	0.214	0.204	0.267	0.253	0.325	6.2	8.12	9.73	10.82	11.5
CAF007	11/16/2010	0.219	0.204	0.267	0.253	0.325	6.78	8.25	9.6	10.67	11.4
CAF007	11/17/2010	0.224	0.204	0.267	0.253	0.324	6.53	8.33	9.5	10.56	11.3
CAF007	11/18/2010	0.235	0.204	0.267	0.252	0.324	6.09	8.26	9.5	10.48	11.2
CAF007	11/19/2010	0.245	0.203	0.266	0.252	0.324	5.19	8	9.41	10.4	11.11
CAF007	11/20/2010	0.245	0.203	0.265	0.252	0.323	4.59	7.65	9.25	10.29	11.03
CAF007	11/21/2010	0.244	0.203	0.265	0.251	0.323	3.98	7.26	9.05	10.17	10.95
CAF007	11/22/2010	0.242	0.203	0.264	0.251	0.323	3.45	6.87	8.82	10.05	10.86
CAF007	11/23/2010	0.241	0.202	0.263	0.251	0.322	3.2	6.54	8.58	9.89	10.76
CAF007	11/24/2010	0.24	0.202	0.262	0.25	0.322	2.9	6.26	8.34	9.74	10.65
CAF007	11/25/2010	0.239	0.202	0.261	0.25	0.321	2.52	6	8.13	9.56	10.54
CAF007	11/26/2010	0.237	0.202	0.26	0.25	0.321	2.17	5.71	7.92	9.39	10.42
CAF007	11/27/2010	0.235	0.201	0.259	0.25	0.321	1.97	5.45	7.67	9.23	10.29
CAF007	11/28/2010	0.234	0.201	0.258	0.249	0.32	1.9	5.24	7.47	9.05	10.16
CAF007	11/29/2010	0.234	0.201	0.258	0.249	0.32	1.86	5.06	7.31	8.88	10.05
CAF007	11/30/2010	0.233	0.201	0.257	0.249	0.319	1.8	4.94	7.15	8.72	9.92
CAF007	12/01/2010	0.233	0.201	0.256	0.249	0.318	1.8	4.83	6.99	8.56	9.78
CAF007	12/02/2010	0.233	0.201	0.256	0.249	0.318	1.8	4.72	6.86	8.42	9.66
CAF007	12/03/2010	0.234	0.201	0.255	0.248	0.317	1.8	4.64	6.74	8.27	9.55
CAF007	12/04/2010	0.235	0.201	0.255	0.248	0.317	1.88	4.6	6.63	8.15	9.43
CAF007	12/05/2010	0.235	0.201	0.254	0.248	0.316	1.9	4.52	6.53	8.03	9.31
CAF007	12/06/2010	0.236	0.201	0.254	0.248	0.316	1.9	4.5	6.41	7.92	9.2
CAF007	12/07/2010	0.236	0.201	0.254	0.248	0.316	1.9	4.43	6.37	7.82	9.1
CAF007	12/08/2010	0.236	0.201	0.253	0.248	0.315	1.9	4.38	6.28	7.71	9
CAF007	12/09/2010	0.246	0.201	0.253	0.248	0.315	2.15	4.3	6.2	7.62	8.9
CAF007	12/10/2010	0.295	0.202	0.253	0.248	0.315	2.78	4.42	6.12	7.52	8.81
CAF007	12/11/2010	0.276	0.202	0.253	0.248	0.314	2.75	4.55	6.1	7.47	8.72
CAF007	12/12/2010	0.315	0.206	0.252	0.248	0.314	2.5	4.48	6.07	7.4	8.65
CAF007	12/13/2010	0.333	0.239	0.252	0.247	0.314	3.48	4.51	6.1	7.35	8.6
CAF007	12/14/2010	0.339	0.28	0.252	0.247	0.314	4.28	4.82	6.1	7.3	8.5
CAF007	12/15/2010	0.318	0.284	0.253	0.247	0.313	3.79	5.08	6.16	7.3	8.45
CAF007	12/16/2010	0.303	0.279	0.254	0.247	0.313	3.11	4.98	6.17	7.3	8.4
CAF007	12/17/2010	0.292	0.276	0.257	0.247	0.313	2.62	4.77	6.19	7.27	8.38
CAF007	12/18/2010	0.283	0.273	0.26	0.247	0.313	2.23	4.52	6.07	7.2	8.3
CAF007	12/19/2010	0.276	0.27	0.263	0.247	0.312	1.95	4.3	5.95	7.11	8.29
CAF007	12/20/2010	0.271	0.268	0.264	0.247	0.312	1.77	4.1	5.81	7.07	8.2
CAF007	12/21/2010	0.268	0.266	0.266	0.247	0.312	1.69	3.95	5.66	6.97	8.16
CAF007	12/22/2010	0.267	0.264	0.267	0.246	0.311	1.6	3.83	5.51	6.88	8.1
CAF007	12/23/2010	0.267	0.263	0.267	0.246	0.311	1.6	3.73	5.43	6.75	8
CAF007	12/24/2010	0.267	0.261	0.268	0.246	0.311	1.53	3.66	5.33	6.7	7.94
CAF007	12/25/2010	0.269	0.26	0.268	0.246	0.311	1.5	3.6	5.22	6.57	7.87
CAF007	12/26/2010	0.27	0.259	0.269	0.246	0.31	1.5	3.52	5.15	6.52	7.8
CAF007	12/27/2010	0.272	0.258	0.269	0.246	0.31	1.5	3.5	5.1	6.44	7.71
CAF007	12/28/2010	0.303	0.276	0.269	0.246	0.31	1.48	3.42	5	6.38	7.65
CAF007	12/29/2010	0.337	0.3	0.298	0.246	0.31	1.4	3.3	4.9	6.3	7.59
CAF007	12/30/2010	0.32	0.293	0.315	0.245	0.31	1.5	3.3	4.8	6.22	7.5
CAF007	12/31/2010	0.309	0.288	0.315	0.245	0.31	1.5	3.3	4.79	6.17	7.44
CAF007	01/01/2011	0.299	0.285	0.314	0.245	0.309	1.5	3.3	4.7	6.1	7.39
CAF007	01/02/2011	0.29	0.283	0.312	0.245	0.309	1.5	3.29	4.7	6.03	7.3
CAF007	01/03/2011	0.283	0.28	0.311	0.245	0.309	1.46	3.2	4.65	6	7.25
CAF007	01/04/2011	0.277	0.279	0.31	0.245	0.308	1.4	3.2	4.6	5.93	7.2
CAF007	01/05/2011	0.272	0.277	0.309	0.245	0.308	1.3	3.16	4.55	5.9	7.11
CAF007	01/06/2011	0.269	0.275	0.308	0.245	0.308	1.3	3.1	4.5	5.83	7.08
CAF007	01/07/2011	0.271	0.278	0.306	0.245	0.308	1.3	3.1	4.45	5.8	7
CAF007	01/08/2011	0.283	0.28	0.306	0.245	0.308	1.3	3.01	4.4	5.74	6.97
CAF007	01/09/2011	0.289	0.279	0.305	0.245	0.308	1.3	3	4.39	5.7	6.9
CAF007	01/10/2011	0.286	0.278	0.304	0.244	0.308	1.28	3	4.3	5.69	6.85
CAF007	01/11/2011	0.279	0.277	0.304	0.244	0.307	1.18	2.95	4.3	5.6	6.8
CAF007	01/12/2011	0.272	0.276	0.304	0.244	0.307	1.08	2.9	4.19	5.6	6.74
CAF007	01/13/2011	0.269	0.295	0.304	0.244	0.307	1	2.82	4.15	5.5	6.7
CAF007	01/14/2011	0.273	0.3	0.315	0.244	0.307	1	2.74	4.1	5.5	6.65
CAF007	01/15/2011	0.294	0.303	0.327	0.244	0.307	1.09	2.7	4.01	5.43	6.6
CAF007	01/16/2011	0.343	0.318	0.336	0.244	0.307	2.57	2.75	3.9	5.38	6.55
CAF007	01/17/2011	0.329	0.305	0.331	0.244	0.306	4.27	3.32	3.98	5.3	6.5
CAF007	01/18/2011	0.321	0.301	0.328	0.244	0.306	3.96	3.9	4.25	5.3	6.43
CAF007	01/19/2011	0.319	0.299	0.326	0.244	0.306	3.2	4	4.46	5.37	6.4
CAF007	01/20/2011	0.308	0.297	0.325	0.244	0.306	2.63	3.93	4.6	5.41	6.4
CAF007	01/21/2011	0.312	0.297	0.324	0.245	0.306	2.12	3.75	4.6	5.5	6.4
CAF007	01/22/2011	0.337	0.309	0.328	0.245	0.306	1.91	3.52	4.56	5.5	6.4
CAF007	01/23/2011	0.326	0.304	0.33	0.245	0.306	2.3	3.4	4.47	5.47	6.4
CAF007	01/24/2011	0.32	0.3	0.328	0.249	0.306	2.57	3.49	4.4	5.4	6.4
CAF007	01/25/2011	0.331	0.301	0.327	0.267	0.306	2.86	3.57	4.4	5.4	6.35
CAF007	01/26/2011	0.323	0.301	0.327	0.286	0.305	3.22	3.73	4.45	5.4	6.3
CAF007	01/27/2011	0.316	0.299	0.327	0.296	0.305	3.28	3.85	4.5	5.4	6.3
CAF007	01/28/2011	0.31	0.297	0.326	0.3	0.305	3.5	3.96	4.59	5.4	6.3
CAF007	01/29/2011	0.309	0.296	0.325	0.302	0.305	3.69	4.07	4.63	5.37	6.3
CAF007	01/30/2011	0.336	0.3	0.325	0.304	0.305	3.54	4.18	4.7	5.4	6.3
CAF007	01/31/2011	0.317	0.303	0.327	0.305	0.305	3	4.15	4.74	5.45	6.3
CAF007	02/01/2011	0.302	0.299	0.328	0.307	0.305	2.23	3.95	4.75	5.5	6.3
CAF007	02/02/2011	0.291	0.296	0.327	0.308	0.305	1.71	3.69	4.67	5.5	6.3
CAF007	02/03/2011	0.283	0.293	0.325	0.309	0.305	1.4	3.44	4.56	5.41	6.22
CAF007	02/04/2011	0.278	0.291	0.324	0.309	0.304	1.23	3.23	4.43	5.4	6.2
CAF007	02/05/2011	0.277	0.289	0.323	0.309	0.304	1.16	3.07	4.25	5.3	6.2
CAF007	02/06/2011	0.278	0.288	0.322	0.309	0.304	1.1	2.96	4.17	5.26	6.15
CAF007	02/07/2011	0.287	0.287	0.321	0.309	0.304	1.1	2.89	4.07	5.2	6.1
CAF007	02/08/2011	0.305	0.286	0.32	0.309	0.304	1.12	2.8	4	5.11	6.07
CAF007	02/09/2011	0.304	0.287	0.319	0.308	0.303	1.29	2.8	3.9	5.07	6
CAF007	02/10/2011	0.299	0.287	0.318	0.308	0.303	1.31	2.8	3.86	5	5.95
CAF007	02/11/2011	0.299	0.287	0.318	0.308	0.303	1.43	2.8	3.8	5	5.9
CAF007	02/12/2011	0.301	0.286	0.318	0.308	0.303	1.88	2.83	3.8	4.87	5.87
CAF007	02/13/2011	0.301	0.287	0.317	0.308	0.302	2.6	3	3.77	4.9	5.8
CAF007	02/14/2011	0.298	0.287	0.317	0.307	0.302	3.26	3.28	3.88	4.9	5.8
CAF007	02/15/2011	0.297	0.287	0.318	0.308	0.302	3.38	3.54	4	4.9	5.72
CAF007	02/16/2011	0.323	0.29	0.318	0.308	0.302	2.62	3.61	4.08	4.9	5.7
CAF007	02/17/2011	0.325	0.298	0.318	0.308	0.302	2.22	3.48	4.17	4.99	5.7
CAF007	02/18/2011	0.32	0.298	0.319	0.308	0.302	2.04	3.35	4.12	5	5.7
CAF007	02/19/2011	0.318	0.299	0.322	0.308	0.302	1.88	3.25	4.1	5	5.7
CAF007	02/20/2011	0.322	0.3	0.323	0.309	0.302	1.72	3.15	4.03	4.98	5.7
CAF007	02/21/2011	0.316	0.299	0.325	0.309	0.302	1.64	3.07	3.99	4.9	5.7
CAF007	02/22/2011	0.313	0.298	0.325	0.31	0.302	1.6	3	3.9	4.9	5.7
CAF007	02/23/2011	0.31	0.296	0.325	0.311	0.302	1.52	2.92	3.85	4.86	5.65
CAF007	02/24/2011	0.307	0.295	0.324	0.312	0.302	1.5	2.9	3.8	4.8	5.6
CAF007	02/25/2011	0.305	0.294	0.324	0.312	0.302	1.5	2.84	3.8	4.8	5.6
CAF007	02/26/2011	0.301	0.293	0.323	0.312	0.301	1.44	2.8	3.67	4.8	5.55
CAF007	02/27/2011	0.297	0.292	0.323	0.312	0.301	1.4	2.8	3.7	4.72	5.5
CAF007	02/28/2011	0.294	0.291	0.322	0.312	0.301	1.4	2.7	3.67	4.7	5.5
CAF007	03/01/2011	0.298	0.291	0.321	0.312	0.301	1.32	2.7	3.6	4.7	5.47
CAF007	03/02/2011	0.316	0.293	0.321	0.312	0.301	1.3	2.7	3.6	4.62	5.4
CAF007	03/03/2011	0.334	0.308	0.331	0.313	0.301	1.3	2.6	3.52	4.6	5.4
CAF007	03/04/2011	0.332	0.308	0.333	0.319	0.301	1.29	2.55	3.48	4.58	5.35
CAF007	03/05/2011	0.339	0.314	0.334	0.321	0.303	1.31	2.5	3.4	4.5	5.3
CAF007	03/06/2011	0.327	0.307	0.332	0.321	0.319	2.14	2.58	3.36	4.43	5.25
CAF007	03/07/2011	0.32	0.302	0.329	0.319	0.325	2.67	2.81	3.4	4.4	5.2
CAF007	03/08/2011	0.313	0.299	0.327	0.318	0.326	2.57	3.05	3.51	4.4	5.2
CAF007	03/09/2011	0.316	0.297	0.326	0.317	0.326	2.45	3.1	3.6	4.47	5.13
CAF007	03/10/2011	0.34	0.303	0.324	0.317	0.327	3.06	3.17	3.65	4.5	5.1
CAF007	03/11/2011	0.331	0.309	0.329	0.317	0.327	3.1	3.36	3.71	4.5	5.1
CAF007	03/12/2011	0.319	0.304	0.329	0.319	0.328	3.09	3.46	3.8	4.54	5.1
CAF007	03/13/2011	0.318	0.301	0.328	0.318	0.328	3.32	3.5	3.88	4.6	5.1
CAF007	03/14/2011	0.321	0.3	0.327	0.318	0.328	3.84	3.68	3.9	4.6	5.1
CAF007	03/15/2011	0.32	0.299	0.326	0.317	0.328	4.09	3.9	4.04	4.64	5.18
CAF007	03/16/2011	0.34	0.306	0.326	0.317	0.328	4.13	4.06	4.16	4.7	5.2
CAF007	03/17/2011	0.326	0.305	0.328	0.318	0.328	3.97	4.16	4.27	4.77	5.2
CAF007	03/18/2011	0.321	0.302	0.328	0.318	0.329	3.92	4.2	4.34	4.8	5.2
CAF007	03/19/2011	0.318	0.301	0.327	0.318	0.329	4.27	4.25	4.4	4.85	5.24
CAF007	03/20/2011	0.319	0.3	0.327	0.318	0.329	3.73	4.29	4.48	4.9	5.3
CAF007	03/21/2011	0.331	0.3	0.326	0.318	0.329	3.86	4.2	4.5	4.9	5.3
CAF007	03/22/2011	0.337	0.309	0.328	0.318	0.329	4.02	4.26	4.5	5	5.3
CAF007	03/23/2011	0.324	0.306	0.33	0.319	0.329	4.34	4.36	4.55	4.97	5.37
CAF007	03/24/2011	0.317	0.303	0.33	0.319	0.33	4.93	4.49	4.6	5	5.4
CAF007	03/25/2011	0.313	0.302	0.329	0.319	0.33	5.51	4.79	4.72	5.03	5.4
CAF007	03/26/2011	0.311	0.3	0.328	0.319	0.33	5.35	4.98	4.82	5.1	5.4
CAF007	03/27/2011	0.314	0.3	0.328	0.319	0.33	5.47	5.12	4.98	5.17	5.47
CAF007	03/28/2011	0.316	0.299	0.327	0.319	0.33	5.64	5.26	5.1	5.22	5.5
CAF007	03/29/2011	0.315	0.299	0.327	0.319	0.33	5.24	5.3	5.2	5.3	5.52
CAF007	03/30/2011	0.345	0.309	0.327	0.319	0.33	5.43	5.3	5.29	5.36	5.6
CAF007	03/31/2011	0.334	0.312	0.333	0.319	0.33	6.45	5.48	5.3	5.4	5.61
CAF007	04/01/2011	0.324	0.308	0.333	0.321	0.331	6.88	5.82	5.46	5.48	5.7
CAF007	04/02/2011	0.343	0.316	0.335	0.322	0.332	7.77	6.22	5.65	5.53	5.7
CAF007	04/03/2011	0.334	0.314	0.337	0.324	0.333	6.43	6.45	5.83	5.64	5.78
CAF007	04/04/2011	0.332	0.31	0.336	0.324	0.333	5.81	6.24	6	5.74	5.79
CAF007	04/05/2011	0.346	0.321	0.341	0.325	0.334	5.68	6.04	6	5.8	5.87
CAF007	04/06/2011	0.333	0.312	0.338	0.326	0.335	5.32	5.95	6	5.88	5.95
CAF007	04/07/2011	0.327	0.308	0.335	0.324	0.335	4.85	5.73	5.93	5.87	6
CAF007	04/08/2011	0.325	0.306	0.333	0.324	0.334	5.09	5.58	5.88	5.9	6.04
CAF007	04/09/2011	0.32	0.304	0.332	0.323	0.334	5.81	5.65	5.8	5.9	6.1
CAF007	04/10/2011	0.313	0.303	0.331	0.322	0.334	6.14	5.85	5.84	5.9	6.1
CAF007	04/11/2011	0.309	0.302	0.33	0.322	0.333	6.17	5.98	5.91	5.9	6.1
CAF007	04/12/2011	0.306	0.301	0.33	0.322	0.333	6.03	6.07	6	5.94	6.1
CAF007	04/13/2011	0.303	0.3	0.329	0.322	0.333	6.37	6.15	6.05	6	6.16
CAF007	04/14/2011	0.299	0.299	0.329	0.321	0.333	5.54	6.13	6.1	6	6.2
CAF007	04/15/2011	0.299	0.297	0.328	0.321	0.333	5.78	6	6.1	6.09	6.2
CAF007	04/16/2011	0.304	0.297	0.328	0.321	0.333	6.55	6.08	6.1	6.1	6.25
CAF007	04/17/2011	0.309	0.297	0.327	0.321	0.333	6.93	6.34	6.13	6.1	6.3
CAF007	04/18/2011	0.306	0.297	0.327	0.321	0.333	6.41	6.48	6.27	6.13	6.3
CAF007	04/19/2011	0.302	0.296	0.327	0.321	0.333	5.73	6.37	6.3	6.2	6.3
CAF007	04/20/2011	0.298	0.295	0.327	0.32	0.332	5.66	6.2	6.3	6.2	6.39
CAF007	04/21/2011	0.295	0.294	0.326	0.32	0.333	5.94	6.17	6.3	6.28	6.4
CAF007	04/22/2011	0.291	0.293	0.326	0.32	0.332	5.79	6.19	6.3	6.3	6.4
CAF007	04/23/2011	0.288	0.293	0.326	0.32	0.332	6.11	6.18	6.3	6.3	6.41
CAF007	04/24/2011	0.286	0.292	0.325	0.32	0.332	7.24	6.36	6.3	6.3	6.5
CAF007	04/25/2011	0.283	0.292	0.325	0.32	0.332	7.5	6.7	6.42	6.3	6.5
CAF007	04/26/2011	0.28	0.292	0.325	0.32	0.332	6.67	6.8	6.55	6.37	6.5
CAF007	04/27/2011	0.282	0.292	0.326	0.32	0.332	6.71	6.74	6.6	6.4	6.47
CAF007	04/28/2011	0.283	0.291	0.325	0.32	0.332	7.16	6.83	6.65	6.49	6.6
CAF007	04/29/2011	0.281	0.291	0.325	0.32	0.332	6.59	6.9	6.7	6.5	6.6
CAF007	04/30/2011	0.28	0.29	0.325	0.32	0.333	6.19	6.75	6.76	6.58	6.6
CAF007	05/01/2011	0.279	0.289	0.325	0.32	0.333	6.92	6.7	6.7	6.6	6.7
CAF007	05/02/2011	0.277	0.289	0.324	0.32	0.333	7.97	6.98	6.72	6.6	6.7
CAF007	05/03/2011	0.274	0.289	0.325	0.32	0.333	7.23	7.2	6.87	6.65	6.7
CAF007	05/04/2011	0.273	0.288	0.325	0.32	0.333	7.24	7.17	6.96	6.7	6.75
CAF007	05/05/2011	0.273	0.288	0.324	0.32	0.333	8.32	7.32	7	6.78	6.8
CAF007	05/06/2011	0.27	0.288	0.325	0.32	0.333	8.4	7.59	7.12	6.8	6.8
CAF007	05/07/2011	0.268	0.287	0.325	0.32	0.333	8.4	7.72	7.24	6.9	6.89
CAF007	05/08/2011	0.265	0.287	0.325	0.32	0.333	8.8	7.92	7.35	6.97	6.9
CAF007	05/09/2011	0.262	0.286	0.325	0.32	0.333	8.66	8.08	7.47	7.05	6.97
CAF007	05/10/2011	0.261	0.285	0.325	0.32	0.333	8.69	8.1	7.49	7.1	7
CAF007	05/11/2011	NA	NA	NA	NA	NA	NA	NA	NA	NA	NA
CAF007	05/13/2011	NA	NA	NA	NA	NA	NA	NA	NA	NA	NA
CAF007	05/14/2011	0.248	0.283	0.326	0.321	0.334	11.92	9.37	8.3	7.6	7.3
CAF007	05/15/2011	0.247	0.283	0.326	0.322	0.334	11.8	9.68	8.4	7.67	7.34
CAF007	05/16/2011	0.272	0.282	0.327	0.322	0.334	10.54	9.87	8.64	7.83	7.41
CAF007	05/17/2011	0.285	0.282	0.327	0.324	0.334	9.5	9.6	8.78	7.96	7.5
CAF007	05/18/2011	0.279	0.281	0.327	0.325	0.334	9.79	9.4	8.78	8.08	7.6
CAF007	05/19/2011	0.272	0.281	0.326	0.326	0.335	10.19	9.44	8.75	8.13	7.68
CAF007	05/20/2011	0.264	0.28	0.326	0.326	0.336	10.73	9.58	8.8	8.2	7.75
CAF007	05/21/2011	0.258	0.279	0.326	0.326	0.338	11.57	9.86	8.9	8.25	7.8
CAF007	05/22/2011	0.251	0.279	0.326	0.326	0.339	11.66	10.18	9.05	8.34	7.88
CAF007	05/23/2011	0.248	0.277	0.327	0.326	0.339	11.25	10.3	9.24	8.44	7.93
CAF007	05/24/2011	0.246	0.276	0.327	0.326	0.34	10.91	10.3	9.35	8.56	8
CAF007	05/25/2011	0.244	0.274	0.327	0.326	0.34	10.59	10.25	9.4	8.67	8.1
CAF007	05/26/2011	0.245	0.272	0.326	0.327	0.34	10.33	10.18	9.37	8.75	8.16
CAF007	05/27/2011	0.246	0.27	0.326	0.326	0.34	9.84	10.02	9.4	8.8	8.21
CAF007	05/28/2011	0.245	0.268	0.325	0.326	0.34	9.75	9.87	9.4	8.85	8.3
CAF007	05/29/2011	0.244	0.266	0.324	0.326	0.34	9.84	9.8	9.4	8.9	8.33
CAF007	05/30/2011	0.243	0.264	0.323	0.326	0.34	9.92	9.8	9.3	8.9	8.4
CAF007	05/31/2011	0.242	0.262	0.322	0.326	0.341	10.25	9.8	9.3	8.9	8.4
CAF007	06/01/2011	0.241	0.261	0.322	0.326	0.342	10.41	9.88	9.33	8.87	8.41
CAF007	06/02/2011	0.241	0.26	0.322	0.327	0.343	10.03	9.9	9.4	8.9	8.5
CAF007	06/03/2011	0.239	0.259	0.321	0.329	0.343	9.49	9.78	9.37	8.97	8.5
CAF007	06/04/2011	0.238	0.256	0.32	0.33	0.344	10.1	9.7	9.39	9	8.5
CAF007	06/05/2011	0.236	0.253	0.319	0.33	0.344	10.96	9.9	9.38	9	8.57
CAF007	06/06/2011	0.234	0.251	0.318	0.33	0.344	11.55	10.2	9.44	9	8.6
CAF007	06/07/2011	0.233	0.251	0.318	0.33	0.345	11.66	10.45	9.53	9	8.6
CAF007	06/08/2011	0.229	0.25	0.317	0.33	0.347	11.47	10.6	9.7	9.1	8.61
CAF007	06/09/2011	0.226	0.249	0.316	0.331	0.347	10.74	10.58	9.8	9.2	8.7
CAF007	06/10/2011	0.223	0.247	0.314	0.332	0.347	10.85	10.47	9.8	9.27	8.7
CAF007	06/11/2011	0.219	0.246	0.312	0.332	0.347	11.32	10.51	9.83	9.3	8.79
CAF007	06/12/2011	0.215	0.244	0.31	0.331	0.347	11.77	10.66	9.9	9.34	8.8
CAF007	06/13/2011	0.212	0.242	0.309	0.331	0.348	12.02	10.86	9.98	9.4	8.86
CAF007	06/14/2011	0.209	0.241	0.308	0.33	0.348	11.82	10.99	10.05	9.45	8.9
CAF007	06/15/2011	0.206	0.238	0.306	0.329	0.348	11.7	11	10.15	9.5	8.93
CAF007	06/16/2011	0.204	0.236	0.305	0.329	0.349	11.07	10.97	10.2	9.6	9
CAF007	06/17/2011	0.203	0.235	0.303	0.328	0.35	10.7	10.77	10.2	9.6	9.02
CAF007	06/18/2011	0.202	0.233	0.301	0.327	0.351	11.04	10.7	10.2	9.69	9.1
CAF007	06/19/2011	0.202	0.232	0.3	0.327	0.351	11	10.7	10.2	9.7	9.1
CAF007	06/20/2011	0.2	0.23	0.298	0.324	0.351	11.33	10.73	10.2	9.7	9.15
CAF007	06/21/2011	0.199	0.227	0.295	0.319	0.35	11.77	10.86	10.2	9.7	9.2
CAF007	06/22/2011	0.197	0.224	0.293	0.312	0.349	12.35	11.07	10.23	9.7	9.2
CAF007	06/23/2011	0.196	0.221	0.29	0.304	0.347	13.02	11.42	10.34	9.77	9.2
CAF007	06/24/2011	0.195	0.219	0.287	0.298	0.347	12.47	11.68	10.47	9.82	9.29
CAF007	06/25/2011	0.193	0.217	0.284	0.293	0.346	11.99	11.64	10.59	9.9	9.3
CAF007	06/26/2011	0.192	0.215	0.281	0.287	0.344	11.66	11.51	10.6	9.97	9.35
CAF007	06/27/2011	0.191	0.212	0.277	0.277	0.34	11.92	11.4	10.6	10	9.4
CAF007	06/28/2011	0.191	0.211	0.273	0.268	0.337	12.54	11.54	10.6	10	9.43
CAF007	06/29/2011	0.191	0.21	0.271	0.265	0.336	13.06	11.75	10.66	10.1	9.5
CAF007	06/30/2011	0.19	0.209	0.268	0.26	0.332	13.05	11.95	10.77	10.1	9.5
CAF007	07/01/2011	0.189	0.207	0.264	0.256	0.33	12.73	12	10.86	10.18	9.54
CAF007	07/02/2011	0.188	0.206	0.26	0.252	0.325	12.7	12	10.9	10.22	9.6
CAF007	07/03/2011	0.188	0.204	0.256	0.249	0.32	13.2	12.06	10.95	10.3	9.62
CAF007	07/04/2011	0.187	0.203	0.252	0.247	0.316	13.35	12.19	11.01	10.3	9.7
CAF007	07/05/2011	0.187	0.203	0.25	0.246	0.311	13.4	12.3	11.1	10.4	9.7
CAF007	07/06/2011	0.186	0.202	0.248	0.245	0.305	13.59	12.39	11.18	10.42	9.78
CAF007	07/07/2011	0.186	0.201	0.246	0.243	0.298	14.04	12.55	11.25	10.5	9.8
CAF007	07/08/2011	0.185	0.2	0.245	0.243	0.293	14.25	12.75	11.35	10.55	9.86
CAF007	07/09/2011	0.184	0.2	0.243	0.242	0.289	13.66	12.82	11.47	10.61	9.9
CAF007	07/10/2011	0.183	0.199	0.242	0.242	0.285	13.39	12.76	11.5	10.7	9.94
CAF007	07/11/2011	0.183	0.199	0.241	0.241	0.281	13.46	12.7	11.5	10.72	10
CAF007	07/12/2011	0.183	0.199	0.24	0.241	0.279	14.03	12.75	11.58	10.8	10.05
CAF007	07/13/2011	0.183	0.199	0.24	0.241	0.279	14.26	12.95	11.63	10.8	10.1
CAF007	07/14/2011	0.182	0.199	0.24	0.242	0.28	13.59	12.99	11.71	10.89	10.11
CAF007	07/15/2011	0.182	0.199	0.239	0.241	0.276	13.16	12.86	11.78	10.91	10.2
CAF007	07/16/2011	0.182	0.199	0.238	0.241	0.273	13.44	12.8	11.7	11	10.22
CAF007	07/17/2011	0.182	0.198	0.237	0.24	0.269	13.71	12.8	11.7	11	10.3
CAF007	07/18/2011	0.182	0.198	0.236	0.24	0.264	14.36	12.98	11.78	11	10.3
CAF007	07/19/2011	0.182	0.198	0.236	0.239	0.262	14.5	13.18	11.85	11.05	10.32
CAF007	07/20/2011	0.182	0.198	0.235	0.239	0.26	14.11	13.28	11.95	11.1	10.4
CAF007	07/21/2011	0.181	0.198	0.235	0.239	0.258	13.93	13.2	12	11.17	10.4
CAF007	07/22/2011	0.181	0.198	0.234	0.238	0.256	13.93	13.2	12	11.2	10.47
CAF007	07/23/2011	0.181	0.197	0.234	0.238	0.254	13.75	13.19	12.07	11.22	10.5
CAF007	07/24/2011	0.18	0.197	0.233	0.237	0.252	13.93	13.18	12.1	11.3	10.52
CAF007	07/25/2011	0.181	0.196	0.233	0.237	0.251	14.71	13.29	12.1	11.3	10.6
CAF007	07/26/2011	0.181	0.196	0.233	0.237	0.251	15.05	13.54	12.17	11.32	10.6
CAF007	07/27/2011	0.18	0.196	0.233	0.237	0.25	14.94	13.72	12.28	11.4	10.62
CAF007	07/28/2011	0.179	0.196	0.232	0.236	0.25	14.8	13.78	12.4	11.46	10.7
CAF007	07/29/2011	0.179	0.196	0.232	0.236	0.25	14.98	13.8	12.45	11.5	10.7
CAF007	07/30/2011	0.179	0.195	0.232	0.236	0.249	15.31	13.88	12.5	11.6	10.79
CAF007	07/31/2011	0.179	0.195	0.232	0.236	0.249	15.88	14.08	12.58	11.6	10.8
CAF007	08/01/2011	0.179	0.195	0.231	0.236	0.249	16.16	14.32	12.7	11.7	10.85
CAF007	08/02/2011	0.179	0.195	0.231	0.236	0.248	16.37	14.45	12.83	11.76	10.9
CAF007	08/03/2011	0.179	0.195	0.232	0.236	0.248	16.59	14.67	12.96	11.84	10.95
CAF007	08/04/2011	0.178	0.195	0.231	0.236	0.248	16.59	14.84	13.08	11.93	11
CAF007	08/05/2011	0.178	0.195	0.231	0.236	0.248	16.94	14.96	13.2	12.02	11.1
CAF007	08/06/2011	0.178	0.195	0.232	0.236	0.248	17.04	15.15	13.33	12.11	11.13
CAF007	08/07/2011	0.178	0.195	0.232	0.236	0.248	16.89	15.23	13.45	12.2	11.2
CAF007	08/08/2011	0.178	0.195	0.232	0.236	0.248	16.83	15.28	13.55	12.3	11.29
CAF007	08/09/2011	0.178	0.195	0.232	0.236	0.248	16.77	15.3	13.61	12.39	11.34
CAF007	08/10/2011	0.178	0.195	0.232	0.236	0.248	16.6	15.3	13.7	12.46	11.4
CAF007	08/11/2011	0.178	0.195	0.232	0.237	0.248	16.36	15.28	13.7	12.5	11.49
CAF007	08/12/2011	0.178	0.195	0.232	0.237	0.248	16.25	15.2	13.7	12.6	11.53
CAF007	08/13/2011	0.178	0.195	0.232	0.237	0.248	16.62	15.2	13.78	12.6	11.6
CAF007	08/14/2011	0.179	0.195	0.232	0.237	0.248	16.85	15.34	13.8	12.67	11.63
CAF007	08/15/2011	0.179	0.196	0.232	0.237	0.249	16.85	15.4	13.87	12.7	11.7
CAF007	08/16/2011	0.178	0.196	0.232	0.237	0.249	16.39	15.39	13.9	12.77	11.72
CAF007	08/17/2011	0.178	0.196	0.232	0.237	0.249	16.38	15.34	13.93	12.8	11.8
CAF007	08/18/2011	0.178	0.196	0.232	0.237	0.249	16.43	15.31	14	12.85	11.81
CAF007	08/19/2011	0.178	0.196	0.232	0.237	0.249	16.36	15.3	14	12.9	11.9
CAF007	08/20/2011	0.178	0.196	0.232	0.237	0.249	16.47	15.3	14	12.9	11.9
CAF007	08/21/2011	0.179	0.196	0.232	0.237	0.249	16.62	15.36	14	12.93	11.96
CAF007	08/22/2011	0.179	0.196	0.232	0.238	0.249	16.97	15.45	14.03	13	12
CAF007	08/23/2011	0.18	0.196	0.232	0.238	0.249	17.48	15.61	14.1	13	12
CAF007	08/24/2011	0.18	0.196	0.233	0.238	0.249	17.68	15.83	14.21	13.06	12.09
CAF007	08/25/2011	0.18	0.197	0.233	0.238	0.249	18.2	16.01	14.33	13.11	12.1
CAF007	08/26/2011	0.181	0.197	0.233	0.238	0.25	18.79	16.18	14.4	13.2	12.1
CAF007	08/27/2011	NA	NA	NA	NA	NA	NA	NA	NA	NA	NA
CAF007	11/05/2012	NA	NA	NA	NA	NA	NA	NA	NA	NA	NA
CAF007	11/06/2012	0.241	NA	0.245	0.313	0.278	10.92	10.8	11.6	12.2	12.1
CAF007	11/07/2012	0.241	NA	0.245	0.313	0.278	10.87	10.91	11.6	12.2	12.1
CAF007	11/08/2012	0.239	NA	0.245	0.313	0.277	9.45	10.64	11.6	12.2	12.06
CAF007	11/09/2012	0.238	NA	0.245	0.312	0.277	7.96	9.79	11.55	12.18	12
CAF007	11/10/2012	0.237	NA	0.245	0.312	0.276	6.89	9	11.31	12.1	12
CAF007	11/11/2012	0.236	NA	0.245	0.311	0.275	5.96	8.23	11	12	11.92
CAF007	11/12/2012	0.238	NA	0.244	0.312	0.274	5.36	7.53	10.66	11.86	11.85
CAF007	11/13/2012	0.323	NA	0.244	0.312	0.274	4.58	6.69	10.3	11.69	11.75
CAF007	11/14/2012	0.303	NA	0.244	0.31	0.273	4.89	6.4	9.88	11.5	11.61
CAF007	11/15/2012	0.277	NA	0.243	0.309	0.272	5.42	6.57	9.61	11.29	11.46
CAF007	11/16/2012	0.268	NA	0.243	0.308	0.271	5.72	6.75	9.45	11.12	11.32
CAF007	11/17/2012	0.262	NA	0.243	0.307	0.27	6.05	6.9	9.34	10.97	11.16
CAF007	11/18/2012	0.266	NA	0.243	0.307	0.27	6.19	7.08	9.3	10.86	11.04
CAF007	11/19/2012	0.32	NA	0.243	0.308	0.27	5.93	7	9.25	10.77	10.92
CAF007	11/20/2012	0.341	NA	0.244	0.307	0.269	6.37	6.95	9.15	10.69	10.82
CAF007	11/21/2012	0.328	NA	0.257	0.305	0.268	6.8	7.24	9.1	10.59	10.72
CAF007	11/22/2012	0.295	NA	0.295	0.304	0.268	6.18	7.26	9.1	10.5	10.63
CAF007	11/23/2012	0.284	NA	0.305	0.304	0.267	5.62	6.9	9.05	10.47	10.55
CAF007	11/24/2012	0.322	NA	0.308	0.305	0.267	5.7	6.64	8.94	10.4	10.49
CAF007	11/25/2012	0.301	NA	0.311	0.304	0.266	5.76	6.67	8.81	10.31	10.4
CAF007	11/26/2012	0.287	NA	0.313	0.303	0.266	5.32	6.51	8.7	10.22	10.3
CAF007	11/27/2012	0.279	NA	0.313	0.302	0.265	4.82	6.13	8.6	10.14	10.22
CAF007	11/28/2012	0.275	NA	0.312	0.302	0.264	4.77	5.87	8.44	10.05	10.13
CAF007	11/29/2012	0.274	NA	0.312	0.302	0.264	5.04	5.81	8.27	9.93	10.04
CAF007	11/30/2012	0.285	NA	0.311	0.302	0.263	5.61	6.01	8.17	9.83	9.94
CAF007	12/01/2012	0.294	NA	0.31	0.301	0.262	6.16	6.38	8.1	9.72	9.84
CAF007	12/02/2012	0.339	NA	0.33	0.302	0.262	6.15	6.6	8.1	9.67	9.75
CAF007	12/03/2012	0.309	NA	0.335	0.301	0.261	5.92	6.57	8.19	9.6	9.7
CAF007	12/04/2012	0.326	NA	0.333	0.302	0.261	5.85	6.51	8.2	9.6	9.6
CAF007	12/05/2012	0.33	NA	0.335	0.302	0.261	6.15	6.55	8.15	9.53	9.58
CAF007	12/06/2012	0.308	NA	0.335	0.303	0.26	5.65	6.53	8.1	9.5	9.5
CAF007	12/07/2012	0.325	NA	0.335	0.305	0.26	4.92	6.13	8.1	9.47	9.47
CAF007	12/08/2012	0.322	NA	0.34	0.31	0.26	4.46	5.67	7.95	9.4	9.4
CAF007	12/09/2012	0.3	NA	0.336	0.319	0.26	4.06	5.35	7.8	9.31	9.34
CAF007	12/10/2012	0.293	NA	0.334	0.322	0.26	3.72	5.04	7.63	9.21	9.28
CAF007	12/11/2012	0.293	NA	0.331	0.321	0.259	3.51	4.79	7.45	9.12	9.18
CAF007	12/12/2012	0.335	NA	0.33	0.322	0.259	3.3	4.55	7.28	8.98	9.08
CAF007	12/13/2012	0.328	NA	0.335	0.321	0.259	3.2	4.36	7.07	8.85	8.97
CAF007	12/14/2012	0.314	NA	0.334	0.323	0.259	3.19	4.28	6.92	8.69	8.86
CAF007	12/15/2012	0.301	NA	0.333	0.324	0.259	3.1	4.2	6.78	8.56	8.74
CAF007	12/16/2012	0.299	NA	0.331	0.323	0.259	3.1	4.1	6.67	8.44	8.63
CAF007	12/17/2012	0.319	NA	0.336	0.324	0.259	2.92	3.95	6.53	8.34	8.53
CAF007	12/18/2012	0.313	NA	0.336	0.324	0.259	2.85	3.85	6.4	8.22	8.41
CAF007	12/19/2012	0.299	NA	0.333	0.323	0.261	2.74	3.81	6.4	8.07	8.31
CAF007	12/20/2012	0.292	NA	NA	0.323	0.262	2.67	3.75	NA	8.01	8.21
CAF007	12/21/2012	0.287	NA	NA	0.322	0.263	2.6	3.7	NA	7.93	8.12
CAF007	12/22/2012	0.286	NA	NA	0.322	0.265	2.6	3.61	NA	7.82	8.02
CAF007	12/23/2012	0.292	NA	NA	0.322	0.265	2.53	3.6	NA	7.74	7.9
CAF007	12/24/2012	0.298	NA	NA	0.322	0.266	2.5	3.5	NA	7.66	7.85
CAF007	12/25/2012	0.301	NA	NA	0.321	0.266	2.5	3.5	NA	7.59	7.76
CAF007	12/26/2012	0.3	NA	NA	0.32	0.266	2.52	3.5	NA	7.5	7.69
CAF007	12/27/2012	0.299	NA	NA	0.32	0.266	2.6	3.5	NA	7.41	7.6
CAF007	12/28/2012	0.299	NA	NA	0.32	0.266	2.6	3.5	NA	7.35	7.52
CAF007	12/29/2012	0.298	NA	NA	0.319	0.267	2.6	3.5	NA	7.3	7.46
CAF007	12/30/2012	0.296	NA	NA	0.319	0.267	2.6	3.43	NA	7.21	7.4
CAF007	12/31/2012	0.294	NA	NA	0.319	0.267	2.6	3.4	NA	7.19	7.31
CAF007	01/01/2013	0.291	NA	NA	0.319	0.267	2.57	3.4	NA	7.03	7.27
CAF007	01/02/2013	0.289	NA	NA	0.319	0.267	2.5	3.39	NA	7.07	7.2
CAF007	01/03/2013	0.286	NA	NA	0.318	0.267	2.46	3.3	NA	6.97	7.14
CAF007	01/04/2013	0.283	NA	NA	0.318	0.267	2.31	3.27	NA	6.99	7.07
CAF007	01/05/2013	0.28	NA	0.322	0.318	0.267	2.25	3.2	5.3	6.9	7.02
CAF007	01/06/2013	0.278	NA	0.322	0.318	0.267	2.2	3.13	5.22	6.88	7
CAF007	01/07/2013	0.277	NA	0.322	0.318	0.267	2.11	3.1	5.2	6.8	6.9
CAF007	01/08/2013	0.301	NA	0.322	0.319	0.267	2.07	3.02	5.1	6.78	6.87
CAF007	01/09/2013	0.349	NA	0.337	0.322	0.267	1.72	2.74	5.01	6.68	6.8
CAF007	01/10/2013	0.322	NA	0.336	0.328	0.284	1.82	2.72	4.8	6.57	6.72
CAF007	01/11/2013	0.304	NA	0.33	0.324	0.288	1.9	2.8	4.8	6.5	6.6
CAF007	01/12/2013	0.296	NA	0.328	0.323	0.288	1.9	2.8	4.76	6.43	6.58
CAF007	01/13/2013	0.29	NA	0.326	0.322	0.286	1.83	2.8	4.7	6.4	6.5
CAF007	01/14/2013	0.286	NA	0.325	0.321	0.284	1.8	2.78	4.7	6.38	6.45
CAF007	01/15/2013	0.283	NA	0.324	0.321	0.283	1.8	2.7	4.7	6.3	6.4
CAF007	01/16/2013	0.28	NA	0.323	0.32	0.282	1.8	2.7	4.63	6.28	6.37
CAF007	01/17/2013	0.278	NA	0.323	0.32	0.28	1.77	2.7	4.6	6.22	6.3
CAF007	01/18/2013	0.276	NA	0.322	0.319	0.279	1.7	2.7	4.6	6.2	6.3
CAF007	01/19/2013	0.275	NA	0.322	0.319	0.278	1.7	2.66	4.52	6.18	6.2
CAF007	01/20/2013	0.273	NA	0.321	0.319	0.278	1.7	2.6	4.5	6.1	6.2
CAF007	01/21/2013	0.271	NA	0.32	0.318	0.278	1.63	2.6	4.5	6.1	6.14
CAF007	01/22/2013	0.269	NA	0.32	0.318	0.277	1.6	2.57	4.41	6.1	6.1
CAF007	01/23/2013	0.267	NA	0.32	0.318	0.277	1.52	2.5	4.4	6	6.09
CAF007	01/24/2013	0.281	NA	0.319	0.317	0.277	1.5	2.5	4.38	6	6
CAF007	01/25/2013	0.335	NA	0.319	0.318	0.276	1.38	2.42	4.3	5.96	6
CAF007	01/26/2013	0.347	NA	0.327	0.319	0.276	1.36	2.3	4.25	5.9	5.94
CAF007	01/27/2013	0.325	NA	0.33	0.318	0.276	1.6	2.37	4.2	5.9	5.9
CAF007	01/28/2013	0.312	NA	0.328	0.32	0.276	1.6	2.4	4.2	5.84	5.87
CAF007	01/29/2013	0.308	NA	0.329	0.32	0.277	1.6	2.4	4.12	5.8	5.8
CAF007	01/30/2013	0.345	NA	0.343	0.324	0.278	1.51	2.2	4.01	5.74	5.8
CAF007	01/31/2013	0.32	NA	0.335	0.325	0.286	2.31	2.45	4	5.69	5.7
CAF007	02/01/2013	0.31	NA	0.33	0.323	0.284	2.9	2.81	4.02	5.6	5.65
CAF007	02/02/2013	0.304	NA	0.328	0.322	0.282	2.98	3.05	4.12	5.6	5.6
CAF007	02/03/2013	0.299	NA	0.327	0.321	0.281	2.99	3.1	4.2	5.61	5.6
CAF007	02/04/2013	0.296	NA	0.326	0.321	0.28	3.23	3.22	4.29	5.65	5.6
CAF007	02/05/2013	0.293	NA	0.325	0.32	0.279	3.54	3.43	4.35	5.7	5.6
CAF007	02/06/2013	0.29	NA	0.325	0.32	0.279	3.52	3.55	4.44	5.7	5.6
CAF007	02/07/2013	0.287	NA	0.325	0.32	0.279	3.4	3.6	4.51	5.72	5.6
CAF007	02/08/2013	0.286	NA	0.324	0.32	0.278	3.22	3.53	4.6	5.8	5.6
CAF007	02/09/2013	0.287	NA	0.323	0.319	0.278	2.92	3.44	4.6	5.8	5.6
CAF007	02/10/2013	0.29	NA	0.323	0.319	0.277	2.62	3.28	4.6	5.8	5.65
CAF007	02/11/2013	0.29	NA	0.322	0.319	0.277	2.35	3.13	4.59	5.8	5.7
CAF007	02/12/2013	0.29	NA	0.322	0.319	0.276	2.43	3.01	4.5	5.8	5.7
CAF007	02/13/2013	0.291	NA	0.321	0.318	0.276	3.08	3.15	4.5	5.8	5.68
CAF007	02/14/2013	0.29	NA	0.321	0.318	0.276	3.2	3.38	4.5	5.8	5.6
CAF007	02/15/2013	0.288	NA	0.321	0.318	0.276	3.16	3.39	4.5	5.8	5.6
CAF007	02/16/2013	0.287	NA	0.321	0.318	0.276	3.59	3.5	4.52	5.8	5.6
CAF007	02/17/2013	0.285	NA	0.321	0.318	0.276	3.7	3.68	4.6	5.8	5.6
CAF007	02/18/2013	0.283	NA	0.321	0.318	0.275	3.4	3.68	4.64	5.84	5.6
CAF007	02/19/2013	0.28	NA	0.322	0.319	0.276	3.04	3.54	4.7	5.89	5.6
CAF007	02/20/2013	0.279	NA	0.321	0.318	0.275	3.05	3.44	4.7	5.9	5.6
CAF007	02/21/2013	0.278	NA	0.321	0.318	0.275	3	3.45	4.62	5.9	5.6
CAF007	02/22/2013	0.28	NA	0.325	0.319	0.275	2.55	3.27	4.6	5.9	5.6
CAF007	02/23/2013	0.329	NA	0.338	0.319	0.275	2.2	2.97	4.52	5.83	5.6
CAF007	02/24/2013	0.32	NA	0.334	0.32	0.276	2.23	2.94	4.48	5.82	5.6
CAF007	02/25/2013	0.316	NA	0.33	0.321	0.277	2.22	2.9	4.4	5.8	5.6
CAF007	02/26/2013	0.315	NA	0.329	0.32	0.278	2.23	2.9	4.4	5.73	5.6
CAF007	02/27/2013	0.304	NA	0.328	0.32	0.278	2.32	2.9	4.3	5.7	5.53
CAF007	02/28/2013	0.306	NA	0.329	0.321	0.278	2.75	2.97	4.3	5.7	5.5
CAF007	03/01/2013	0.33	NA	0.328	0.321	0.278	3.27	3.16	4.3	5.7	5.5
CAF007	03/02/2013	0.317	NA	0.33	0.321	0.278	4.03	3.52	4.32	5.67	5.5
CAF007	03/03/2013	0.307	NA	0.329	0.321	0.279	4.3	3.86	4.43	5.7	5.45
CAF007	03/04/2013	0.3	NA	0.329	0.321	0.279	3.67	3.86	4.55	5.7	5.4
CAF007	03/05/2013	0.294	NA	0.328	0.321	0.279	3.36	3.7	4.6	5.73	5.49
CAF007	03/06/2013	0.291	NA	0.328	0.321	0.278	3.4	3.6	4.6	5.77	5.5
CAF007	03/07/2013	0.29	NA	0.326	0.32	0.278	3.78	3.68	4.6	5.8	5.5
CAF007	03/08/2013	0.291	NA	0.325	0.319	0.277	3.96	3.88	4.63	5.8	5.5
CAF007	03/09/2013	0.289	NA	0.325	0.319	0.277	3.88	3.9	4.7	5.8	5.5
CAF007	03/10/2013	0.287	NA	0.325	0.319	0.276	3.85	3.9	4.7	5.8	5.5
CAF007	03/11/2013	0.285	NA	0.324	0.319	0.276	3.98	3.91	4.8	5.85	5.5
CAF007	03/12/2013	0.284	NA	0.324	0.319	0.276	4.44	4.1	4.8	5.9	5.5
CAF007	03/13/2013	0.284	NA	0.324	0.319	0.275	5.09	4.41	4.84	5.9	5.5
CAF007	03/14/2013	0.284	NA	0.324	0.319	0.275	5.8	4.93	4.95	5.9	5.53
CAF007	03/15/2013	0.283	NA	0.324	0.319	0.275	6.19	5.34	5.13	5.98	5.6
CAF007	03/16/2013	0.282	NA	0.324	0.319	0.275	6.24	5.66	5.32	6.06	5.6
CAF007	03/17/2013	0.279	NA	0.324	0.319	0.275	5.59	5.61	5.5	6.18	5.67
CAF007	03/18/2013	0.276	NA	0.324	0.319	0.275	4.79	5.21	5.6	6.24	5.71
CAF007	03/19/2013	0.274	NA	0.324	0.319	0.276	4.31	4.83	5.6	6.3	5.8
CAF007	03/20/2013	0.275	NA	0.324	0.32	0.276	4.7	4.64	5.51	6.39	5.8
CAF007	03/21/2013	0.278	NA	0.323	0.319	0.277	4.63	4.77	5.5	6.4	5.9
CAF007	03/22/2013	0.278	NA	0.323	0.318	0.277	4.14	4.56	5.46	6.4	5.9
CAF007	03/23/2013	0.277	NA	0.323	0.319	0.275	3.84	4.32	5.4	6.34	5.9
CAF007	03/24/2013	0.276	NA	0.323	0.319	0.275	3.9	4.2	5.31	6.3	5.9
CAF007	03/25/2013	0.275	NA	0.322	0.318	0.275	4.04	4.2	5.26	6.3	5.9
CAF007	03/26/2013	0.275	NA	0.322	0.319	0.275	4.64	4.29	5.2	6.3	5.9
CAF007	03/27/2013	0.276	NA	0.323	0.32	0.276	5.54	4.78	5.21	6.3	5.9
CAF007	03/28/2013	0.277	NA	0.323	0.32	0.276	6.3	5.33	5.33	6.27	5.9
CAF007	03/29/2013	0.277	NA	0.323	0.32	0.275	7	5.92	5.52	6.31	5.9
CAF007	03/30/2013	0.277	NA	0.324	0.32	0.274	7.32	6.34	5.73	6.4	5.9
CAF007	03/31/2013	0.277	NA	0.324	0.32	0.275	7.88	6.73	5.97	6.51	5.94
CAF007	04/01/2013	0.277	NA	0.325	0.321	0.275	8.48	7.14	6.16	6.61	6
CAF007	04/02/2013	0.277	NA	0.325	0.321	0.275	8.77	7.55	6.42	6.76	6.1
CAF007	04/03/2013	0.276	NA	0.326	0.321	0.275	8.89	7.78	6.65	6.93	6.18
CAF007	04/04/2013	0.283	NA	0.326	0.322	0.275	9.17	8.05	6.86	7.06	6.28
CAF007	04/05/2013	0.325	NA	0.327	0.322	0.275	8.91	8.17	7.05	7.23	6.38
CAF007	04/06/2013	0.308	NA	0.328	0.323	0.275	8.82	8.13	7.2	7.35	6.49
CAF007	04/07/2013	0.329	NA	0.328	0.323	0.275	8.35	8.05	7.3	7.48	6.6
CAF007	04/08/2013	0.321	NA	0.329	0.323	0.276	7.71	7.78	7.4	7.59	6.7
CAF007	04/09/2013	0.309	NA	0.33	0.324	0.276	7.31	7.48	7.4	7.64	6.79
CAF007	04/10/2013	0.302	NA	0.331	0.324	0.277	7.61	7.42	7.33	7.67	6.85
CAF007	04/11/2013	0.297	NA	0.332	0.324	0.277	7.26	7.35	7.3	7.75	6.9
CAF007	04/12/2013	0.294	NA	0.332	0.325	0.278	6.84	7.12	7.27	7.8	6.95
CAF007	04/13/2013	0.335	NA	0.332	0.325	0.278	6.95	7.06	7.28	7.8	7
CAF007	04/14/2013	0.312	NA	0.333	0.325	0.279	6.37	6.86	7.2	7.8	7
CAF007	04/15/2013	0.301	NA	0.333	0.326	0.279	6.2	6.63	7.18	7.8	7
CAF007	04/16/2013	0.295	NA	0.333	0.326	0.28	5.97	6.43	7.07	7.79	7
CAF007	04/17/2013	0.291	NA	0.333	0.326	0.28	5.95	6.29	7.01	7.7	7.01
CAF007	04/18/2013	0.288	NA	0.333	0.326	0.28	6.32	6.38	6.93	7.7	7
CAF007	04/19/2013	0.313	NA	0.332	0.326	0.28	6.6	6.5	6.9	7.7	7
CAF007	04/20/2013	0.323	NA	0.332	0.326	0.28	6.83	6.68	6.87	7.7	7
CAF007	04/21/2013	0.309	NA	0.332	0.326	0.28	6.9	6.79	6.97	7.7	7
CAF007	04/22/2013	0.302	NA	0.332	0.326	0.28	6.72	6.77	7	7.7	7
CAF007	04/23/2013	0.298	NA	0.333	0.326	0.281	6.94	6.85	7	7.7	7
CAF007	04/24/2013	0.295	NA	0.333	0.326	0.281	7.33	6.96	7.02	7.7	7
CAF007	04/25/2013	0.293	NA	0.333	0.326	0.282	8.16	7.29	7.1	7.7	7.09
CAF007	04/26/2013	0.291	NA	0.333	0.326	0.281	9.1	7.82	7.22	7.76	7.1
CAF007	04/27/2013	0.29	NA	0.333	0.326	0.281	9.78	8.41	7.35	7.82	7.1
CAF007	04/28/2013	0.287	NA	0.333	0.326	0.281	9.62	8.67	7.6	7.91	7.15
CAF007	04/29/2013	0.285	NA	0.334	0.326	0.282	9.54	8.79	7.77	8.03	7.2
CAF007	04/30/2013	0.28	NA	0.334	0.327	0.282	8.3	8.52	7.92	8.14	7.3
CAF007	05/01/2013	0.278	NA	0.334	0.327	0.282	7.74	8.03	7.98	8.22	7.38
CAF007	05/02/2013	0.278	NA	0.333	0.327	0.282	8.35	8.07	7.9	8.3	7.4
CAF007	05/03/2013	NA	NA	0.333	0.327	0.283	NA	8.56	7.9	8.33	7.5
CAF007	11/08/2013	NA	NA	0.279	0.235	0.194	NA	7.08	9.42	11.53	11.46
CAF007	11/09/2013	0.167	0.108	0.275	0.235	0.194	6	7.1	9.29	11.44	11.34
CAF007	11/10/2013	0.171	0.106	0.271	0.235	0.194	6.49	7.02	9.18	11.34	11.22
CAF007	11/11/2013	0.173	0.104	0.269	0.235	0.194	7.07	7.3	9.1	11.23	11.11
CAF007	11/12/2013	0.174	0.103	0.266	0.235	0.193	7.44	7.64	9.1	11.15	11.01
CAF007	11/13/2013	0.175	0.102	0.265	0.235	0.193	7.31	7.7	9.1	11.1	10.92
CAF007	11/14/2013	0.175	0.101	0.263	0.235	0.193	6.95	7.63	9.1	11.1	10.87
CAF007	11/15/2013	0.175	0.1	0.262	0.235	0.193	6.46	7.38	9.1	11.08	10.8
CAF007	11/16/2013	0.273	0.15	0.26	0.235	0.193	5.23	6.62	8.99	11	10.76
CAF007	11/17/2013	0.295	0.119	0.258	0.235	0.193	5.06	6.3	8.77	10.95	10.7
CAF007	11/18/2013	0.279	0.115	0.256	0.235	0.193	5.25	6.2	8.57	10.8	10.6
CAF007	11/19/2013	0.271	0.112	0.254	0.234	0.193	5.43	6.2	8.42	10.73	10.53
CAF007	11/20/2013	0.274	0.111	0.253	0.234	0.193	5.48	6.32	8.3	10.63	10.43
CAF007	11/21/2013	0.269	0.11	0.252	0.234	0.193	4.4	5.89	8.25	10.56	10.34
CAF007	11/22/2013	0.259	0.109	0.251	0.234	0.193	3.55	5.24	8.06	10.48	10.25
CAF007	11/23/2013	0.249	0.108	0.251	0.234	0.193	3.02	4.71	7.8	10.36	10.15
CAF007	11/24/2013	0.241	0.107	0.25	0.234	0.193	2.73	4.33	7.53	10.22	10.05
CAF007	11/25/2013	0.236	0.106	0.25	0.233	0.193	2.56	4.04	7.28	10.07	9.92
CAF007	11/26/2013	0.232	0.106	0.249	0.233	0.192	2.46	3.84	7.05	9.92	9.77
CAF007	11/27/2013	0.229	0.105	0.249	0.233	0.192	2.4	3.68	6.85	9.75	9.64
CAF007	11/28/2013	0.227	0.104	0.248	0.233	0.192	2.37	3.57	6.66	9.63	9.5
CAF007	11/29/2013	0.225	0.104	0.248	0.233	0.192	2.24	3.46	6.52	9.51	9.37
CAF007	11/30/2013	0.223	0.103	0.248	0.232	0.192	2.13	3.37	6.37	9.36	9.25
CAF007	12/01/2013	0.295	0.103	0.248	0.232	0.192	2.43	3.31	6.25	9.26	9.13
CAF007	12/02/2013	0.324	0.107	0.248	0.232	0.192	3.64	3.77	6.2	9.16	9
CAF007	12/03/2013	0.304	0.109	0.248	0.232	0.192	3.31	4.05	6.2	9.07	8.89
CAF007	12/04/2013	0.289	0.108	0.248	0.232	0.191	2.92	3.86	6.2	9	8.8
CAF007	12/05/2013	0.276	0.107	0.247	0.232	0.191	2.67	3.66	6.18	9	8.7
CAF007	12/06/2013	0.265	0.106	0.247	0.232	0.191	2.35	3.44	6.07	9	8.65
CAF007	12/07/2013	0.255	0.105	0.247	0.232	0.191	1.97	3.2	5.95	8.92	8.6
CAF007	12/08/2013	0.248	0.105	0.247	0.232	0.191	1.6	2.93	5.8	8.85	8.51
CAF007	12/09/2013	0.238	0.104	0.247	0.231	0.191	1.13	2.61	5.62	8.76	8.42
CAF007	12/10/2013	0.228	0.103	0.246	0.231	0.191	0.8	2.3	5.38	8.65	8.33
CAF007	12/11/2013	0.218	0.103	0.246	0.231	0.191	0.65	2.05	5.2	8.48	8.18
CAF007	12/12/2013	0.212	0.103	0.246	0.231	0.191	0.6	1.91	5	8.39	8.08
CAF007	12/13/2013	0.208	0.105	0.245	0.23	0.191	0.6	1.8	4.81	8.25	7.96
CAF007	12/14/2013	0.207	0.107	0.245	0.23	0.19	0.6	1.8	4.71	8.14	7.85
CAF007	12/15/2013	0.208	0.105	0.245	0.23	0.19	0.66	1.8	4.6	8.01	7.7
CAF007	12/16/2013	0.209	0.114	0.245	0.23	0.19	0.7	1.7	4.51	7.9	7.63
CAF007	12/17/2013	0.209	0.14	0.245	0.229	0.19	0.72	2.8	4.45	7.86	7.54
CAF007	12/18/2013	0.21	0.139	0.244	0.229	0.19	0.8	2.86	4.4	7.8	7.45
CAF007	12/19/2013	0.211	0.138	0.244	0.229	0.19	0.8	2.9	4.36	7.77	7.38
CAF007	12/20/2013	0.212	0.138	0.244	0.229	0.19	0.89	2.9	4.3	7.7	7.27
CAF007	12/21/2013	0.212	0.137	0.244	0.229	0.19	0.9	2.9	4.3	7.62	7.21
CAF007	12/22/2013	0.211	0.136	0.244	0.229	0.19	0.91	2.9	4.25	7.55	7.16
CAF007	12/23/2013	0.211	0.135	0.244	0.229	0.19	1	2.9	4.2	7.5	7.1
CAF007	12/24/2013	0.21	0.134	0.244	0.229	0.19	1	2.8	4.2	7.46	7.02
CAF007	12/25/2013	0.211	0.133	0.244	0.229	0.189	1	2.8	4.14	7.38	7
CAF007	12/26/2013	0.211	0.133	0.244	0.228	0.189	1	2.77	4.1	7.3	6.9
CAF007	12/27/2013	0.211	0.132	0.243	0.228	0.189	1	2.8	4.07	7.3	6.89
CAF007	12/28/2013	0.211	0.131	0.243	0.228	0.189	1.08	2.8	4.1	7.24	6.8
CAF007	12/29/2013	0.211	0.131	0.243	0.228	0.189	1.1	2.8	4.01	7.2	6.8
CAF007	12/30/2013	0.21	0.13	0.243	0.228	0.189	1.1	2.8	4	7.13	6.71
CAF007	12/31/2013	0.209	0.13	0.243	0.228	0.189	1.1	2.8	4	7.1	6.7
CAF007	01/01/2014	0.209	0.129	0.243	0.228	0.189	1.1	2.8	4	7.06	6.63
CAF007	01/02/2014	0.208	0.129	0.243	0.228	0.189	1.1	2.78	3.92	7	6.6
CAF007	01/03/2014	0.208	0.128	0.243	0.228	0.189	1.1	2.7	3.9	6.98	6.56
CAF007	01/04/2014	0.209	0.128	0.243	0.228	0.189	1.1	2.7	3.9	6.9	6.5
CAF007	01/05/2014	0.209	0.127	0.243	0.228	0.189	1.1	2.7	3.9	6.9	6.5
CAF007	01/06/2014	0.209	0.127	0.243	0.228	0.189	1.08	2.7	3.9	6.8	6.4
CAF007	01/07/2014	0.208	0.127	0.243	0.228	0.189	1	2.7	3.8	6.8	6.4
CAF007	01/08/2014	0.207	0.126	0.243	0.228	0.189	1	2.63	3.8	6.8	6.38
CAF007	01/09/2014	0.206	0.126	0.243	0.228	0.189	1	2.6	3.8	6.8	6.3
CAF007	01/10/2014	0.206	0.126	0.243	0.228	0.189	1	2.6	3.73	6.71	6.3
CAF007	01/11/2014	0.206	0.126	0.243	0.228	0.189	1	2.56	3.7	6.66	6.22
CAF007	01/12/2014	0.206	0.128	0.243	0.228	0.189	1	2.5	3.7	6.6	6.2
CAF007	01/13/2014	0.207	0.132	0.243	0.228	0.189	1.09	2.51	3.7	6.6	6.2
CAF007	01/14/2014	0.21	0.134	0.243	0.228	0.189	1.47	2.64	3.7	6.57	6.13
CAF007	01/15/2014	0.215	0.135	0.243	0.228	0.189	1.99	2.84	3.7	6.5	6.1
CAF007	01/16/2014	0.218	0.136	0.243	0.228	0.189	2.3	3.04	3.79	6.6	6.1
CAF007	01/17/2014	0.219	0.136	0.243	0.228	0.189	2.33	3.14	3.89	6.6	6.1
CAF007	01/18/2014	0.22	0.137	0.243	0.228	0.189	2.39	3.2	3.97	6.6	6.1
CAF007	01/19/2014	0.219	0.138	0.243	0.228	0.189	2.24	3.29	4	6.67	6.1
CAF007	01/20/2014	0.219	0.138	0.243	0.228	0.189	2	3.2	4	6.7	6.1
CAF007	01/21/2014	0.219	0.138	0.243	0.228	0.189	1.92	3.12	4	6.7	6.1
CAF007	01/22/2014	0.219	0.138	0.243	0.228	0.189	1.88	3.1	3.97	6.7	6.1
CAF007	01/23/2014	0.218	0.138	0.243	0.228	0.189	1.78	3.09	3.97	6.7	6.1
CAF007	01/24/2014	0.217	0.138	0.243	0.228	0.189	1.7	3	3.96	6.63	6.07
CAF007	01/25/2014	0.216	0.138	0.243	0.228	0.189	1.7	2.94	3.9	6.6	6
CAF007	01/26/2014	0.215	0.138	0.243	0.228	0.19	1.65	2.9	3.9	6.6	6
CAF007	01/27/2014	0.214	0.138	0.242	0.228	0.19	1.6	2.9	3.83	6.6	6
CAF007	01/28/2014	0.213	0.138	0.242	0.228	0.19	1.54	2.85	3.8	6.6	6
CAF007	01/29/2014	0.212	0.138	0.246	0.228	0.19	1.5	2.8	3.78	6.6	5.99
CAF007	01/30/2014	0.212	0.138	0.306	0.228	0.19	1.5	2.74	3.67	6.6	5.9
CAF007	01/31/2014	0.212	0.138	0.305	0.228	0.19	1.41	2.7	3.7	6.57	5.9
CAF007	02/01/2014	0.213	0.138	0.302	0.227	0.19	1.46	2.7	3.67	6.5	5.9
CAF007	02/02/2014	0.213	0.138	0.299	0.227	0.19	1.5	2.7	3.6	6.5	5.89
CAF007	02/03/2014	0.214	0.138	0.297	0.227	0.19	1.5	2.7	3.6	6.5	5.8
CAF007	02/04/2014	0.215	0.139	0.295	0.227	0.19	1.5	2.67	3.6	6.45	5.8
CAF007	02/05/2014	0.216	0.139	0.293	0.227	0.19	1.5	2.6	3.6	6.4	5.8
CAF007	02/06/2014	0.215	0.139	0.292	0.227	0.19	1.5	2.6	3.6	6.4	5.8
CAF007	02/07/2014	0.215	0.139	0.291	0.227	0.19	1.4	2.6	3.55	6.4	5.78
CAF007	02/08/2014	0.214	0.139	0.289	0.227	0.19	1.39	2.6	3.5	6.34	5.7
CAF007	02/09/2014	0.213	0.139	0.288	0.227	0.19	1.3	2.6	3.5	6.37	5.7
CAF007	02/10/2014	0.212	0.139	0.287	0.227	0.19	1.3	2.5	3.5	6.3	5.7
CAF007	02/11/2014	0.211	0.139	0.287	0.227	0.189	1.3	2.5	3.5	6.3	5.7
CAF007	02/12/2014	0.212	0.139	0.286	0.227	0.19	1.26	2.5	3.4	6.31	5.7
CAF007	02/13/2014	0.221	0.139	0.285	0.227	0.19	1.29	2.5	3.37	6.3	5.64
CAF007	02/14/2014	0.243	0.139	0.285	0.227	0.19	1.63	2.5	3.4	6.3	5.6
CAF007	02/15/2014	0.281	0.139	0.285	0.227	0.19	2.01	2.57	3.4	6.28	5.6
CAF007	02/16/2014	0.308	0.139	0.284	0.227	0.19	2.5	2.77	3.47	6.3	5.6
CAF007	02/17/2014	0.302	0.139	0.284	0.227	0.19	2.58	2.95	3.55	6.3	5.91
CAF007	02/18/2014	0.317	0.14	0.285	0.228	0.189	2.69	3.08	3.65	6.3	6.8
CAF007	02/19/2014	0.308	0.143	0.298	0.227	0.189	2.81	3.16	3.7	6.37	7.1
CAF007	02/20/2014	0.295	0.151	0.31	0.227	0.189	2.45	3.2	3.8	6.48	7.1
CAF007	02/21/2014	0.305	0.159	0.313	0.227	0.189	2.12	3.1	3.8	6.52	7.1
CAF007	02/22/2014	0.294	0.168	0.313	0.227	0.189	2.15	3	3.77	6.55	7.13
CAF007	02/23/2014	0.29	0.172	0.312	0.227	0.189	2.09	3	3.71	6.55	7.12
CAF007	02/24/2014	0.293	0.173	0.311	0.227	0.189	1.92	2.91	3.7	6.6	7.12
CAF007	02/25/2014	0.298	0.173	0.31	0.227	0.189	1.82	2.88	3.7	6.6	7.1
CAF007	02/26/2014	0.303	0.174	0.308	0.227	0.189	1.8	2.77	3.61	6.59	7.12
CAF007	02/27/2014	0.307	0.176	0.307	0.227	0.189	1.7	2.74	3.6	6.5	7.07
CAF007	02/28/2014	0.311	0.179	0.306	0.227	0.189	1.7	2.7	3.53	6.5	7.1
CAF007	03/01/2014	0.312	0.187	0.305	0.227	0.189	1.7	2.66	3.5	6.5	7.1
CAF007	03/02/2014	0.299	0.196	0.306	0.227	0.189	1.63	2.6	3.47	6.5	7.06
CAF007	03/03/2014	0.321	0.231	0.311	0.227	0.189	1.57	2.57	3.4	6.5	7.03
CAF007	03/04/2014	0.324	0.314	0.334	0.227	0.189	1.75	2.5	3.33	6.49	7.01
CAF007	03/05/2014	0.314	0.296	0.332	0.227	0.189	3	2.67	3.31	6.4	7
CAF007	03/06/2014	0.326	0.306	0.335	0.227	0.194	4.14	3.09	3.44	6.4	6.9
CAF007	03/07/2014	0.319	0.307	0.337	0.227	0.194	4.73	3.63	3.67	6.45	6.91
CAF007	03/08/2014	0.305	0.299	0.336	0.227	0.194	4.95	4.03	3.92	6.56	7
CAF007	03/09/2014	0.322	0.301	0.335	0.228	0.244	5.55	4.3	4.2	6.68	7.01
CAF007	03/10/2014	0.323	0.307	0.34	0.228	0.236	6.3	4.77	4.44	6.85	7.09
CAF007	03/11/2014	0.316	0.303	0.34	0.228	0.233	5.65	5.07	4.75	6.96	7.18
CAF007	03/12/2014	0.307	0.299	0.338	0.228	0.231	5.7	5.15	4.95	7.15	7.25
CAF007	03/13/2014	0.299	0.295	0.337	0.228	0.229	5.87	5.23	5.08	7.3	7.33
CAF007	03/14/2014	0.294	0.292	0.336	0.229	0.228	6.01	5.35	5.22	7.43	7.45
CAF007	03/15/2014	0.299	0.289	0.335	0.229	0.227	5.42	5.4	5.33	7.51	7.52
CAF007	03/16/2014	0.296	0.287	0.334	0.229	0.226	5.43	5.3	5.4	7.54	7.6
CAF007	03/17/2014	0.297	0.285	0.333	0.229	0.225	5.64	5.36	5.41	7.67	7.7
CAF007	03/18/2014	0.3	0.284	0.332	0.229	0.225	5.05	5.37	5.47	7.73	7.78
CAF007	03/19/2014	0.295	0.284	0.331	0.229	0.224	4.97	5.26	5.5	7.8	7.8
CAF007	03/20/2014	0.289	0.283	0.331	0.229	0.223	4.86	5.19	5.49	7.8	7.85
CAF007	03/21/2014	0.284	0.282	0.33	0.229	0.223	4.47	5.08	5.4	7.8	7.9
CAF007	03/22/2014	0.278	0.281	0.329	0.229	0.222	4.45	4.98	5.35	7.8	7.9
CAF007	03/23/2014	0.273	0.279	0.329	0.229	0.221	4.88	4.9	5.3	7.8	7.9
CAF007	03/24/2014	0.269	0.278	0.328	0.229	0.221	5.23	5.05	5.3	7.8	7.91
CAF007	03/25/2014	0.265	0.277	0.328	0.229	0.22	5.71	5.2	5.36	7.8	7.92
CAF007	03/26/2014	0.262	0.276	0.328	0.23	0.22	5.88	5.37	5.46	7.8	8
CAF007	03/27/2014	0.259	0.274	0.327	0.23	0.219	6.33	5.56	5.56	7.88	8
CAF007	03/28/2014	0.259	0.273	0.327	0.23	0.219	6.1	5.7	5.68	7.9	8.04
CAF007	03/29/2014	0.261	0.272	0.327	0.23	0.218	6.27	5.72	5.8	7.97	8.1
CAF007	03/30/2014	0.265	0.271	0.327	0.23	0.218	6.55	5.87	5.86	8.04	8.15
CAF007	03/31/2014	0.266	0.27	0.327	0.23	0.218	6.19	5.95	5.96	8.1	8.2
CAF007	04/01/2014	0.264	0.269	0.326	0.23	0.217	6.52	5.97	5.97	8.2	8.25
CAF007	04/02/2014	0.262	0.268	0.326	0.23	0.217	6.82	6.15	6.1	8.2	8.3
CAF007	04/03/2014	0.261	0.266	0.326	0.231	0.216	6.89	6.28	6.18	8.3	8.37
CAF007	04/04/2014	0.26	0.264	0.326	0.231	0.216	7.45	6.42	6.24	8.35	8.4
CAF007	04/05/2014	0.26	0.264	0.326	0.231	0.216	7.14	6.59	6.35	8.4	8.49
CAF007	04/06/2014	0.258	0.263	0.326	0.231	0.216	7.6	6.65	6.49	8.5	8.55
CAF007	04/07/2014	0.257	0.262	0.326	0.231	0.216	8.02	6.83	6.58	8.54	8.59
CAF007	04/08/2014	0.255	0.261	0.326	0.232	0.215	9.48	7.11	6.72	8.6	8.66
CAF007	04/09/2014	0.254	0.261	0.326	0.232	0.215	10.39	7.64	6.91	8.65	8.72
CAF007	04/10/2014	0.252	0.26	0.327	0.232	0.215	10.22	8.02	7.16	8.75	8.8
CAF007	04/11/2014	NA	NA	NA	NA	NA	NA	NA	NA	NA	NA
