CAF119	10/05/2011	0.169	0.186	0.214	NA	NA	14.74	14.82	15.06	NA	NA
CAF119	10/06/2011	0.17	0.148	0.213	NA	NA	13.1	13.97	14.91	NA	NA
CAF119	10/07/2011	0.172	0.186	0.212	NA	NA	12.21	13.95	14.66	NA	NA
CAF119	10/08/2011	0.172	0.186	0.212	NA	NA	11.94	13.54	14.36	NA	NA
CAF119	10/09/2011	0.173	0.185	0.211	NA	NA	12.14	13.24	14.1	NA	NA
CAF119	10/10/2011	0.173	0.185	0.211	NA	NA	12.16	13.08	13.89	NA	NA
CAF119	10/11/2011	0.173	0.185	0.21	NA	NA	11.97	12.92	13.72	NA	NA
CAF119	10/12/2011	0.173	0.185	0.21	NA	NA	11.61	12.75	13.55	NA	NA
CAF119	10/13/2011	0.172	0.184	0.21	NA	NA	11.37	12.53	13.42	NA	NA
CAF119	10/14/2011	0.173	0.184	0.21	NA	NA	11.57	12.39	13.26	NA	NA
CAF119	10/15/2011	0.173	0.184	0.209	NA	NA	11.74	12.3	13.14	NA	NA
CAF119	10/16/2011	0.173	0.184	0.209	NA	NA	11.65	12.3	13.06	NA	NA
CAF119	10/17/2011	0.172	0.183	0.209	NA	NA	10.78	12.15	12.97	NA	NA
CAF119	10/18/2011	0.172	0.183	0.209	NA	NA	10.53	11.86	12.83	NA	NA
CAF119	10/19/2011	0.172	0.183	0.209	NA	NA	10.61	11.66	12.65	NA	NA
CAF119	10/20/2011	0.172	0.183	0.208	NA	NA	10.75	11.58	12.53	NA	NA
CAF119	10/21/2011	0.172	0.182	0.208	NA	NA	11.1	11.57	12.42	NA	NA
CAF119	10/22/2011	0.172	0.183	0.208	NA	NA	11.25	11.6	12.4	NA	NA
CAF119	10/23/2011	0.173	0.183	0.208	NA	NA	11.42	11.6	12.35	NA	NA
CAF119	10/24/2011	0.172	0.182	0.208	NA	NA	11.24	11.7	12.3	NA	NA
CAF119	10/25/2011	0.172	0.182	0.208	NA	NA	10	11.51	12.3	NA	NA
CAF119	10/26/2011	0.171	0.181	0.207	NA	NA	8.9	11.12	12.17	NA	NA
CAF119	10/27/2011	0.17	0.181	0.207	NA	NA	8.51	10.65	11.94	NA	NA
CAF119	10/28/2011	0.17	0.18	0.207	NA	NA	7.98	10.31	11.7	NA	NA
CAF119	10/29/2011	0.171	0.18	0.206	NA	NA	8.3	10.03	11.48	NA	NA
CAF119	10/30/2011	0.171	0.18	0.206	NA	NA	8.3	9.96	11.32	NA	NA
CAF119	10/31/2011	0.171	0.179	0.206	NA	NA	8.84	9.9	11.19	NA	NA
CAF119	11/01/2011	0.17	0.179	0.206	NA	NA	7.76	9.85	11.1	NA	NA
CAF119	11/02/2011	0.17	0.179	0.206	NA	NA	6.78	9.52	10.98	NA	NA
CAF119	11/03/2011	0.17	0.178	0.205	NA	NA	6.53	9.12	10.77	NA	NA
CAF119	11/04/2011	0.17	0.178	0.205	NA	NA	6.6	8.87	10.55	NA	NA
CAF119	11/05/2011	0.169	0.178	0.205	NA	NA	5.75	8.65	10.36	NA	NA
CAF119	11/06/2011	0.169	0.177	0.204	NA	NA	5.34	8.3	10.16	NA	NA
CAF119	11/07/2011	0.169	0.177	0.204	NA	NA	5.01	8.01	9.93	NA	NA
CAF119	11/08/2011	0.169	0.177	0.204	NA	NA	4.98	7.72	9.72	NA	NA
CAF119	11/09/2011	0.169	0.176	0.203	NA	NA	5.35	7.6	9.54	NA	NA
CAF119	11/10/2011	0.169	0.176	0.203	NA	NA	5.42	7.59	9.4	NA	NA
CAF119	11/11/2011	0.169	0.177	0.203	NA	NA	5.42	7.5	9.3	NA	NA
CAF119	11/12/2011	0.17	0.195	0.203	NA	NA	5.19	7.41	9.2	NA	NA
CAF119	11/13/2011	0.175	0.198	0.203	NA	NA	4.73	7.18	9.07	NA	NA
CAF119	11/14/2011	0.18	0.196	0.202	NA	NA	4.93	7	8.94	NA	NA
CAF119	11/15/2011	0.181	0.194	0.202	NA	NA	4.48	6.97	8.83	NA	NA
CAF119	11/16/2011	0.181	0.192	0.202	NA	NA	3.74	6.72	8.72	NA	NA
CAF119	11/17/2011	0.182	0.19	0.202	NA	NA	3.31	6.36	8.53	NA	NA
CAF119	11/18/2011	0.182	0.188	0.201	NA	NA	3.48	6.12	8.33	NA	NA
CAF119	11/19/2011	0.183	0.187	0.2	NA	NA	3.61	6.01	8.16	NA	NA
CAF119	11/20/2011	0.184	0.187	0.2	NA	NA	3.7	5.98	8.05	NA	NA
CAF119	11/21/2011	0.184	0.186	0.2	NA	NA	3.7	5.9	7.95	NA	NA
CAF119	11/22/2011	0.191	0.223	0.2	NA	NA	3.43	5.64	7.81	NA	NA
CAF119	11/23/2011	0.199	0.333	0.2	NA	NA	4.52	5.68	7.64	NA	NA
CAF119	11/24/2011	0.207	0.358	0.201	NA	NA	5.04	6.02	7.65	NA	NA
CAF119	11/25/2011	0.214	0.364	0.201	NA	NA	4.92	6.2	7.7	NA	NA
CAF119	11/26/2011	0.22	0.366	0.202	NA	NA	4.27	6.2	7.74	NA	NA
CAF119	11/27/2011	0.223	0.367	0.203	NA	NA	3.96	6.04	7.69	NA	NA
CAF119	11/28/2011	0.225	0.368	0.203	NA	NA	4.31	5.9	7.6	NA	NA
CAF119	11/29/2011	0.227	0.368	0.204	NA	NA	4.34	5.9	7.51	NA	NA
CAF119	11/30/2011	0.228	0.369	0.204	NA	NA	4.38	5.9	7.5	NA	NA
CAF119	12/01/2011	0.228	0.369	0.205	NA	NA	3.92	5.87	7.46	NA	NA
CAF119	12/02/2011	0.228	0.369	0.205	NA	NA	3.45	5.7	7.38	NA	NA
CAF119	12/03/2011	0.229	0.369	0.206	NA	NA	3.11	5.48	7.25	NA	NA
CAF119	12/04/2011	0.228	0.368	0.206	NA	NA	2.81	5.27	7.12	NA	NA
CAF119	12/05/2011	0.228	0.368	0.206	NA	NA	2.6	5.06	6.96	NA	NA
CAF119	12/06/2011	0.228	0.368	0.207	NA	NA	2.43	4.88	6.83	NA	NA
CAF119	12/07/2011	0.228	0.369	0.207	NA	NA	2.3	4.73	6.68	NA	NA
CAF119	12/08/2011	0.228	0.369	0.207	NA	NA	2.17	4.58	6.56	NA	NA
CAF119	12/09/2011	0.227	0.368	0.208	NA	NA	2.04	4.46	6.45	NA	NA
CAF119	12/10/2011	0.227	0.369	0.208	NA	NA	2	4.34	6.33	NA	NA
CAF119	12/11/2011	0.227	0.369	0.208	NA	NA	1.92	4.25	6.22	NA	NA
CAF119	12/12/2011	0.227	0.368	0.208	NA	NA	1.85	4.17	6.13	NA	NA
CAF119	12/13/2011	0.226	0.368	0.208	NA	NA	1.8	4.1	6.05	NA	NA
CAF119	12/14/2011	0.226	0.368	0.209	NA	NA	1.8	4	5.96	NA	NA
CAF119	12/15/2011	0.226	0.368	0.209	NA	NA	1.8	3.96	5.89	NA	NA
CAF119	12/16/2011	0.226	0.368	0.209	NA	NA	1.8	3.9	5.8	NA	NA
CAF119	12/17/2011	0.226	0.367	0.21	NA	NA	1.8	3.88	5.75	NA	NA
CAF119	12/18/2011	0.226	0.367	0.21	NA	NA	1.83	3.8	5.7	NA	NA
CAF119	12/19/2011	0.226	0.367	0.21	NA	NA	1.9	3.8	5.62	NA	NA
CAF119	12/20/2011	0.226	0.366	0.21	NA	NA	1.9	3.8	5.6	NA	NA
CAF119	12/21/2011	0.226	0.366	0.21	NA	NA	1.9	3.8	5.55	NA	NA
CAF119	12/22/2011	0.226	0.366	0.21	NA	NA	1.85	3.74	5.5	NA	NA
CAF119	12/23/2011	0.226	0.365	0.211	NA	NA	1.7	3.7	5.5	NA	NA
CAF119	12/24/2011	0.226	0.365	0.211	NA	NA	1.6	3.62	5.4	NA	NA
CAF119	12/25/2011	0.225	0.365	0.211	NA	NA	1.6	3.57	5.37	NA	NA
CAF119	12/26/2011	0.225	0.365	0.211	NA	NA	1.6	3.5	5.3	NA	NA
CAF119	12/27/2011	0.225	0.365	0.212	NA	NA	1.6	3.5	5.26	NA	NA
CAF119	12/28/2011	0.229	0.362	0.214	NA	NA	1.63	3.44	5.2	NA	NA
CAF119	12/29/2011	0.237	0.425	0.309	NA	NA	2.32	3.37	5.1	NA	NA
CAF119	12/30/2011	0.244	0.455	0.392	NA	NA	2.99	3.52	5.02	NA	NA
CAF119	12/31/2011	0.237	0.449	0.382	NA	NA	2.98	3.8	5.14	NA	NA
CAF119	01/01/2012	0.236	0.444	0.378	NA	NA	2.55	3.9	5.23	NA	NA
CAF119	01/02/2012	0.236	0.44	0.376	NA	NA	2.46	3.9	5.3	NA	NA
CAF119	01/03/2012	0.236	0.437	0.374	NA	NA	2.6	3.9	5.3	NA	NA
CAF119	01/04/2012	0.236	0.434	0.372	NA	NA	2.96	3.91	5.3	NA	NA
CAF119	01/05/2012	0.236	0.432	0.371	NA	NA	3.61	4.05	5.3	NA	NA
CAF119	01/06/2012	0.236	0.43	0.37	NA	NA	3.3	4.2	5.35	NA	NA
CAF119	01/07/2012	0.236	0.428	0.369	NA	NA	2.88	4.2	5.4	NA	NA
CAF119	01/08/2012	0.236	0.426	0.368	NA	NA	2.89	4.11	5.4	NA	NA
CAF119	01/09/2012	0.236	0.425	0.367	NA	NA	2.98	4.1	5.4	NA	NA
CAF119	01/10/2012	0.236	0.423	0.366	NA	NA	3.1	4.1	5.4	NA	NA
CAF119	01/11/2012	0.236	0.422	0.365	NA	NA	2.81	4.1	5.4	NA	NA
CAF119	01/12/2012	0.235	0.421	0.364	NA	NA	2.41	4.03	5.31	NA	NA
CAF119	01/13/2012	0.235	0.42	0.363	NA	NA	2.16	3.86	5.29	NA	NA
CAF119	01/14/2012	0.235	0.418	0.362	NA	NA	2.02	3.74	5.2	NA	NA
CAF119	01/15/2012	0.234	0.418	0.362	NA	NA	2	3.62	5.11	NA	NA
CAF119	01/16/2012	0.234	0.417	0.361	NA	NA	1.9	3.53	5.03	NA	NA
CAF119	01/17/2012	0.234	0.416	0.361	NA	NA	1.9	3.49	4.98	NA	NA
CAF119	01/18/2012	0.234	0.415	0.36	NA	NA	1.9	3.4	4.9	NA	NA
CAF119	01/19/2012	0.234	0.415	0.362	NA	NA	1.89	3.4	4.86	NA	NA
CAF119	01/20/2012	0.235	NA	0.398	NA	NA	1.64	NA	4.55	NA	NA
CAF119	11/03/2012	0.26	0.228	0.283	0.174	NA	10.33	10.8	11.2	11.8	NA
CAF119	11/04/2012	0.259	0.227	0.283	0.174	NA	10.35	10.73	11.2	11.8	NA
CAF119	11/05/2012	0.259	0.227	0.283	0.174	NA	10.58	10.77	11.2	11.72	NA
CAF119	11/06/2012	0.258	0.228	0.283	0.174	NA	10.87	10.87	11.2	11.7	NA
CAF119	11/07/2012	0.258	0.228	0.283	0.174	NA	11	10.98	11.2	11.7	NA
CAF119	11/08/2012	0.255	0.227	0.282	0.174	NA	9.81	10.88	11.2	11.7	NA
CAF119	11/09/2012	0.253	0.227	0.282	0.174	NA	8.3	10.3	11.11	11.67	NA
CAF119	11/10/2012	0.253	0.227	0.282	0.174	NA	7.27	9.62	10.82	11.58	NA
CAF119	11/11/2012	0.252	0.226	0.281	0.173	NA	6.38	9	10.48	11.45	NA
CAF119	11/12/2012	0.251	0.225	0.28	0.174	NA	5.67	8.42	10.12	11.27	NA
CAF119	11/13/2012	0.267	0.268	0.278	0.175	NA	5.03	7.76	9.73	11.08	NA
CAF119	11/14/2012	0.292	0.408	0.279	0.174	NA	4.64	7.17	9.27	10.85	NA
CAF119	11/15/2012	0.283	0.416	0.28	0.173	NA	5.1	7.06	8.94	10.61	NA
CAF119	11/16/2012	0.279	0.413	0.284	0.173	NA	5.65	7.17	8.76	10.41	NA
CAF119	11/17/2012	0.276	0.41	0.288	0.173	NA	6.07	7.32	8.7	10.24	NA
CAF119	11/18/2012	0.277	0.409	0.294	0.173	NA	6.32	7.47	8.7	10.08	NA
CAF119	11/19/2012	0.296	0.42	0.296	0.173	NA	6.08	7.47	8.68	9.97	NA
CAF119	11/20/2012	0.307	0.439	0.305	0.173	NA	6.45	7.4	8.58	9.9	NA
CAF119	11/21/2012	0.304	0.439	0.361	0.173	NA	6.96	7.55	8.5	9.8	NA
CAF119	11/22/2012	0.294	0.434	0.373	0.172	NA	6.45	7.67	8.56	9.71	NA
CAF119	11/23/2012	0.288	0.43	0.375	0.173	NA	5.84	7.48	8.52	9.7	NA
CAF119	11/24/2012	0.302	0.435	0.373	0.173	NA	5.81	7.24	8.4	9.6	NA
CAF119	11/25/2012	0.296	0.437	0.378	0.172	NA	5.99	7.2	8.26	9.51	NA
CAF119	11/26/2012	0.29	0.434	0.381	0.172	NA	5.59	7.12	8.2	9.42	NA
CAF119	11/27/2012	0.286	0.431	0.381	0.172	NA	4.99	6.88	8.07	9.33	NA
CAF119	11/28/2012	0.283	0.428	0.381	0.172	NA	4.88	6.64	7.93	9.23	NA
CAF119	11/29/2012	0.282	0.425	0.38	0.172	NA	5.12	6.5	7.75	9.12	NA
CAF119	11/30/2012	0.287	0.424	0.377	0.172	NA	5.75	6.57	7.65	9	NA
CAF119	12/01/2012	0.292	0.424	0.377	0.172	NA	6.41	6.81	7.64	8.9	NA
CAF119	12/02/2012	0.316	0.449	0.395	0.173	NA	6.42	6.95	7.7	8.87	NA
CAF119	12/03/2012	0.301	0.444	0.398	0.172	NA	6.15	7	7.7	8.8	NA
CAF119	12/04/2012	0.305	0.449	0.395	0.173	NA	6.05	6.96	7.7	8.8	NA
CAF119	12/05/2012	0.308	0.452	0.399	0.173	NA	6.31	6.93	7.7	8.74	NA
CAF119	12/06/2012	0.301	0.449	0.399	0.173	NA	5.9	6.98	7.7	8.7	NA
CAF119	12/07/2012	0.306	0.454	0.398	0.173	NA	5.13	6.73	7.65	8.7	NA
CAF119	12/08/2012	0.305	0.462	0.407	0.183	NA	4.53	6.33	7.47	8.6	NA
CAF119	12/09/2012	0.296	0.456	0.404	0.198	NA	4.23	6.11	7.3	8.52	NA
CAF119	12/10/2012	0.293	0.451	0.398	0.201	NA	3.97	5.89	7.14	8.42	NA
CAF119	12/11/2012	0.292	0.447	0.395	0.202	NA	3.8	5.69	6.97	8.28	NA
CAF119	12/12/2012	0.301	0.452	0.392	0.203	NA	3.65	5.51	6.82	8.17	NA
CAF119	12/13/2012	0.304	0.458	0.398	0.203	NA	3.5	5.33	6.65	8.05	NA
CAF119	12/14/2012	0.3	0.458	0.403	0.205	NA	3.45	5.19	6.51	7.93	NA
CAF119	12/15/2012	0.295	0.456	0.403	0.207	NA	3.4	5.1	6.37	7.8	NA
CAF119	12/16/2012	0.294	0.454	0.401	0.207	NA	3.4	5	6.26	7.62	NA
CAF119	12/17/2012	0.303	0.465	0.4	0.208	NA	3.3	4.91	6.17	7.52	NA
CAF119	12/18/2012	0.301	0.472	0.409	0.211	NA	3.1	4.73	6.03	7.42	NA
CAF119	12/19/2012	0.292	0.465	0.407	0.212	NA	3.05	4.7	5.93	7.31	NA
CAF119	12/20/2012	0.289	0.46	0.405	0.212	NA	2.99	4.61	5.85	7.21	NA
CAF119	12/21/2012	0.286	0.457	0.403	0.212	NA	2.9	4.56	5.78	7.12	NA
CAF119	12/22/2012	0.285	0.454	0.401	0.212	NA	2.9	4.5	5.7	7.05	NA
CAF119	12/23/2012	0.285	0.453	0.4	0.212	NA	2.9	4.43	5.6	6.97	NA
CAF119	12/24/2012	0.288	0.451	0.395	0.211	NA	2.9	4.4	5.54	6.9	NA
CAF119	12/25/2012	0.289	0.449	0.396	0.211	NA	2.88	4.3	5.5	6.8	NA
CAF119	12/26/2012	0.289	0.448	0.395	0.211	NA	2.82	4.3	5.41	6.75	NA
CAF119	12/27/2012	0.289	0.448	0.394	0.211	NA	2.82	4.3	5.4	6.7	NA
CAF119	12/28/2012	0.29	0.447	0.393	0.211	NA	2.82	4.2	5.3	6.6	NA
CAF119	12/29/2012	0.29	0.446	0.394	0.211	NA	2.8	4.2	5.3	6.57	NA
CAF119	12/30/2012	0.29	0.446	0.394	0.211	NA	2.8	4.2	5.2	6.5	NA
CAF119	12/31/2012	0.289	0.446	0.394	0.211	NA	2.8	4.13	5.2	6.45	NA
CAF119	01/01/2013	0.289	0.446	0.394	0.211	NA	2.8	4.1	5.16	6.4	NA
CAF119	01/02/2013	0.288	0.445	0.394	0.211	NA	2.8	4.1	5.1	6.37	NA
CAF119	01/03/2013	0.287	0.445	0.395	0.211	NA	2.76	4.1	5.1	6.3	NA
CAF119	01/04/2013	0.285	0.445	0.395	0.211	NA	2.7	4	5.04	6.28	NA
CAF119	01/05/2013	0.284	0.445	0.395	0.211	NA	2.6	4	5	6.2	NA
CAF119	01/06/2013	0.283	0.444	0.395	0.211	NA	2.6	3.93	4.96	6.2	NA
CAF119	01/07/2013	0.282	0.443	0.392	0.211	NA	2.6	3.9	4.9	6.1	NA
CAF119	01/08/2013	0.284	0.447	0.39	0.21	NA	2.58	3.87	4.86	6.1	NA
CAF119	01/09/2013	0.312	0.474	0.403	0.214	NA	2.41	3.7	4.77	5.98	NA
CAF119	01/10/2013	0.302	0.475	0.412	0.221	NA	2.3	3.5	4.6	5.85	NA
CAF119	01/11/2013	0.294	0.469	0.407	0.219	NA	2.31	3.53	4.52	5.78	NA
CAF119	01/12/2013	0.291	0.465	0.405	0.218	NA	2.4	3.6	4.5	5.7	NA
CAF119	01/13/2013	0.288	0.463	0.404	0.217	NA	2.36	3.6	4.5	5.7	NA
CAF119	01/14/2013	0.285	0.46	0.403	0.217	NA	2.3	3.51	4.5	5.62	NA
CAF119	01/15/2013	0.283	0.457	0.402	0.216	NA	2.3	3.5	4.5	5.6	NA
CAF119	01/16/2013	0.282	0.455	0.401	0.216	NA	2.3	3.5	4.41	5.6	NA
CAF119	01/17/2013	0.28	0.454	0.401	0.216	NA	2.3	3.5	4.4	5.55	NA
CAF119	01/18/2013	0.279	0.453	0.401	0.216	NA	2.24	3.49	4.4	5.5	NA
CAF119	01/19/2013	0.277	0.451	0.401	0.216	NA	2.2	3.4	4.37	5.5	NA
CAF119	01/20/2013	0.275	0.45	0.4	0.216	NA	2.2	3.4	4.3	5.46	NA
CAF119	01/21/2013	0.272	0.449	0.4	0.216	NA	2.17	3.4	4.3	5.4	NA
CAF119	01/22/2013	0.27	0.447	0.4	0.215	NA	2.1	3.36	4.3	5.4	NA
CAF119	01/23/2013	0.269	0.446	0.398	0.215	NA	2.09	3.3	4.2	5.35	NA
CAF119	01/24/2013	0.268	0.445	0.398	0.215	NA	2.09	3.3	4.2	5.3	NA
CAF119	01/25/2013	0.288	0.446	0.395	0.215	NA	2.05	3.28	4.2	5.3	NA
CAF119	01/26/2013	0.313	0.477	0.403	0.216	NA	1.9	3.15	4.1	5.28	NA
CAF119	01/27/2013	0.302	0.473	0.413	0.221	NA	1.95	3.1	4.01	5.2	NA
CAF119	01/28/2013	0.3	0.468	0.409	0.221	NA	2	3.1	4	5.14	NA
CAF119	01/29/2013	0.297	0.466	0.406	0.219	NA	2	3.1	4	5.1	NA
CAF119	01/30/2013	0.316	0.491	0.419	0.231	NA	1.85	2.87	3.85	5.06	NA
CAF119	01/31/2013	0.31	0.478	0.415	0.23	NA	2.05	2.85	3.7	4.92	NA
CAF119	02/01/2013	0.304	0.47	0.411	0.225	NA	2.76	3.1	3.78	4.9	NA
CAF119	02/02/2013	0.3	0.467	0.409	0.224	NA	3.05	3.36	3.87	4.9	NA
CAF119	02/03/2013	0.297	0.464	0.407	0.223	NA	3.11	3.51	3.99	4.9	NA
CAF119	02/04/2013	0.295	0.461	0.406	0.222	NA	3.34	3.63	4.07	4.96	NA
CAF119	02/05/2013	0.294	0.458	0.405	0.222	NA	3.65	3.77	4.14	5	NA
CAF119	02/06/2013	0.292	0.456	0.404	0.221	NA	3.64	3.9	4.23	5	NA
CAF119	02/07/2013	0.291	0.455	0.402	0.221	NA	3.53	3.99	4.3	5.09	NA
CAF119	02/08/2013	0.29	0.453	0.4	0.22	NA	3.35	3.98	4.37	5.1	NA
CAF119	02/09/2013	0.289	0.453	0.402	0.22	NA	3.09	3.89	4.4	5.1	NA
CAF119	02/10/2013	0.289	0.453	0.402	0.22	NA	2.85	3.79	4.35	5.12	NA
CAF119	02/11/2013	0.288	0.452	0.402	0.22	NA	2.64	3.68	4.3	5.14	NA
CAF119	02/12/2013	0.289	0.45	0.401	0.219	NA	2.65	3.6	4.26	5.1	NA
CAF119	02/13/2013	0.29	0.449	0.4	0.219	NA	3.18	3.62	4.2	5.1	NA
CAF119	02/14/2013	0.29	0.449	0.4	0.219	NA	3.38	3.77	4.22	5.1	NA
CAF119	02/15/2013	0.289	0.448	0.4	0.219	NA	3.35	3.8	4.3	5.1	NA
CAF119	02/16/2013	0.289	0.447	0.399	0.219	NA	3.75	3.93	4.3	5.1	NA
CAF119	02/17/2013	0.288	0.446	0.399	0.219	NA	3.82	4.06	4.38	5.1	NA
CAF119	02/18/2013	0.287	0.447	0.4	0.219	NA	3.52	4.1	4.4	5.1	NA
CAF119	02/19/2013	0.286	0.445	0.398	0.219	NA	3.18	3.99	4.4	5.2	NA
CAF119	02/20/2013	0.285	0.446	0.399	0.219	NA	3.15	3.9	4.4	5.2	NA
CAF119	02/21/2013	0.285	0.445	0.398	0.219	NA	3.17	3.9	4.4	5.2	NA
CAF119	02/22/2013	0.285	0.452	0.396	0.219	NA	2.82	3.79	4.38	5.15	NA
CAF119	02/23/2013	0.298	0.47	0.402	0.22	NA	2.52	3.59	4.3	5.1	NA
CAF119	02/24/2013	0.308	0.467	0.403	0.22	NA	2.45	3.5	4.2	5.1	NA
CAF119	02/25/2013	0.312	0.472	0.403	0.221	NA	2.37	3.43	4.15	5.1	NA
CAF119	02/26/2013	0.306	0.474	0.41	0.222	NA	2.4	3.36	4.1	5	NA
CAF119	02/27/2013	0.3	0.469	0.409	0.223	NA	2.49	3.3	4	5	NA
CAF119	02/28/2013	0.304	0.469	0.403	0.222	NA	2.88	3.38	4	4.93	NA
CAF119	03/01/2013	0.312	0.474	0.405	0.223	NA	3.3	3.51	4	4.9	NA
CAF119	03/02/2013	0.306	0.47	0.408	0.224	NA	4.06	3.77	4.06	4.9	NA
CAF119	03/03/2013	0.302	0.466	0.408	0.224	NA	4.34	4.05	4.17	4.9	NA
CAF119	03/04/2013	0.298	0.464	0.407	0.223	NA	3.8	4.17	4.3	4.93	NA
CAF119	03/05/2013	0.294	0.463	0.407	0.223	NA	3.55	4.08	4.39	5	NA
CAF119	03/06/2013	0.293	0.46	0.403	0.222	NA	3.49	4	4.37	5	NA
CAF119	03/07/2013	0.293	0.461	0.402	0.222	NA	3.81	4	4.3	5	NA
CAF119	03/08/2013	0.294	0.459	0.404	0.222	NA	4.11	4.15	4.4	5	NA
CAF119	03/09/2013	0.293	0.457	0.403	0.222	NA	4.17	4.26	4.43	5.04	NA
CAF119	03/10/2013	0.292	0.455	0.402	0.221	NA	4.14	4.3	4.5	5.1	NA
CAF119	03/11/2013	0.29	0.454	0.401	0.221	NA	4.18	4.3	4.5	5.1	NA
CAF119	03/12/2013	0.29	0.452	0.4	0.221	NA	4.63	4.45	4.58	5.1	NA
CAF119	03/13/2013	0.29	0.45	0.4	0.221	NA	5.31	4.66	4.65	5.16	NA
CAF119	03/14/2013	0.289	0.45	0.4	0.221	NA	6.12	5.02	4.78	5.2	NA
CAF119	03/15/2013	0.289	0.448	0.4	0.221	NA	6.47	5.37	4.98	5.28	NA
CAF119	03/16/2013	0.288	0.447	0.399	0.221	NA	6.54	5.63	5.17	5.35	NA
CAF119	03/17/2013	0.286	0.445	0.398	0.221	NA	5.74	5.67	5.34	5.46	NA
CAF119	03/18/2013	0.283	0.446	0.399	0.221	NA	4.77	5.42	5.4	5.56	NA
CAF119	03/19/2013	0.281	0.447	0.4	0.221	NA	4.31	5.12	5.32	5.6	NA
CAF119	03/20/2013	0.283	0.445	0.396	0.221	NA	4.65	4.92	5.22	5.6	NA
CAF119	03/21/2013	0.284	0.448	0.397	0.221	NA	4.63	4.99	5.2	5.6	NA
CAF119	03/22/2013	0.284	0.447	0.397	0.221	NA	4.08	4.85	5.17	5.6	NA
CAF119	03/23/2013	0.283	0.447	0.397	0.221	NA	3.84	4.66	5.1	5.6	NA
CAF119	03/24/2013	0.282	0.446	0.398	0.221	NA	3.95	4.58	5.02	5.57	NA
CAF119	03/25/2013	0.281	0.445	0.398	0.221	NA	4.1	4.55	5	5.5	NA
CAF119	03/26/2013	0.282	0.444	0.398	0.221	NA	4.7	4.62	4.95	5.5	NA
CAF119	03/27/2013	0.283	0.442	0.397	0.221	NA	5.75	4.91	5	5.5	NA
CAF119	03/28/2013	0.283	0.441	0.396	0.221	NA	6.6	5.34	5.14	5.5	NA
CAF119	03/29/2013	0.283	0.44	0.397	0.221	NA	7.28	5.8	5.34	5.54	NA
CAF119	03/30/2013	0.283	0.439	0.397	0.22	NA	7.57	6.17	5.57	5.63	NA
CAF119	03/31/2013	0.281	0.438	0.397	0.221	NA	8.13	6.5	5.8	5.75	NA
CAF119	04/01/2013	0.28	0.437	0.396	0.221	NA	8.76	6.87	6.03	5.89	NA
CAF119	04/02/2013	0.279	0.436	0.396	0.221	NA	9.04	7.23	6.29	6.08	NA
CAF119	04/03/2013	0.278	0.435	0.397	0.221	NA	9.11	7.48	6.52	6.24	NA
CAF119	04/04/2013	0.279	0.433	0.394	0.221	NA	9.32	7.69	6.72	6.39	NA
CAF119	04/05/2013	0.292	0.438	0.392	0.221	NA	9.05	7.8	6.91	6.54	NA
CAF119	04/06/2013	0.291	0.438	0.392	0.221	NA	8.9	7.8	7.03	6.66	NA
CAF119	04/07/2013	0.3	0.445	0.39	0.221	NA	8.43	7.78	7.1	6.78	NA
CAF119	04/08/2013	0.305	0.45	0.391	0.221	NA	7.85	7.62	7.1	6.87	NA
CAF119	04/09/2013	0.301	0.449	0.393	0.221	NA	7.59	7.43	7.1	6.9	NA
CAF119	04/10/2013	0.299	0.447	0.393	0.221	NA	7.91	7.38	7.1	6.98	NA
CAF119	04/11/2013	0.297	0.446	0.393	0.221	NA	7.58	7.37	7.1	7	NA
CAF119	04/12/2013	0.295	0.445	0.393	0.221	NA	7.17	7.22	7.01	7	NA
CAF119	04/13/2013	0.305	0.45	0.39	0.221	NA	7.18	7.1	7	7	NA
CAF119	04/14/2013	0.302	0.452	0.392	0.221	NA	6.59	6.97	6.94	7	NA
CAF119	04/15/2013	0.299	0.451	0.393	0.221	NA	6.48	6.78	6.87	7	NA
CAF119	04/16/2013	0.296	0.451	0.394	0.221	NA	6.27	6.66	6.78	7	NA
CAF119	04/17/2013	0.294	0.45	0.395	0.221	NA	6.16	6.53	6.7	6.94	NA
CAF119	04/18/2013	0.292	0.448	0.395	0.222	NA	6.51	6.5	6.6	6.9	NA
CAF119	04/19/2013	0.295	0.449	0.392	0.221	NA	6.76	6.57	6.6	6.9	NA
CAF119	04/20/2013	0.303	0.453	0.392	0.222	NA	7.01	6.67	6.6	6.9	NA
CAF119	04/21/2013	0.302	0.451	0.392	0.222	NA	7.09	6.78	6.67	6.9	NA
CAF119	04/22/2013	0.3	0.45	0.392	0.222	NA	6.94	6.8	6.7	6.9	NA
CAF119	04/23/2013	0.299	0.448	0.394	0.222	NA	7.23	6.87	6.7	6.9	NA
CAF119	04/24/2013	0.298	0.447	0.395	0.222	NA	7.61	6.97	6.78	6.9	NA
CAF119	04/25/2013	0.297	0.445	0.395	0.222	NA	8.25	7.18	6.85	6.91	NA
CAF119	04/26/2013	0.296	0.443	0.395	0.222	NA	9.08	7.52	6.98	7	NA
CAF119	04/27/2013	0.295	0.441	0.395	0.222	NA	9.76	7.96	7.17	7.05	NA
CAF119	04/28/2013	0.291	0.439	0.395	0.222	NA	9.63	8.25	7.41	7.15	NA
CAF119	04/29/2013	0.289	0.437	0.393	0.222	NA	9.5	8.37	7.57	7.27	NA
CAF119	04/30/2013	0.285	0.436	0.393	0.222	NA	8.4	8.3	7.7	7.38	NA
CAF119	05/01/2013	0.282	0.435	0.393	0.222	NA	7.85	7.97	7.7	7.47	NA
CAF119	05/02/2013	0.281	0.434	0.393	0.222	NA	8.42	7.87	7.6	7.5	NA
CAF119	05/03/2013	NA	NA	NA	NA	NA	NA	NA	NA	NA	NA
CAF119	08/26/2013	0.202	0.185	0.198	0.152	NA	19.47	17.73	16.54	15.44	NA
CAF119	08/27/2013	0.203	0.187	0.2	0.152	NA	19.47	17.85	16.7	15.6	NA
CAF119	08/28/2013	0.203	0.187	0.2	0.152	NA	19.52	17.7	16.62	15.6	NA
CAF119	08/29/2013	0.203	0.187	0.2	0.152	NA	19.58	17.7	16.6	15.6	NA
CAF119	08/30/2013	0.203	0.187	0.2	0.152	NA	19.4	17.67	16.6	15.6	NA
CAF119	08/31/2013	0.203	0.187	0.2	0.152	NA	19.35	17.59	16.59	15.6	NA
CAF119	09/01/2013	0.203	0.187	0.2	0.152	NA	19.63	17.59	16.5	15.6	NA
CAF119	09/02/2013	0.203	0.187	0.2	0.152	NA	19.61	17.67	16.53	15.6	NA
CAF119	09/03/2013	0.202	0.187	0.2	0.152	NA	19.15	17.6	16.6	15.6	NA
CAF119	09/04/2013	0.202	0.186	0.2	0.152	NA	19.11	17.5	16.5	15.6	NA
CAF119	09/05/2013	0.202	0.186	0.2	0.152	NA	19.3	17.5	16.5	15.6	NA
CAF119	09/06/2013	0.202	0.186	0.2	0.152	NA	18.87	17.47	16.5	15.6	NA
CAF119	09/07/2013	0.201	0.186	0.2	0.152	NA	18.11	17.22	16.43	15.6	NA
CAF119	09/08/2013	0.201	0.186	0.2	0.152	NA	18	16.97	16.32	15.56	NA
CAF119	09/09/2013	0.201	0.185	0.2	0.152	NA	17.8	16.82	16.2	15.5	NA
CAF119	09/10/2013	0.201	0.185	0.2	0.152	NA	18.19	16.78	16.1	15.46	NA
CAF119	09/11/2013	0.201	0.185	0.2	0.152	NA	18.69	16.87	16.1	15.4	NA
CAF119	09/12/2013	0.202	0.186	0.2	0.152	NA	19.04	17.04	16.1	15.4	NA
CAF119	09/13/2013	0.202	0.186	0.2	0.152	NA	19.18	17.17	16.17	15.4	NA
CAF119	09/14/2013	0.202	0.186	0.2	0.152	NA	19.33	17.28	16.22	15.4	NA
CAF119	09/15/2013	0.202	0.186	0.2	0.152	NA	19.59	17.38	16.3	15.41	NA
CAF119	09/16/2013	0.202	0.186	0.2	0.152	NA	19.73	17.57	16.37	15.5	NA
CAF119	09/17/2013	0.201	0.186	0.2	0.152	NA	18.55	17.47	16.4	15.5	NA
CAF119	09/18/2013	0.2	0.185	0.2	0.152	NA	17.23	17.03	16.36	15.53	NA
CAF119	09/19/2013	0.199	0.185	0.2	0.152	NA	16.18	16.45	16.15	15.5	NA
CAF119	09/20/2013	0.198	0.184	0.199	0.152	NA	16.02	15.97	15.87	15.44	NA
CAF119	09/21/2013	0.199	0.184	0.199	0.152	NA	16.19	15.76	15.63	15.33	NA
CAF119	09/22/2013	0.198	0.183	0.198	0.152	NA	15.64	15.56	15.45	15.21	NA
CAF119	09/23/2013	0.198	0.183	0.198	0.152	NA	15.03	15.25	15.27	15.08	NA
CAF119	09/24/2013	0.197	0.183	0.198	0.151	NA	14.58	14.91	15.07	14.97	NA
CAF119	09/25/2013	0.197	0.182	0.198	0.151	NA	14.11	14.6	14.84	14.85	NA
CAF119	09/26/2013	0.197	0.181	0.197	0.151	NA	13.53	14.25	14.62	14.7	NA
CAF119	09/27/2013	0.196	0.181	0.196	0.151	NA	13.16	13.92	14.38	14.55	NA
CAF119	09/28/2013	0.197	0.18	0.196	0.15	NA	12.78	13.58	14.15	14.4	NA
CAF119	09/29/2013	0.201	0.18	0.196	0.149	NA	12.7	13.36	13.92	14.25	NA
CAF119	09/30/2013	0.209	0.179	0.196	0.149	NA	12.16	13.1	13.72	14.09	NA
CAF119	10/01/2013	0.213	0.179	0.195	0.149	NA	11.73	12.79	13.5	13.95	NA
CAF119	10/02/2013	0.213	0.178	0.195	0.149	NA	11.25	12.48	13.28	13.79	NA
CAF119	10/03/2013	0.214	0.178	0.194	0.149	NA	10.98	12.16	13.04	13.63	NA
CAF119	10/04/2013	0.214	0.178	0.194	0.148	NA	10.71	11.9	12.81	13.46	NA
CAF119	10/05/2013	0.214	0.178	0.194	0.148	NA	10.64	11.67	12.6	13.3	NA
CAF119	10/06/2013	0.214	0.178	0.193	0.148	NA	10.87	11.57	12.43	13.15	NA
CAF119	10/07/2013	0.214	0.178	0.193	0.148	NA	11.12	11.55	12.3	13	NA
CAF119	10/08/2013	0.214	0.178	0.193	0.148	NA	10.88	11.5	12.2	12.87	NA
CAF119	10/09/2013	0.214	0.177	0.193	0.148	NA	10.2	11.34	12.13	12.78	NA
CAF119	10/10/2013	0.213	0.177	0.193	0.148	NA	10	11.07	11.95	12.66	NA
CAF119	10/11/2013	0.213	0.177	0.192	0.148	NA	10.05	10.9	11.8	12.55	NA
CAF119	10/12/2013	0.214	0.177	0.192	0.147	NA	10.33	10.89	11.68	12.42	NA
CAF119	10/13/2013	0.213	0.177	0.192	0.147	NA	10.27	10.88	11.6	12.31	NA
CAF119	10/14/2013	0.213	0.177	0.192	0.147	NA	9.96	10.78	11.53	12.22	NA
CAF119	10/15/2013	0.212	0.177	0.192	0.147	NA	9.51	10.6	11.43	12.14	NA
CAF119	10/16/2013	0.212	0.177	0.192	0.147	NA	9.5	10.38	11.29	12.04	NA
CAF119	10/17/2013	0.212	0.176	0.191	0.147	NA	9.55	10.3	11.17	11.94	NA
CAF119	10/18/2013	0.212	0.177	0.191	0.147	NA	9.43	10.26	11.08	11.84	NA
CAF119	10/19/2013	0.212	0.176	0.191	0.147	NA	9.42	10.16	10.99	11.75	NA
CAF119	10/20/2013	0.211	0.176	0.191	0.146	NA	9.38	10.08	10.9	11.66	NA
CAF119	10/21/2013	0.211	0.176	0.191	0.146	NA	9.57	10	10.8	11.58	NA
CAF119	10/22/2013	0.212	0.176	0.191	0.146	NA	9.93	10.09	10.8	11.5	NA
CAF119	10/23/2013	0.212	0.177	0.191	0.146	NA	10.25	10.25	10.8	11.44	NA
CAF119	10/24/2013	0.212	0.177	0.191	0.146	NA	10.42	10.36	10.8	11.4	NA
CAF119	10/25/2013	0.212	0.177	0.191	0.146	NA	10.37	10.4	10.8	11.4	NA
CAF119	10/26/2013	0.212	0.177	0.191	0.146	NA	10.33	10.4	10.8	11.4	NA
CAF119	10/27/2013	0.211	0.177	0.191	0.146	NA	10.09	10.37	10.8	11.32	NA
CAF119	10/28/2013	0.211	0.177	0.191	0.146	NA	9.71	10.25	10.78	11.3	NA
CAF119	10/29/2013	0.21	0.176	0.191	0.146	NA	8.91	9.99	10.68	11.29	NA
CAF119	10/30/2013	0.209	0.176	0.19	0.146	NA	8.07	9.57	10.52	11.2	NA
CAF119	10/31/2013	0.209	0.175	0.189	0.146	NA	7.88	9.19	10.3	11.11	NA
CAF119	11/01/2013	0.209	0.175	0.189	0.146	NA	7.9	9.02	10.1	10.98	NA
CAF119	11/02/2013	0.209	0.175	0.189	0.146	NA	8.13	8.9	9.95	10.87	NA
CAF119	11/03/2013	0.209	0.175	0.189	0.145	NA	7.79	8.87	9.85	10.76	NA
CAF119	11/04/2013	0.208	0.174	0.189	0.145	NA	7.22	8.65	9.75	10.67	NA
CAF119	11/05/2013	0.208	0.174	0.188	0.145	NA	6.67	8.35	9.58	10.56	NA
CAF119	11/06/2013	0.208	0.174	0.188	0.145	NA	6.25	8	9.38	10.45	NA
CAF119	11/07/2013	0.213	0.173	0.188	0.145	NA	6.52	7.78	9.16	10.28	NA
CAF119	11/08/2013	0.228	0.173	0.187	0.145	NA	6.77	7.7	9.02	10.15	NA
CAF119	11/09/2013	0.233	0.173	0.187	0.145	NA	6.63	7.71	8.93	10.02	NA
CAF119	11/10/2013	0.234	0.173	0.187	0.145	NA	6.81	7.7	8.84	9.92	NA
CAF119	11/11/2013	0.235	0.173	0.187	0.145	NA	7.22	7.76	8.8	9.83	NA
CAF119	11/12/2013	0.235	0.173	0.186	0.145	NA	7.51	7.88	8.8	9.76	NA
CAF119	11/13/2013	0.235	0.174	0.186	0.145	NA	7.53	8	8.8	9.7	NA
CAF119	11/14/2013	0.235	0.174	0.186	0.145	NA	7.3	7.99	8.8	9.7	NA
CAF119	11/15/2013	0.235	0.174	0.186	0.145	NA	7	7.88	8.8	9.64	NA
CAF119	11/16/2013	0.249	0.266	0.185	0.145	NA	6.06	7.52	8.67	9.6	NA
CAF119	11/17/2013	0.255	0.391	0.185	0.145	NA	5.72	7.16	8.5	9.53	NA
CAF119	11/18/2013	0.253	0.39	0.185	0.145	NA	5.91	7.03	8.34	9.44	NA
CAF119	11/19/2013	0.253	0.387	0.185	0.145	NA	6.08	7	8.22	9.34	NA
CAF119	11/20/2013	0.256	0.385	0.185	0.145	NA	6.12	7	8.15	9.25	NA
CAF119	11/21/2013	0.254	0.382	0.185	0.145	NA	5.27	6.85	8.08	9.18	NA
CAF119	11/22/2013	0.251	0.38	0.185	0.145	NA	4.53	6.48	7.93	9.09	NA
CAF119	11/23/2013	0.25	0.379	0.184	0.145	NA	4.04	6.07	7.69	8.97	NA
CAF119	11/24/2013	0.249	0.377	0.184	0.144	NA	3.7	5.73	7.45	8.85	NA
CAF119	11/25/2013	0.249	0.374	0.184	0.144	NA	3.46	5.45	7.21	8.69	NA
CAF119	11/26/2013	0.248	0.372	0.185	0.143	NA	3.25	5.15	7	8.54	NA
CAF119	11/27/2013	0.247	0.373	0.184	0.143	NA	3.08	4.9	6.78	8.38	NA
CAF119	11/28/2013	0.247	0.375	0.184	0.143	NA	2.99	4.71	6.58	8.23	NA
CAF119	11/29/2013	0.246	0.373	0.184	0.142	NA	2.86	4.54	6.41	8.08	NA
CAF119	11/30/2013	0.246	0.366	0.184	0.142	NA	2.86	4.45	6.26	7.95	NA
CAF119	12/01/2013	0.262	0.375	0.184	0.143	NA	3.23	4.5	6.19	7.83	NA
CAF119	12/02/2013	0.272	0.426	0.184	0.142	NA	4.13	4.7	6.1	7.66	NA
CAF119	12/03/2013	0.263	0.424	0.184	0.142	NA	3.72	4.75	6.1	7.6	NA
CAF119	12/04/2013	0.26	0.427	0.183	0.142	NA	3.37	4.6	6.09	7.51	NA
CAF119	12/05/2013	0.258	0.428	0.183	0.142	NA	3.04	4.38	5.96	7.46	NA
CAF119	12/06/2013	0.254	0.425	0.183	0.142	NA	2.72	4.15	5.83	7.38	NA
CAF119	12/07/2013	0.251	0.423	0.183	0.142	NA	2.39	3.92	5.67	7.28	NA
CAF119	12/08/2013	0.249	0.419	0.183	0.141	NA	2.02	3.67	5.5	7.17	NA
CAF119	12/09/2013	0.248	0.416	0.183	0.141	NA	1.7	3.4	5.33	7.06	NA
CAF119	12/10/2013	0.246	0.413	0.183	0.141	NA	1.5	3.18	5.15	6.95	NA
CAF119	12/11/2013	0.245	0.41	0.183	0.141	NA	1.4	3.04	5.02	6.83	NA
CAF119	12/12/2013	0.244	0.407	0.183	0.141	NA	1.4	2.96	4.88	6.72	NA
CAF119	12/13/2013	0.244	0.405	0.183	0.141	NA	1.4	2.9	4.78	6.6	NA
CAF119	12/14/2013	0.244	0.397	0.184	0.142	NA	1.4	2.9	4.7	6.5	NA
CAF119	12/15/2013	0.25	0.393	0.183	0.141	NA	1.4	2.89	4.63	6.41	NA
CAF119	12/16/2013	0.252	0.392	0.184	0.141	0.147	1.44	2.82	4.6	6.35	7.28
CAF119	12/17/2013	0.255	0.39	0.184	0.139	0.147	1.5	2.88	4.51	6.28	7.59
CAF119	12/18/2013	0.254	0.389	0.184	0.139	0.146	1.55	2.9	4.5	6.2	7.54
CAF119	12/19/2013	0.253	0.389	0.184	0.139	0.146	1.6	2.9	4.5	6.14	7.47
CAF119	12/20/2013	0.252	0.388	0.184	0.139	0.146	1.69	2.9	4.44	6.1	7.4
CAF119	12/21/2013	0.251	0.388	0.184	0.139	0.146	1.7	2.92	4.4	6.03	7.37
CAF119	12/22/2013	0.251	0.387	0.184	0.139	0.146	1.76	3	4.4	5.94	7.3
CAF119	12/23/2013	0.251	0.397	0.184	0.139	0.146	1.77	2.9	4.34	5.9	7.23
CAF119	12/24/2013	0.252	0.416	0.184	0.139	0.146	1.74	2.86	4.3	5.83	7.2
CAF119	12/25/2013	0.252	0.416	0.184	0.139	0.146	1.8	2.9	4.3	5.8	7.15
CAF119	12/26/2013	0.252	0.414	0.185	0.139	0.146	1.8	2.9	4.3	5.7	7.1
CAF119	12/27/2013	0.252	0.412	0.185	0.139	0.145	1.83	2.97	4.3	5.7	7
CAF119	12/28/2013	0.252	0.41	0.185	0.139	0.145	1.9	3	4.22	5.65	7
CAF119	12/29/2013	0.252	0.408	0.186	0.139	0.145	1.9	3	4.2	5.6	6.99
CAF119	12/30/2013	0.252	0.406	0.187	0.138	0.145	1.9	3	4.2	5.6	6.9
CAF119	12/31/2013	0.251	0.404	0.188	0.138	0.145	1.9	3	4.2	5.57	6.84
CAF119	01/01/2014	0.251	0.402	0.189	0.138	0.145	1.9	2.95	4.2	5.5	6.8
CAF119	01/02/2014	0.251	0.4	0.191	0.138	0.145	1.9	2.9	4.15	5.5	6.8
CAF119	01/03/2014	0.251	0.398	0.192	0.138	0.145	1.9	2.9	4.1	5.48	6.72
CAF119	01/04/2014	0.251	0.397	0.194	0.138	0.145	1.9	2.9	4.1	5.4	6.7
CAF119	01/05/2014	0.251	0.396	0.197	0.138	0.145	1.86	2.9	4.1	5.4	6.64
CAF119	01/06/2014	0.251	0.394	0.199	0.138	0.145	1.8	2.9	4.09	5.38	6.6
CAF119	01/07/2014	0.25	0.392	0.201	0.138	0.145	1.72	2.81	4	5.3	6.6
CAF119	01/08/2014	0.25	0.391	0.204	0.138	0.145	1.7	2.8	4	5.3	6.56
CAF119	01/09/2014	0.249	0.39	0.206	0.138	0.145	1.7	2.8	4	5.3	6.5
CAF119	01/10/2014	0.249	0.39	0.208	0.138	0.145	1.7	2.75	3.9	5.21	6.47
CAF119	01/11/2014	0.266	0.409	0.254	0.139	0.145	1.65	2.66	3.85	5.2	6.4
CAF119	01/12/2014	0.275	0.435	0.349	0.14	0.145	1.62	2.6	3.8	5.13	6.4
CAF119	01/13/2014	0.282	0.44	0.358	0.14	0.145	1.7	2.6	3.8	5.1	6.38
CAF119	01/14/2014	0.282	0.445	0.364	0.14	0.145	1.78	2.6	3.8	5.09	6.3
CAF119	01/15/2014	0.279	0.445	0.369	0.14	0.145	1.94	2.68	3.8	5	6.29
CAF119	01/16/2014	0.276	0.443	0.372	0.14	0.144	2.11	2.72	3.8	5	6.2
CAF119	01/17/2014	0.274	0.441	0.373	0.139	0.144	2.2	2.8	3.8	5	6.2
CAF119	01/18/2014	0.272	0.438	0.374	0.139	0.144	2.22	2.84	3.8	5	6.2
CAF119	01/19/2014	0.27	0.435	0.374	0.139	0.144	2.2	2.9	3.8	5	6.2
CAF119	01/20/2014	0.269	0.433	0.374	0.139	0.144	2.2	2.9	3.8	4.9	6.17
CAF119	01/21/2014	0.268	0.431	0.374	0.139	0.144	2.2	2.9	3.8	4.9	6.1
CAF119	01/22/2014	0.268	0.428	0.373	0.139	0.144	2.2	2.9	3.8	4.9	6.1
CAF119	01/23/2014	0.266	0.426	0.372	0.139	0.144	2.17	2.9	3.8	4.9	6.1
CAF119	01/24/2014	0.265	0.424	0.372	0.139	0.144	2.1	2.9	3.8	4.9	6.06
CAF119	01/25/2014	0.264	0.422	0.371	0.139	0.144	2.1	2.9	3.8	4.9	6
CAF119	01/26/2014	0.264	0.42	0.371	0.139	0.144	2.1	2.9	3.8	4.9	6
CAF119	01/27/2014	0.263	0.419	0.37	0.139	0.144	2.1	2.9	3.8	4.9	5.97
CAF119	01/28/2014	0.262	0.417	0.37	0.139	0.144	2.1	2.85	3.8	4.84	5.9
CAF119	01/29/2014	0.267	0.423	0.37	0.14	0.144	2.05	2.79	3.79	4.8	5.9
CAF119	01/30/2014	0.289	0.454	0.386	0.14	0.144	1.9	2.7	3.7	4.8	5.9
CAF119	01/31/2014	0.287	0.447	0.386	0.14	0.144	1.96	2.7	3.7	4.8	5.9
CAF119	02/01/2014	0.285	0.446	0.385	0.141	0.144	2	2.7	3.7	4.77	5.85
CAF119	02/02/2014	0.282	0.445	0.385	0.141	0.144	2	2.7	3.65	4.7	5.8
CAF119	02/03/2014	0.28	0.442	0.385	0.141	0.143	2	2.7	3.6	4.7	5.8
CAF119	02/04/2014	0.278	0.44	0.385	0.141	0.143	2	2.7	3.6	4.7	5.77
CAF119	02/05/2014	0.277	0.438	0.385	0.141	0.143	2	2.7	3.6	4.7	5.7
CAF119	02/06/2014	0.274	0.436	0.385	0.141	0.143	2	2.7	3.6	4.69	5.7
CAF119	02/07/2014	0.272	0.433	0.384	0.141	0.143	2	2.7	3.6	4.6	5.7
CAF119	02/08/2014	0.27	0.432	0.383	0.141	0.143	2	2.7	3.6	4.6	5.67
CAF119	02/09/2014	0.269	0.43	0.383	0.141	0.143	2	2.7	3.6	4.6	5.6
CAF119	02/10/2014	0.268	0.428	0.382	0.141	0.143	2	2.7	3.5	4.6	5.6
CAF119	02/11/2014	0.267	0.428	0.381	0.141	0.143	2	2.67	3.5	4.6	5.6
CAF119	02/12/2014	0.29	0.452	0.396	0.142	0.143	1.78	2.51	3.46	4.52	5.6
CAF119	02/13/2014	0.292	0.46	0.405	0.144	0.143	2.02	2.41	3.34	4.41	5.53
CAF119	02/14/2014	0.291	0.456	0.403	0.147	0.143	2.42	2.57	3.35	4.4	5.5
CAF119	02/15/2014	0.29	0.456	0.404	0.161	0.143	2.64	2.73	3.4	4.4	5.5
CAF119	02/16/2014	0.294	0.46	0.407	0.173	0.143	2.85	2.86	3.48	4.4	5.45
CAF119	02/17/2014	0.295	0.459	0.406	0.182	0.143	2.87	2.99	3.54	4.4	5.4
CAF119	02/18/2014	0.299	0.465	0.41	0.188	0.143	2.95	3.07	3.6	4.4	5.4
CAF119	02/19/2014	0.295	0.467	0.414	0.195	0.143	3.05	3.15	3.66	4.4	5.4
CAF119	02/20/2014	0.292	0.457	0.41	0.2	0.143	2.73	3.17	3.7	4.4	5.4
CAF119	02/21/2014	0.293	0.458	0.409	0.203	0.143	2.51	3.06	3.7	4.48	5.4
CAF119	02/22/2014	0.288	0.455	0.409	0.205	0.143	2.54	3	3.7	4.5	5.4
CAF119	02/23/2014	0.284	0.453	0.407	0.206	0.143	2.52	3	3.7	4.49	5.4
CAF119	02/24/2014	0.283	0.449	0.406	0.207	0.143	2.4	3	3.7	4.4	5.4
CAF119	02/25/2014	0.285	0.448	0.405	0.207	0.143	2.4	2.96	3.68	4.4	5.4
CAF119	02/26/2014	0.291	0.451	0.404	0.208	0.143	2.4	2.9	3.6	4.4	5.4
CAF119	02/27/2014	0.293	0.456	0.407	0.209	0.143	2.4	2.9	3.6	4.4	5.36
CAF119	02/28/2014	0.295	0.46	0.409	0.21	0.143	2.37	2.9	3.6	4.4	5.3
CAF119	03/01/2014	0.296	0.463	0.414	0.212	0.143	2.3	2.9	3.6	4.4	5.3
CAF119	03/02/2014	0.295	0.459	0.412	0.213	0.143	2.27	2.88	3.57	4.37	5.3
CAF119	03/03/2014	0.306	0.471	0.417	0.215	0.143	2.13	2.77	3.5	4.3	5.3
CAF119	03/04/2014	0.299	0.469	0.421	0.219	0.144	2.42	2.7	3.45	4.3	5.3
CAF119	03/05/2014	0.296	0.462	0.416	0.218	0.182	3.3	2.92	3.45	4.29	5.28
CAF119	03/06/2014	0.307	0.468	0.417	0.219	0.207	4.17	3.27	3.55	4.28	5.2
CAF119	03/07/2014	0.303	0.467	0.419	0.221	0.248	4.64	3.68	3.73	4.3	5.2
CAF119	03/08/2014	0.297	0.46	0.416	0.22	0.263	4.8	3.97	3.93	4.37	5.2
CAF119	03/09/2014	0.309	0.463	0.415	0.22	0.267	5.32	4.19	4.1	4.48	5.22
CAF119	03/10/2014	0.304	0.463	0.418	0.222	0.38	5.97	4.57	4.29	4.61	5.3
CAF119	03/11/2014	0.3	0.459	0.416	0.243	0.417	5.53	4.79	4.51	4.74	5.31
CAF119	03/12/2014	0.297	0.456	0.418	0.471	0.421	5.5	4.8	4.66	4.87	5.4
CAF119	03/13/2014	0.294	0.455	0.423	0.483	0.421	5.7	4.88	4.76	4.98	5.49
CAF119	03/14/2014	0.292	0.454	0.424	0.483	0.421	5.78	5.03	4.86	5.08	5.54
CAF119	03/15/2014	0.294	0.452	0.42	0.485	0.421	5.39	5.07	4.98	5.16	5.6
CAF119	03/16/2014	0.293	0.451	0.421	0.485	0.42	5.43	5	5	5.23	5.67
CAF119	03/17/2014	0.301	0.451	0.419	0.486	0.42	5.56	5.08	5.07	5.3	5.7
CAF119	03/18/2014	0.299	0.453	0.418	0.486	0.419	4.99	5.06	5.1	5.33	5.78
CAF119	03/19/2014	0.295	0.453	0.42	0.487	0.412	4.9	4.96	5.1	5.4	5.8
CAF119	03/20/2014	0.292	0.452	0.417	0.486	0.407	4.81	4.89	5.1	5.4	5.87
CAF119	03/21/2014	0.289	0.45	0.414	0.463	0.404	4.46	4.78	5.1	5.4	5.9
CAF119	03/22/2014	0.287	0.448	0.411	0.277	0.402	4.37	4.68	5.02	5.4	5.9
CAF119	03/23/2014	0.286	0.445	0.409	0.237	0.401	4.69	4.65	5	5.4	5.9
CAF119	03/24/2014	0.285	0.443	0.407	0.231	0.397	5.06	4.77	5	5.4	5.9
CAF119	03/25/2014	0.285	0.441	0.406	0.23	0.386	5.54	4.93	5.02	5.4	5.9
CAF119	03/26/2014	0.283	0.439	0.405	0.229	0.331	5.61	5.07	5.1	5.41	5.9
CAF119	03/27/2014	0.283	0.438	0.404	0.229	0.308	5.91	5.22	5.19	5.5	5.91
CAF119	03/28/2014	0.282	0.437	0.403	0.229	0.301	5.81	5.3	5.27	5.5	6
CAF119	03/29/2014	0.294	0.436	0.403	0.229	0.297	5.98	5.36	5.32	5.57	6
CAF119	03/30/2014	0.297	0.436	0.402	0.229	0.295	6.25	5.48	5.4	5.6	6.03
CAF119	03/31/2014	0.295	0.437	0.402	0.229	0.294	6.04	5.56	5.49	5.65	6.1
CAF119	04/01/2014	0.293	0.438	0.403	0.229	0.293	6.43	5.6	5.52	5.7	6.1
CAF119	04/02/2014	0.292	0.439	0.403	0.229	0.293	6.68	5.78	5.6	5.75	6.15
CAF119	04/03/2014	0.29	0.438	0.403	0.23	0.293	6.55	5.88	5.7	5.8	6.2
CAF119	04/04/2014	0.289	0.438	0.403	0.23	0.293	6.92	5.96	5.78	5.89	6.2
CAF119	04/05/2014	0.288	0.437	0.403	0.23	0.293	6.76	6.1	5.86	5.91	6.23
CAF119	04/06/2014	0.287	0.436	0.403	0.23	0.293	6.98	6.13	5.9	6.01	6.3
CAF119	04/07/2014	0.287	0.436	0.403	0.23	0.292	7.24	6.26	6	6.1	6.31
CAF119	04/08/2014	0.288	0.434	0.402	0.23	0.292	8.29	6.51	6.1	6.15	6.4
CAF119	04/09/2014	0.288	0.433	0.402	0.23	0.292	9	6.94	6.27	6.21	6.4
CAF119	04/10/2014	0.286	0.432	0.402	0.23	0.292	8.7	7.23	6.5	6.33	6.45
CAF119	04/11/2014	0.285	0.431	0.402	0.23	0.292	8.67	7.3	6.65	6.44	6.52
CAF119	04/12/2014	0.284	0.43	0.401	0.229	0.291	8.6	7.39	6.76	6.54	6.6
CAF119	04/13/2014	0.282	0.429	0.401	0.229	0.29	8.4	7.4	6.85	6.64	6.66
CAF119	04/14/2014	0.283	0.429	0.401	0.229	0.29	8.52	7.4	6.9	6.7	6.71
CAF119	04/15/2014	0.284	0.428	0.401	0.229	0.29	8.6	7.47	6.96	6.8	6.8
CAF119	04/16/2014	0.282	0.428	0.401	0.229	0.29	8.12	7.47	7	6.84	6.83
CAF119	04/17/2014	0.281	0.427	0.401	0.229	0.29	7.95	7.33	7	6.9	6.92
CAF119	04/18/2014	0.28	0.427	0.4	0.229	0.289	7.84	7.29	7	6.9	7
CAF119	04/19/2014	0.28	0.426	0.4	0.229	0.289	7.5	7.17	7	6.98	7
CAF119	04/20/2014	0.28	0.426	0.4	0.229	0.288	7.7	7.1	6.98	7	7
CAF119	04/21/2014	0.281	0.425	0.4	0.229	0.288	8.34	7.22	6.95	7	7
CAF119	04/22/2014	0.281	0.424	0.399	0.229	0.288	8.56	7.43	7.01	7	7.1
CAF119	04/23/2014	0.279	0.423	0.399	0.229	0.287	7.81	7.46	7.1	7.02	7.1
CAF119	04/24/2014	0.279	0.424	0.399	0.229	0.287	7.45	7.25	7.1	7.1	7.1
CAF119	04/25/2014	0.286	0.424	0.397	0.229	0.286	7.53	7.19	7.04	7.1	7.15
CAF119	04/26/2014	0.29	0.423	0.397	0.229	0.286	7.45	7.1	7	7.1	7.2
CAF119	04/27/2014	0.29	0.423	0.397	0.229	0.286	7.3	7.08	7	7.1	7.2
CAF119	04/28/2014	0.289	0.424	0.397	0.228	0.285	6.96	6.97	6.98	7.1	7.2
CAF119	04/29/2014	0.289	0.424	0.397	0.228	0.284	7.15	6.9	6.9	7.1	7.2
CAF119	04/30/2014	0.291	0.424	0.397	0.229	0.284	8.24	7.02	6.9	7.1	7.2
CAF119	05/01/2014	0.293	0.424	0.397	0.229	0.285	9.49	7.44	6.96	7.1	7.2
CAF119	05/02/2014	0.292	0.424	0.397	0.228	0.285	10.61	7.83	7.1	7.13	7.2
CAF119	05/03/2014	0.288	NA	NA	0.227	0.286	10.95	NA	NA	7.24	7.26
CAF119	09/25/2014	0.177	0.17	0.172	0.17	0.26	18.38	16.6	16	15.2	14.76
CAF119	09/26/2014	0.176	0.17	0.172	0.17	0.26	17.72	16.49	15.98	15.2	14.8
CAF119	09/27/2014	0.176	0.17	0.172	0.17	0.26	17.28	16.35	15.9	15.2	14.8
CAF119	09/28/2014	0.175	0.169	0.172	0.17	0.26	17.15	16.18	15.83	15.2	14.8
CAF119	09/29/2014	0.175	0.169	0.172	0.17	0.26	17.26	16.1	15.8	15.2	14.8
CAF119	09/30/2014	0.174	0.17	0.172	0.17	0.26	16.47	16.03	15.71	15.2	14.8
CAF119	10/01/2014	0.172	0.169	0.171	0.17	0.26	15.13	15.67	15.65	15.12	14.8
CAF119	10/02/2014	0.17	0.169	0.171	0.17	0.26	14.28	15.12	15.41	15.09	14.75
CAF119	10/03/2014	0.169	0.168	0.171	0.17	0.26	13.9	14.68	15.15	14.97	14.7
CAF119	10/04/2014	0.169	0.168	0.17	0.17	0.26	13.93	14.35	14.9	14.85	14.68
CAF119	10/05/2014	0.169	0.168	0.17	0.17	0.259	14.32	14.2	14.7	14.72	14.6
CAF119	10/06/2014	0.17	0.168	0.17	0.17	0.259	14.84	14.26	14.6	14.6	14.55
CAF119	10/07/2014	0.17	0.168	0.17	0.17	0.259	15.37	14.41	14.6	14.5	14.43
CAF119	10/08/2014	0.17	0.168	0.17	0.17	0.259	15.72	14.61	14.6	14.5	14.4
CAF119	10/09/2014	0.169	0.168	0.17	0.17	0.259	15.33	14.69	14.64	14.4	14.4
CAF119	10/10/2014	0.169	0.168	0.17	0.17	0.259	15.13	14.6	14.6	14.4	14.31
CAF119	10/11/2014	0.169	0.168	0.17	0.17	0.259	15.19	14.5	14.6	14.4	14.3
CAF119	10/12/2014	0.168	0.169	0.17	0.17	0.258	14.45	14.45	14.58	14.39	14.29
CAF119	10/13/2014	0.167	0.172	0.17	0.17	0.258	14.05	14.19	14.46	14.3	14.2
CAF119	10/14/2014	0.167	0.171	0.17	0.17	0.258	14.05	14	14.34	14.27	14.2
CAF119	10/15/2014	0.166	0.171	0.169	0.17	0.258	13.67	13.87	14.22	14.2	14.2
CAF119	10/16/2014	0.168	0.171	0.169	0.17	0.258	12.6	13.62	14.11	14.11	14.1
CAF119	10/17/2014	0.167	0.17	0.169	0.17	0.258	12.07	13.2	13.91	14.05	14.02
CAF119	10/18/2014	0.167	0.17	0.169	0.17	0.258	12.25	12.9	13.69	13.93	14
CAF119	10/19/2014	0.168	0.17	0.168	0.17	0.258	12.7	12.8	13.52	13.81	13.96
CAF119	10/20/2014	0.168	0.17	0.168	0.17	0.258	13.03	12.88	13.43	13.7	13.88
CAF119	10/21/2014	0.168	0.171	0.168	0.17	0.258	13.22	12.97	13.4	13.61	13.74
CAF119	10/22/2014	0.167	0.171	0.168	0.17	0.257	12.5	12.95	13.4	13.59	13.7
CAF119	10/23/2014	0.167	0.17	0.168	0.17	0.257	12.33	12.75	13.33	13.5	13.63
CAF119	10/24/2014	0.168	0.17	0.168	0.17	0.257	11.85	12.59	13.22	13.45	13.58
CAF119	10/25/2014	0.168	0.17	0.168	0.17	0.257	11.57	12.34	13.08	13.38	13.5
CAF119	10/26/2014	0.169	0.17	0.167	0.17	0.257	11.53	12.17	12.95	13.29	13.49
CAF119	10/27/2014	0.168	0.17	0.167	0.17	0.257	10.75	11.96	12.83	13.2	13.4
CAF119	10/28/2014	0.167	0.169	0.167	0.17	0.257	10.26	11.65	12.65	13.1	13.32
CAF119	10/29/2014	0.196	0.168	0.166	0.17	0.257	9.992	11.34	12.45	12.98	13.28
CAF119	10/30/2014	0.194	0.168	0.166	0.17	0.257	10.47	11.2	12.26	12.84	13.15
CAF119	10/31/2014	0.192	0.168	0.166	0.17	0.257	10.92	11.2	12.16	12.73	13.1
CAF119	11/01/2014	0.191	0.168	0.166	0.17	0.256	11.16	11.36	12.1	12.63	13.02
CAF119	11/02/2014	0.189	0.168	0.166	0.17	0.256	10.22	11.3	12.1	12.59	12.93
CAF119	11/03/2014	0.188	0.168	0.165	0.17	0.256	9.571	11	12.01	12.5	12.9
CAF119	11/04/2014	0.19	0.167	0.165	0.17	0.256	9.521	10.72	11.85	12.42	12.8
CAF119	11/05/2014	0.19	0.167	0.165	0.17	0.256	9.85	10.6	11.72	12.32	12.7
CAF119	11/06/2014	0.19	0.167	0.165	0.17	0.256	10.46	10.67	11.61	12.22	12.68
CAF119	11/07/2014	0.19	0.168	0.165	0.17	0.256	10.37	10.79	11.6	12.15	12.6
CAF119	11/08/2014	0.189	0.168	0.165	0.17	0.256	9.612	10.7	11.6	12.1	12.51
CAF119	11/09/2014	0.189	0.168	0.164	0.17	0.255	9.321	10.45	11.51	12.03	12.5
CAF119	11/10/2014	0.19	0.168	0.163	0.169	0.255	8.712	10.25	11.38	11.98	12.4
CAF119	11/11/2014	0.19	0.167	0.163	0.169	0.254	7.479	9.896	11.23	11.89	12.31
CAF119	11/12/2014	0.188	0.166	0.163	0.169	0.254	5.908	9.292	10.98	11.78	12.3
CAF119	11/13/2014	0.187	0.165	0.162	0.169	0.254	4.796	8.579	10.62	11.61	12.21
CAF119	11/14/2014	0.187	0.165	0.162	0.169	0.254	4.129	7.925	10.21	11.41	12.1
CAF119	11/15/2014	0.186	0.164	0.161	0.169	0.254	3.679	7.417	9.829	11.2	11.97
CAF119	11/16/2014	0.185	0.163	0.161	0.168	0.254	3.133	6.946	9.458	10.95	11.86
CAF119	11/17/2014	0.185	0.163	0.161	0.168	0.253	2.754	6.512	9.113	10.71	11.7
CAF119	11/18/2014	0.185	0.162	0.16	0.168	0.253	2.554	6.154	8.792	10.48	11.53
CAF119	11/19/2014	0.185	0.162	0.16	0.168	0.253	2.562	5.896	8.525	10.25	11.38
CAF119	11/20/2014	0.184	0.162	0.159	0.168	0.252	2.642	5.754	8.312	10.04	11.2
CAF119	11/21/2014	0.184	0.162	0.159	0.167	0.252	2.754	5.687	8.142	9.854	11.06
CAF119	11/22/2014	0.238	0.162	0.159	0.168	0.252	3.008	5.6	7.996	9.683	10.9
CAF119	11/23/2014	0.238	0.162	0.159	0.168	0.252	3.754	5.646	7.9	9.525	10.74
CAF119	11/24/2014	0.238	0.162	0.159	0.168	0.251	3.892	5.767	7.871	9.387	10.63
CAF119	11/25/2014	0.269	0.162	0.159	0.168	0.251	4.296	5.808	7.8	9.283	10.49
CAF119	11/26/2014	0.291	0.162	0.158	0.168	0.251	5.225	6.004	7.804	9.2	10.35
CAF119	11/27/2014	0.278	0.163	0.158	0.168	0.251	5.992	6.321	7.9	9.125	10.29
CAF119	11/28/2014	0.273	0.164	0.159	0.168	0.251	6.787	6.7	8.029	9.1	10.2
CAF119	11/29/2014	0.296	0.164	0.159	0.168	0.25	6.846	7.075	8.175	9.1	10.1
CAF119	11/30/2014	0.281	0.165	0.159	0.168	0.25	5.717	7.054	8.3	9.146	10
CAF119	12/01/2014	0.272	0.165	0.159	0.168	0.25	4.887	6.683	8.263	9.2	10
CAF119	12/02/2014	0.267	0.166	0.159	0.168	0.25	4.325	6.288	8.104	9.108	10
CAF119	12/03/2014	0.264	0.166	0.158	0.168	0.25	3.971	5.95	7.913	9.038	9.908
CAF119	12/04/2014	0.262	0.167	0.158	0.168	0.25	3.725	5.687	7.729	8.946	9.825
CAF119	12/05/2014	0.293	0.177	0.158	0.168	0.25	3.525	5.404	7.55	8.837	9.8
CAF119	12/06/2014	0.288	0.298	0.158	0.167	0.249	3.979	5.221	7.379	8.712	9.7
CAF119	12/07/2014	0.278	0.398	0.158	0.167	0.249	4.292	5.346	7.3	8.6	9.604
CAF119	12/08/2014	0.273	0.407	0.158	0.167	0.249	4.592	5.438	7.237	8.504	9.525
CAF119	12/09/2014	0.27	0.407	0.158	0.167	0.249	5.133	5.6	7.233	8.446	9.4
CAF119	12/10/2014	0.269	0.405	0.158	0.167	0.249	5.733	5.85	7.3	8.4	9.396
CAF119	12/11/2014	0.268	0.403	0.158	0.167	0.249	6.304	6.142	7.4	8.4	9.3
CAF119	12/12/2014	0.28	0.402	0.158	0.167	0.249	6.7	6.463	7.537	8.4	9.263
CAF119	12/13/2014	0.282	0.44	0.158	0.167	0.249	6.471	6.675	7.667	8.4	9.2
CAF119	12/14/2014	0.272	0.44	0.158	0.167	0.248	5.792	6.662	7.7	8.475	9.2
CAF119	12/15/2014	0.268	0.436	0.158	0.167	0.248	5.142	6.429	7.7	8.5	9.2
CAF119	12/16/2014	0.265	0.433	0.158	0.167	0.248	4.662	6.117	7.587	8.475	9.2
CAF119	12/17/2014	0.264	0.43	0.158	0.167	0.248	4.558	5.863	7.446	8.4	9.2
CAF119	12/18/2014	0.263	0.428	0.158	0.167	0.248	4.708	5.717	7.317	8.325	9.117
CAF119	12/19/2014	0.277	0.435	0.157	0.167	0.248	5.008	5.7	7.204	8.258	9.063
CAF119	12/20/2014	0.279	0.457	0.157	0.167	0.248	4.896	5.7	7.2	8.2	9
CAF119	12/21/2014	0.286	0.479	0.158	0.166	0.248	5.108	5.604	7.058	8.146	9
CAF119	12/22/2014	0.273	0.463	0.158	0.166	0.248	5.454	5.775	7	8.079	8.933
CAF119	12/23/2014	0.269	0.457	0.159	0.166	0.248	5.021	5.892	7	8	8.9
CAF119	12/24/2014	0.281	0.463	0.161	0.166	0.248	4.771	5.763	7	8	8.8
CAF119	12/25/2014	0.278	0.471	0.176	0.166	0.248	4.408	5.642	6.933	7.95	8.8
CAF119	12/26/2014	0.272	0.465	0.23	0.166	0.248	3.996	5.467	6.842	7.9	8.758
CAF119	12/27/2014	0.268	0.46	0.274	0.166	0.248	3.725	5.275	6.737	7.804	8.671
CAF119	12/28/2014	0.267	0.458	0.306	0.166	0.247	3.525	5.1	6.629	7.733	8.6
CAF119	12/29/2014	0.268	0.456	0.323	0.166	0.247	3.408	4.954	6.517	7.642	8.6
CAF119	12/30/2014	0.267	0.455	0.33	0.166	0.247	3.35	4.846	6.404	7.55	8.517
CAF119	12/31/2014	0.265	0.453	0.335	0.166	0.247	3.142	4.729	6.304	7.454	8.442
CAF119	01/01/2015	0.263	0.452	0.337	0.166	0.247	2.958	4.6	6.208	7.371	8.4
CAF119	01/02/2015	0.261	0.45	0.339	0.166	0.246	2.829	4.467	6.108	7.254	8.3
CAF119	01/03/2015	0.259	0.449	0.341	0.166	0.246	2.721	4.354	6.008	7.15	8.204
CAF119	01/04/2015	0.258	0.448	0.342	0.166	0.246	2.7	4.25	5.908	7.067	8.179
CAF119	01/05/2015	0.276	0.493	0.391	0.166	0.246	2.396	3.717	5.717	6.963	8.088
CAF119	01/06/2015	0.28	0.486	0.405	0.166	0.246	2.4	3.696	5.546	6.833	8
CAF119	01/07/2015	0.274	0.479	0.402	0.166	0.246	2.887	3.775	5.5	6.712	7.913
CAF119	01/08/2015	0.27	0.473	0.399	0.166	0.246	3.292	3.958	5.5	6.612	7.8
CAF119	01/09/2015	0.268	0.469	0.397	0.167	0.245	3.179	4.087	5.517	6.525	7.746
CAF119	01/10/2015	0.266	0.466	0.395	0.167	0.245	3.108	4.1	5.6	6.5	7.642
CAF119	01/11/2015	0.265	0.464	0.394	0.17	0.245	3.217	4.1	5.6	6.488	7.592
CAF119	01/12/2015	0.265	0.462	0.393	0.176	0.245	3.4	4.196	5.6	6.4	7.5
CAF119	01/13/2015	0.264	0.461	0.392	0.182	0.245	3.358	4.2	5.6	6.4	7.5
CAF119	01/14/2015	0.263	0.46	0.392	0.186	0.245	3.292	4.2	5.6	6.4	7.413
CAF119	01/15/2015	0.263	0.458	0.391	0.191	0.245	3.071	4.2	5.6	6.4	7.388
CAF119	01/16/2015	0.266	0.457	0.39	0.196	0.245	3.013	4.104	5.562	6.313	7.3
CAF119	01/17/2015	0.273	0.459	0.39	0.199	0.245	3.112	4.1	5.5	6.3	7.3
CAF119	01/18/2015	0.284	0.493	0.417	0.211	0.304	3.104	3.921	5.429	6.25	7.296
CAF119	01/19/2015	0.27	0.479	0.416	0.435	0.426	3.608	3.963	5.308	6.2	7.2
CAF119	01/20/2015	0.267	0.474	0.413	0.465	0.426	3.617	4.146	5.4	6.112	7.146
CAF119	01/21/2015	0.264	0.47	0.406	0.279	0.425	3.417	4.2	5.4	6.1	7.1
CAF119	01/22/2015	0.262	0.468	0.402	0.233	0.422	3.071	4.125	5.4	6.1	7.1
CAF119	01/23/2015	0.261	0.465	0.399	0.229	0.361	2.971	4.021	5.4	6.1	7.083
CAF119	01/24/2015	0.261	0.463	0.398	0.229	0.316	3.75	4.029	5.4	6.1	7
CAF119	01/25/2015	0.261	0.461	0.397	0.228	0.307	4.517	4.283	5.4	6.054	7
CAF119	01/26/2015	0.261	0.458	0.396	0.228	0.304	5.071	4.579	5.521	6.079	6.933
CAF119	01/27/2015	0.26	0.457	0.395	0.229	0.301	5.367	4.871	5.654	6.1	6.9
CAF119	01/28/2015	0.259	0.456	0.394	0.228	0.298	5.471	5.075	5.813	6.15	6.9
CAF119	01/29/2015	0.258	0.454	0.393	0.228	0.296	5.312	5.237	5.938	6.2	6.9
CAF119	01/30/2015	0.257	0.452	0.392	0.228	0.296	5.033	5.2	6	6.292	6.933
CAF119	01/31/2015	0.256	0.451	0.392	0.228	0.295	4.671	5.179	6.096	6.3	7
CAF119	02/01/2015	0.256	0.449	0.391	0.228	0.294	4.329	5.067	6.087	6.375	7
CAF119	02/02/2015	0.257	0.45	0.391	0.228	0.293	4.021	4.938	6	6.4	7
CAF119	02/03/2015	0.264	0.451	0.39	0.228	0.292	4.137	4.813	5.988	6.4	7
CAF119	02/04/2015	0.263	0.449	0.39	0.228	0.292	4.433	4.846	5.9	6.308	7
CAF119	02/05/2015	0.263	0.45	0.39	0.228	0.292	4.7	4.9	5.904	6.3	7
CAF119	02/06/2015	0.263	0.451	0.39	0.228	0.292	5.392	5.046	6	6.3	7
CAF119	02/07/2015	0.271	0.452	0.39	0.228	0.291	5.913	5.304	6.054	6.3	7
CAF119	02/08/2015	0.269	0.463	0.391	0.228	0.29	6.271	5.579	6.183	6.375	7
CAF119	02/09/2015	0.277	0.482	0.407	0.232	0.309	6.529	5.788	6.329	6.4	7
CAF119	02/10/2015	0.275	0.484	0.469	0.434	0.399	6.654	5.975	6.454	6.492	7
CAF119	02/11/2015	0.271	0.481	0.502	0.458	0.401	6.546	6.1	6.583	6.567	7.083
CAF119	02/12/2015	0.268	0.477	0.503	0.458	0.401	6.746	6.162	6.683	6.671	7.1
CAF119	02/13/2015	0.266	0.473	0.5	0.46	0.4	6.912	6.279	6.758	6.712	7.1
CAF119	02/14/2015	0.264	0.469	0.475	0.461	0.399	6.792	6.388	6.842	6.8	7.175
CAF119	02/15/2015	0.263	0.464	0.43	0.461	0.399	6.75	6.4	6.9	6.85	7.2
CAF119	02/16/2015	0.262	0.461	0.418	0.417	0.399	6.358	6.4	6.958	6.9	7.2
CAF119	02/17/2015	0.26	0.456	0.411	0.257	0.398	5.867	6.275	6.983	6.9	7.283
CAF119	02/18/2015	0.259	0.452	0.408	0.239	0.396	5.583	6.1	6.9	6.913	7.3
CAF119	02/19/2015	0.258	0.451	0.405	0.236	0.37	5.488	5.979	6.842	6.95	7.3
CAF119	02/20/2015	0.258	0.45	0.404	0.235	0.316	5.658	5.9	6.8	6.946	7.3
CAF119	02/21/2015	0.258	0.449	0.403	0.235	0.306	5.667	5.9	6.8	6.9	7.3
CAF119	02/22/2015	0.257	0.447	0.402	0.234	0.302	4.992	5.863	6.725	6.9	7.3
CAF119	02/23/2015	0.256	0.446	0.402	0.234	0.301	4.212	5.596	6.671	6.9	7.3
CAF119	02/24/2015	0.255	0.446	0.401	0.233	0.3	3.929	5.292	6.542	6.883	7.3
CAF119	02/25/2015	0.255	0.444	0.4	0.233	0.299	4	5.092	6.379	6.8	7.3
CAF119	02/26/2015	0.254	0.443	0.4	0.233	0.299	4.275	5	6.263	6.712	7.3
CAF119	02/27/2015	0.254	0.442	0.4	0.233	0.299	4.587	5.071	6.2	6.671	7.2
CAF119	02/28/2015	0.253	0.441	0.399	0.232	0.297	4.696	5.133	6.2	6.6	7.2
CAF119	03/01/2015	0.253	0.44	0.399	0.232	0.296	4.354	5.1	6.2	6.596	7.121
CAF119	03/02/2015	0.252	0.438	0.399	0.232	0.296	4.075	5.025	6.146	6.5	7.1
CAF119	03/03/2015	0.252	0.438	0.399	0.232	0.295	3.967	4.904	6.1	6.5	7.1
CAF119	03/04/2015	0.251	0.438	0.399	0.232	0.294	3.821	4.854	6	6.467	7.1
CAF119	03/05/2015	0.251	0.438	0.399	0.231	0.294	3.775	4.746	5.95	6.4	7.042
CAF119	03/06/2015	0.25	0.437	0.399	0.231	0.293	4.229	4.7	5.9	6.392	7
CAF119	03/07/2015	0.25	0.436	0.399	0.231	0.293	4.963	4.863	5.9	6.3	6.988
CAF119	03/08/2015	0.251	0.435	0.399	0.231	0.293	5.504	5.117	5.917	6.3	6.9
CAF119	03/09/2015	0.25	0.433	0.398	0.231	0.293	6.013	5.371	6.021	6.3	6.9
CAF119	03/10/2015	0.25	0.432	0.398	0.231	0.293	6.413	5.625	6.146	6.317	6.9
CAF119	03/11/2015	0.251	0.431	0.398	0.231	0.292	6.983	5.883	6.279	6.4	6.9
CAF119	03/12/2015	0.25	0.429	0.397	0.231	0.292	7.267	6.162	6.442	6.446	6.9
CAF119	03/13/2015	0.25	0.429	0.397	0.231	0.292	7.475	6.421	6.604	6.517	6.9
CAF119	03/14/2015	0.25	0.428	0.397	0.231	0.292	7.908	6.612	6.754	6.625	6.95
CAF119	03/15/2015	0.254	0.427	0.396	0.231	0.292	8.096	6.838	6.904	6.704	7
CAF119	03/16/2015	0.264	0.427	0.396	0.231	0.291	7.971	6.988	7.054	6.804	7.05
CAF119	03/17/2015	0.265	0.426	0.396	0.231	0.291	8.079	7.1	7.167	6.9	7.1
CAF119	03/18/2015	0.273	0.426	0.395	0.231	0.291	7.6	7.162	7.258	6.988	7.112
CAF119	03/19/2015	0.267	0.431	0.396	0.231	0.291	7.512	7.1	7.3	7.062	7.2
CAF119	03/20/2015	0.265	0.439	0.397	0.231	0.291	7.733	7.1	7.3	7.1	7.258
CAF119	03/21/2015	0.263	0.441	0.399	0.232	0.292	8.15	7.212	7.392	7.162	7.3
CAF119	03/22/2015	0.262	0.439	0.4	0.232	0.293	7.858	7.304	7.446	7.2	7.3
CAF119	03/23/2015	0.269	0.44	0.401	0.233	0.295	7.729	7.3	7.5	7.283	7.321
CAF119	03/24/2015	0.275	0.453	0.402	0.233	0.296	7.033	7.25	7.5	7.325	7.4
CAF119	03/25/2015	0.27	0.462	0.416	0.236	0.311	6.446	6.996	7.5	7.4	7.463
CAF119	03/26/2015	0.268	0.455	0.414	0.237	0.316	7.033	6.871	7.4	7.4	7.5
CAF119	03/27/2015	0.267	0.451	0.412	0.236	0.313	8.362	7.054	7.4	7.396	7.5
CAF119	03/28/2015	0.274	0.451	0.411	0.235	0.31	9.288	7.487	7.492	7.4	7.5
CAF119	03/29/2015	0.269	0.452	0.412	0.236	0.312	8.604	7.783	7.679	7.413	7.5
CAF119	03/30/2015	0.266	0.448	0.412	0.236	0.315	8.95	7.846	7.808	7.5	7.562
CAF119	03/31/2015	0.265	0.445	0.411	0.236	0.313	9.288	8.021	7.921	7.596	7.6
CAF119	04/01/2015	0.263	0.443	0.41	0.235	0.307	8.229	8.075	8.042	7.658	7.675
CAF119	04/02/2015	0.262	0.441	0.409	0.235	0.305	7.538	7.854	8.075	7.729	7.779
CAF119	04/03/2015	0.26	0.439	0.408	0.235	0.304	7.188	7.612	7.996	7.8	7.8
CAF119	04/04/2015	0.26	0.439	0.408	0.235	0.303	7.596	7.5	7.9	7.8	7.8
CAF119	04/05/2015	0.259	0.436	0.407	0.234	0.303	7.65	7.5	7.9	7.8	7.8
CAF119	04/06/2015	0.258	0.435	0.406	0.234	0.301	7.654	7.5	7.854	7.8	7.8
CAF119	04/07/2015	0.258	0.433	0.406	0.234	0.3	7.204	7.458	7.833	7.8	7.9
CAF119	04/08/2015	0.258	0.431	0.405	0.234	0.299	7.788	7.421	7.8	7.8	7.9
CAF119	04/09/2015	0.258	0.431	0.405	0.234	0.298	7.9	7.5	7.8	7.742	7.9
CAF119	04/10/2015	0.258	0.429	0.404	0.234	0.298	8.25	7.571	7.817	7.788	7.9
CAF119	04/11/2015	0.257	0.428	0.404	0.234	0.297	8.642	7.746	7.9	7.8	7.9
CAF119	04/12/2015	0.257	0.428	0.404	0.233	0.296	7.938	7.846	7.983	7.8	7.946
CAF119	04/13/2015	0.256	0.428	0.404	0.234	0.296	7.675	7.712	8	7.8	8
CAF119	04/14/2015	0.256	0.428	0.403	0.233	0.296	8.05	7.758	8	7.896	8
CAF119	04/15/2015	0.255	0.428	0.403	0.233	0.295	7.35	7.662	8	7.9	8
CAF119	04/16/2015	0.255	0.428	0.402	0.233	0.295	7.587	7.529	7.971	7.9	8
CAF119	04/17/2015	0.256	0.427	0.402	0.233	0.295	8.675	7.633	7.929	7.9	8
CAF119	04/18/2015	0.255	0.425	0.401	0.233	0.295	9.504	7.975	8.029	7.9	8
CAF119	04/19/2015	0.255	0.424	0.401	0.233	0.295	9.796	8.304	8.175	7.9	8
CAF119	04/20/2015	0.255	0.422	0.4	0.233	0.295	10.43	8.579	8.346	7.996	8.058
CAF119	04/21/2015	0.254	0.42	0.4	0.233	0.295	11.14	8.912	8.525	8.075	8.1
CAF119	04/22/2015	0.253	0.419	0.4	0.233	0.294	11.48	9.296	8.721	8.175	8.142
CAF119	04/23/2015	0.252	0.418	0.4	0.233	0.294	10.64	9.471	8.946	8.308	8.2
CAF119	04/24/2015	0.251	0.418	0.4	0.233	0.294	10.02	9.383	9.038	8.429	8.208
CAF119	04/25/2015	0.25	0.418	0.4	0.233	0.294	9.733	9.225	9.1	8.5	8.337
CAF119	04/26/2015	0.249	0.418	0.4	0.233	0.294	9.517	9.075	9.033	8.592	8.4
CAF119	04/27/2015	0.248	0.418	0.4	0.233	0.293	9.979	9.025	9	8.6	8.433
CAF119	04/28/2015	0.248	0.416	0.397	0.234	0.294	10.97	9.178	9.03	8.6	8.5
CAF119	04/29/2015	0.249	0.415	0.394	0.234	0.295	11.92	9.554	9.142	8.658	8.504
CAF119	04/30/2015	0.248	0.415	0.394	0.234	0.294	11.43	9.862	9.325	8.717	8.6
CAF119	05/01/2015	0.247	0.415	0.393	0.234	0.295	11.69	9.933	9.454	8.817	8.6
CAF119	05/02/2015	0.247	0.415	0.393	0.234	0.295	12.08	10.07	9.558	8.9	8.621
CAF119	05/03/2015	0.247	0.415	0.393	0.234	0.295	12.24	10.27	9.6	9	8.725
CAF119	05/04/2015	0.247	0.414	0.393	0.234	0.295	12.47	10.45	9.679	9.083	8.8
CAF119	05/05/2015	0.247	0.415	0.393	0.234	0.294	12.87	10.61	9.733	9.179	8.846
CAF119	05/06/2015	0.246	0.414	0.393	0.234	0.294	12.27	10.7	9.821	9.267	8.921
CAF119	05/07/2015	0.246	0.414	0.393	0.234	0.294	12.19	10.63	9.9	9.362	9
CAF119	05/08/2015	0.246	0.415	0.393	0.234	0.294	12.48	10.68	9.9	9.412	9
CAF119	05/09/2015	0.246	0.414	0.393	0.234	0.294	12.92	10.83	9.937	9.5	9.1
CAF119	05/10/2015	0.246	0.413	0.392	0.234	0.294	13.23	11	10.03	9.546	9.2
CAF119	05/11/2015	0.246	0.412	0.392	0.234	0.295	13.5	11.17	10.14	9.65	9.208
CAF119	05/12/2015	0.246	0.412	0.392	0.234	0.295	13.8	11.36	10.25	9.729	9.3
CAF119	05/13/2015	0.256	0.41	0.393	0.234	0.294	13.32	11.5	10.38	9.829	9.387
CAF119	05/14/2015	0.262	0.409	0.393	0.234	0.294	12.25	11.37	10.5	9.921	9.4
CAF119	05/15/2015	0.26	0.41	0.393	0.234	0.295	12.65	11.2	10.45	10	9.496
CAF119	05/16/2015	0.261	0.41	0.392	0.234	0.294	12.46	11.2	10.48	10.02	9.6
CAF119	05/17/2015	0.272	0.407	0.396	0.233	0.294	12.64	11.2	10.5	10.1	9.608
CAF119	05/18/2015	0.265	0.417	0.395	0.234	0.294	12.95	11.29	10.5	10.1	9.7
CAF119	05/19/2015	0.264	0.423	0.396	0.234	0.294	13.92	11.49	10.56	10.19	9.725
CAF119	05/20/2015	0.263	0.425	0.397	0.234	0.295	14.83	11.87	10.7	10.23	9.8
CAF119	05/21/2015	0.262	0.425	0.399	0.235	0.296	15.51	12.29	10.92	10.33	9.8
CAF119	05/22/2015	0.261	0.423	0.4	0.235	0.298	15.84	12.68	11.18	10.45	9.892
CAF119	05/23/2015	0.26	0.422	0.4	0.236	0.299	15.65	12.95	11.42	10.6	10
CAF119	05/24/2015	0.259	0.421	0.4	0.236	0.3	15.75	13.07	11.62	10.75	10.11
CAF119	05/25/2015	0.259	0.42	0.4	0.236	0.301	16.02	13.23	11.76	10.89	10.25
CAF119	05/26/2015	0.258	0.418	0.4	0.237	0.301	15.95	13.37	11.92	11.03	10.34
CAF119	05/27/2015	0.257	0.417	0.4	0.237	0.301	15.42	13.39	12.04	11.16	10.46
CAF119	05/28/2015	0.256	0.416	0.4	0.237	0.3	15.95	13.38	12.1	11.26	10.54
CAF119	05/29/2015	0.257	0.416	0.4	0.237	0.3	16.93	13.64	12.2	11.36	10.65
CAF119	05/30/2015	0.257	0.414	0.4	0.237	0.301	17.89	14.04	12.37	11.45	10.7
CAF119	05/31/2015	0.257	0.412	0.4	0.237	0.3	18.42	14.49	12.63	11.58	10.8
CAF119	06/01/2015	0.256	0.411	0.4	0.237	0.3	18.58	14.87	12.91	11.75	10.92
CAF119	06/02/2015	0.255	0.41	0.4	0.237	0.3	17.55	14.99	13.15	11.94	11.05
CAF119	06/03/2015	0.254	0.41	0.399	0.237	0.3	16.54	14.8	13.28	12.1	11.13
CAF119	06/04/2015	0.254	0.41	0.399	0.237	0.3	16.71	14.59	13.3	12.21	11.28
CAF119	06/05/2015	0.254	0.409	0.399	0.237	0.3	17.52	14.65	13.26	12.3	11.38
CAF119	06/06/2015	0.254	0.407	0.398	0.237	0.3	18.35	14.9	13.34	12.36	11.49
CAF119	06/07/2015	0.254	0.406	0.398	0.237	0.3	19.29	15.27	13.5	12.44	11.51
CAF119	06/08/2015	0.253	0.405	0.397	0.237	0.3	20.27	15.75	13.74	12.57	11.65
CAF119	06/09/2015	0.253	0.405	0.397	0.237	0.3	21.08	16.25	14.04	12.73	11.74
CAF119	06/10/2015	0.251	NA	0.397	0.238	0.299	21.05	NA	14.36	12.92	11.86
CAF119	09/06/2015	0.16	0.203	0.191	0.167	0.27	16.32	16.84	17.02	16.84	16.4
CAF119	09/07/2015	0.159	0.203	0.19	0.167	0.27	15.82	16.54	16.75	16.73	16.37
CAF119	09/08/2015	0.159	0.202	0.19	0.167	0.269	15.9	16.19	16.47	16.57	16.29
CAF119	09/09/2015	0.16	0.202	0.189	0.166	0.269	16.56	16.1	16.25	16.42	16.2
CAF119	09/10/2015	0.161	0.203	0.189	0.166	0.268	17.37	16.23	16.19	16.28	16.13
CAF119	09/11/2015	0.162	0.203	0.189	0.166	0.268	18.09	16.5	16.2	16.2	16.01
CAF119	09/12/2015	0.163	0.204	0.189	0.165	0.268	18.73	16.78	16.25	16.13	16
CAF119	09/13/2015	0.164	0.205	0.189	0.165	0.267	19.16	17.03	16.36	16.11	15.9
CAF119	09/14/2015	0.163	0.204	0.189	0.166	0.267	18.66	17.2	16.5	16.2	15.9
CAF119	09/15/2015	0.162	0.204	0.189	0.166	0.267	17.8	17.11	16.56	16.2	15.9
CAF119	09/16/2015	0.161	0.204	0.188	0.166	0.267	17.31	16.87	16.48	16.2	15.9
CAF119	09/17/2015	0.161	0.204	0.187	0.166	0.266	17.03	16.64	16.37	16.2	15.85
CAF119	09/18/2015	0.16	0.205	0.187	0.166	0.266	16.37	16.39	16.25	16.1	15.8
CAF119	09/19/2015	0.16	0.204	0.187	0.166	0.266	16.19	16.12	16.09	16.07	15.8
CAF119	09/20/2015	0.161	0.204	0.187	0.166	0.266	16.5	15.97	15.95	15.98	15.8
CAF119	09/21/2015	0.161	0.204	0.187	0.166	0.265	17.14	16.02	15.9	15.9	15.71
CAF119	09/22/2015	0.161	0.205	0.187	0.166	0.265	17.02	16.15	15.9	15.81	15.61
CAF119	09/23/2015	0.16	0.204	0.186	0.166	0.265	16.35	16.05	15.86	15.8	15.6
CAF119	09/24/2015	0.16	0.204	0.186	0.165	0.265	16.29	15.87	15.78	15.77	15.6
CAF119	09/25/2015	0.162	0.204	0.186	0.165	0.264	16.33	15.77	15.69	15.7	15.59
CAF119	09/26/2015	0.166	0.204	0.186	0.165	0.263	16.6	15.77	15.6	15.66	15.5
CAF119	09/27/2015	0.165	0.204	0.186	0.166	0.263	16.01	15.75	15.6	15.6	15.5
CAF119	09/28/2015	0.165	0.204	0.186	0.166	0.262	15.58	15.53	15.51	15.57	15.42
CAF119	09/29/2015	0.165	0.203	0.186	0.166	0.262	15.6	15.31	15.39	15.5	15.4
CAF119	09/30/2015	0.165	0.203	0.186	0.166	0.262	15.96	15.28	15.3	15.42	15.37
CAF119	10/01/2015	0.166	0.203	0.185	0.166	0.262	16.38	15.36	15.22	15.37	15.3
CAF119	10/02/2015	0.166	0.204	0.186	0.166	0.261	16.23	15.45	15.3	15.3	15.22
CAF119	10/03/2015	0.165	0.204	0.186	0.167	0.261	16.15	15.4	15.29	15.3	15.2
CAF119	10/04/2015	0.165	0.203	0.186	0.167	0.261	16.11	15.4	15.2	15.3	15.2
CAF119	10/05/2015	0.165	0.203	0.186	0.167	0.261	15.95	15.35	15.2	15.27	15.2
CAF119	10/06/2015	0.165	0.204	0.185	0.167	0.261	16	15.29	15.2	15.2	15.14
CAF119	10/07/2015	0.166	0.204	0.185	0.167	0.26	16.17	15.29	15.1	15.2	15.1
CAF119	10/08/2015	0.165	0.203	0.185	0.167	0.26	15.82	15.27	15.1	15.17	15.1
CAF119	10/09/2015	0.165	0.204	0.185	0.167	0.26	15.97	15.2	15.1	15.1	15.08
CAF119	10/10/2015	0.166	0.203	0.185	0.167	0.26	16.17	15.23	15.01	15.1	15
CAF119	10/11/2015	0.166	0.204	0.185	0.167	0.26	16.19	15.29	15.04	15.1	15
CAF119	10/12/2015	0.165	0.204	0.185	0.167	0.26	15.55	15.21	15.04	15.1	15
CAF119	10/13/2015	0.165	0.203	0.185	0.167	0.259	15.5	15.06	14.99	15.03	15
CAF119	10/14/2015	0.165	0.203	0.185	0.167	0.259	15.46	14.97	14.9	15	14.95
CAF119	10/15/2015	0.165	0.203	0.185	0.167	0.259	15.34	14.89	14.84	14.99	14.9
CAF119	10/16/2015	0.165	0.203	0.185	0.167	0.259	15.24	14.79	14.8	14.9	14.83
CAF119	10/17/2015	0.165	0.203	0.185	0.167	0.259	15.4	14.73	14.7	14.9	14.8
CAF119	10/18/2015	0.165	0.203	0.185	0.168	0.259	15.39	14.76	14.7	14.84	14.8
CAF119	10/19/2015	0.165	0.203	0.185	0.168	0.258	15.12	14.7	14.68	14.8	14.8
CAF119	10/20/2015	0.165	0.203	0.185	0.168	0.258	14.77	14.58	14.6	14.8	14.8
CAF119	10/21/2015	0.164	0.203	0.185	0.168	0.258	14.37	14.43	14.53	14.7	14.71
CAF119	10/22/2015	0.164	0.202	0.185	0.168	0.258	14.14	14.21	14.42	14.7	14.7
CAF119	10/23/2015	0.163	0.201	0.185	0.167	0.258	13.61	14.03	14.29	14.6	14.66
CAF119	10/24/2015	0.163	0.201	0.184	0.167	0.257	13.28	13.74	14.15	14.53	14.6
CAF119	10/25/2015	0.163	0.2	0.184	0.167	0.257	13.05	13.53	13.99	14.46	14.6
CAF119	10/26/2015	0.163	0.2	0.184	0.167	0.257	13.1	13.38	13.85	14.35	14.5
CAF119	10/27/2015	0.163	0.199	0.184	0.167	0.257	12.7	13.24	13.73	14.25	14.42
CAF119	10/28/2015	0.163	0.199	0.184	0.167	0.256	12.54	13.08	13.6	14.16	14.4
CAF119	10/29/2015	0.163	0.199	0.184	0.167	0.255	12.27	12.9	13.46	14.08	14.32
CAF119	10/30/2015	0.163	0.199	0.184	0.167	0.255	12.08	12.75	13.34	13.98	14.24
CAF119	10/31/2015	0.163	0.199	0.183	0.167	0.255	12.17	12.6	13.22	13.89	14.19
CAF119	11/01/2015	0.163	0.199	0.183	0.166	0.255	12.07	12.57	13.1	13.78	14.08
CAF119	11/02/2015	0.163	0.199	0.183	0.166	0.255	11.11	12.36	13.03	13.7	14
CAF119	11/03/2015	0.162	0.199	0.183	0.166	0.255	10.3	11.96	12.84	13.61	13.98
CAF119	11/04/2015	0.161	0.198	0.182	0.166	0.254	9.35	11.49	12.58	13.48	13.9
CAF119	11/05/2015	0.161	0.198	0.182	0.166	0.254	8.592	10.99	12.29	13.33	13.77
CAF119	11/06/2015	0.16	0.197	0.181	0.166	0.254	7.888	10.49	11.97	13.15	13.68
CAF119	11/07/2015	0.161	0.196	0.181	0.166	0.254	7.871	10.06	11.66	12.94	13.55
CAF119	11/08/2015	0.161	0.196	0.181	0.165	0.253	8.154	9.867	11.39	12.73	13.44
CAF119	11/09/2015	0.177	0.197	0.179	0.166	0.253	8.367	9.8	11.22	12.55	13.29
CAF119	11/10/2015	0.23	0.197	0.178	0.166	0.253	8.121	9.746	11.08	12.37	13.13
CAF119	11/11/2015	0.227	0.197	0.178	0.166	0.252	7.688	9.563	10.95	12.25	13.05
CAF119	11/12/2015	0.227	0.197	0.178	0.165	0.252	7.15	9.296	10.76	12.12	12.92
CAF119	11/13/2015	0.226	0.196	0.178	0.165	0.252	6.983	8.987	10.56	11.97	12.78
CAF119	11/14/2015	0.227	0.196	0.177	0.165	0.251	7.558	8.9	10.36	11.83	12.69
CAF119	11/15/2015	0.227	0.195	0.177	0.165	0.251	7.775	8.954	10.28	11.67	12.56
CAF119	11/16/2015	0.226	0.195	0.177	0.165	0.251	7.35	8.954	10.2	11.56	12.45
CAF119	11/17/2015	0.232	0.195	0.177	0.165	0.251	6.588	8.679	10.1	11.47	12.3
CAF119	11/18/2015	0.253	0.195	0.177	0.165	0.251	6.617	8.396	9.925	11.36	12.25
CAF119	11/19/2015	0.251	0.194	0.176	0.165	0.25	6.15	8.217	9.758	11.23	12.14
CAF119	11/20/2015	0.25	0.193	0.175	0.165	0.25	5.671	7.938	9.592	11.11	12.04
CAF119	11/21/2015	0.248	0.192	0.175	0.165	0.25	5.196	7.617	9.379	10.96	11.9
CAF119	11/22/2015	0.246	0.192	0.175	0.164	0.25	4.75	7.296	9.146	10.82	11.83
CAF119	11/23/2015	0.244	0.191	0.175	0.164	0.249	4.463	6.988	8.917	10.65	11.71
CAF119	11/24/2015	0.242	0.191	0.174	0.164	0.249	4.35	6.721	8.692	10.48	11.55
CAF119	11/25/2015	0.242	0.191	0.174	0.164	0.249	4.413	6.558	8.513	10.32	11.46
CAF119	11/26/2015	0.242	0.19	0.174	0.163	0.248	4.233	6.45	8.354	10.16	11.33
CAF119	11/27/2015	0.241	0.19	0.174	0.163	0.248	3.929	6.288	8.2	10.02	11.18
CAF119	11/28/2015	0.239	0.19	0.174	0.163	0.248	3.675	6.087	8.046	9.867	11.08
CAF119	11/29/2015	0.238	0.189	0.173	0.163	0.248	3.492	5.888	7.879	9.737	10.95
CAF119	11/30/2015	0.236	0.189	0.173	0.163	0.247	3.317	5.712	7.717	9.575	10.83
CAF119	12/01/2015	0.234	0.189	0.173	0.163	0.247	3.146	5.542	7.554	9.442	10.7
CAF119	12/02/2015	0.233	0.189	0.173	0.163	0.246	2.983	5.35	7.4	9.292	10.59
CAF119	12/03/2015	0.232	0.188	0.173	0.163	0.246	2.9	5.204	7.237	9.154	10.48
CAF119	12/04/2015	0.23	0.187	0.173	0.163	0.246	2.85	5.083	7.087	9.021	10.35
CAF119	12/05/2015	0.23	0.187	0.173	0.162	0.246	2.8	4.996	6.967	8.887	10.24
CAF119	12/06/2015	0.236	0.187	0.173	0.162	0.245	2.8	4.9	6.863	8.758	10.09
CAF119	12/07/2015	0.281	0.188	0.173	0.162	0.245	2.975	4.779	6.763	8.654	9.967
CAF119	12/08/2015	0.281	0.292	0.173	0.161	0.244	3.975	4.625	6.625	8.546	9.833
CAF119	12/09/2015	0.28	0.409	0.173	0.161	0.244	5.375	5.067	6.6	8.45	9.771
CAF119	12/10/2015	0.28	0.421	0.174	0.161	0.244	5.483	5.608	6.746	8.4	9.667
CAF119	12/11/2015	0.272	0.421	0.174	0.161	0.244	5.058	5.796	6.879	8.4	9.6
CAF119	12/12/2015	0.273	0.417	0.174	0.161	0.243	4.95	5.8	6.9	8.4	9.554
CAF119	12/13/2015	0.284	0.427	0.175	0.161	0.243	4.483	5.696	6.892	8.4	9.479
CAF119	12/14/2015	0.273	0.424	0.175	0.161	0.243	4.483	5.6	6.8	8.333	9.4
CAF119	12/15/2015	0.269	0.422	0.175	0.161	0.243	4.25	5.517	6.704	8.3	9.4
CAF119	12/16/2015	0.266	0.42	0.175	0.161	0.243	4.05	5.421	6.625	8.204	9.367
CAF119	12/17/2015	0.264	0.419	0.176	0.161	0.243	3.871	5.283	6.533	8.15	9.3
CAF119	12/18/2015	0.263	0.418	0.177	0.161	0.243	3.767	5.167	6.421	8.071	9.2
CAF119	12/19/2015	0.267	0.422	0.182	0.161	0.242	3.604	4.933	6.246	7.979	9.171
CAF119	12/20/2015	0.271	0.421	0.21	0.161	0.242	3.5	4.9	6.192	7.896	9.038
CAF119	12/21/2015	0.275	0.423	0.248	0.161	0.242	3.492	4.808	6.092	7.8	9
CAF119	12/22/2015	0.286	0.438	0.364	0.161	0.242	3.308	4.5	5.904	7.687	8.937
CAF119	12/23/2015	0.282	0.433	0.374	0.161	0.242	3.3	4.5	5.9	7.6	8.842
CAF119	12/24/2015	0.278	0.431	0.378	0.161	0.241	3.3	4.5	5.808	7.5	8.788
CAF119	12/25/2015	0.275	0.43	0.38	0.161	0.241	3.3	4.5	5.8	7.425	8.658
CAF119	12/26/2015	0.273	0.428	0.381	0.161	0.241	3.3	4.5	5.758	7.363	8.6
CAF119	12/27/2015	0.271	0.427	0.381	0.161	0.241	3.3	4.5	5.7	7.3	8.571
CAF119	12/28/2015	0.27	0.425	0.38	0.161	0.24	3.3	4.5	5.692	7.2	8.496
CAF119	12/29/2015	0.268	0.425	0.38	0.161	0.24	3.3	4.413	5.6	7.146	8.4
CAF119	12/30/2015	0.267	0.424	0.38	0.161	0.24	3.3	4.4	5.596	7.1	8.379
CAF119	12/31/2015	0.266	0.423	0.38	0.161	0.24	3.221	4.4	5.5	7.025	8.267
CAF119	01/01/2016	0.264	0.422	0.379	0.161	0.24	3.2	4.333	5.5	7	8.2
CAF119	01/02/2016	0.263	0.421	0.379	0.161	0.24	3.142	4.3	5.438	6.908	8.2
CAF119	01/03/2016	0.261	0.421	0.378	0.161	0.239	3.1	4.246	5.4	6.9	8.117
CAF119	01/04/2016	0.26	0.42	0.378	0.161	0.239	3.096	4.2	5.346	6.8	8.067
CAF119	01/05/2016	0.259	0.419	0.377	0.161	0.239	3	4.187	5.3	6.775	8
CAF119	01/06/2016	0.276	0.429	0.393	0.161	0.239	2.938	4.012	5.254	6.7	7.967
CAF119	01/07/2016	0.283	0.441	0.412	0.161	0.239	2.8	3.892	5.1	6.642	7.858
CAF119	01/08/2016	0.281	0.438	0.406	0.161	0.239	2.8	3.9	5.1	6.567	7.8
CAF119	01/09/2016	0.278	0.437	0.404	0.162	0.239	2.892	3.9	5.033	6.5	7.8
CAF119	01/10/2016	0.278	0.436	0.403	0.165	0.238	2.9	3.9	5	6.438	7.708
CAF119	01/11/2016	0.275	0.436	0.403	0.184	0.238	2.888	3.9	5	6.4	7.608
CAF119	01/12/2016	0.271	0.435	0.402	0.194	0.238	2.8	3.871	4.967	6.354	7.558
CAF119	01/13/2016	0.313	0.462	0.442	0.206	0.237	2.387	3.346	4.713	6.271	7.5
CAF119	01/14/2016	0.293	0.457	0.434	0.221	0.247	2.262	3.125	4.45	6.075	7.404
CAF119	01/15/2016	0.282	0.451	0.424	0.223	0.298	2.429	3.321	4.5	5.983	7.3
CAF119	01/16/2016	0.274	0.446	0.415	0.222	0.302	2.5	3.4	4.5	5.9	7.217
CAF119	01/17/2016	0.281	0.444	0.411	0.222	0.297	2.5	3.479	4.5	5.9	7.129
CAF119	01/18/2016	0.295	0.457	0.425	0.223	0.302	2.45	3.4	4.5	5.879	7.1
CAF119	01/19/2016	0.283	0.452	0.425	0.225	0.321	2.725	3.4	4.438	5.8	7.017
CAF119	01/20/2016	0.29	0.451	0.421	0.224	0.313	3.071	3.475	4.442	5.771	6.942
CAF119	01/21/2016	0.282	0.448	0.421	0.225	0.347	3.4	3.621	4.5	5.7	6.9
CAF119	01/22/2016	0.281	0.445	0.418	0.225	0.412	3.571	3.754	4.529	5.7	6.9
CAF119	01/23/2016	0.287	0.445	0.416	0.227	0.413	3.687	3.879	4.6	5.7	6.817
CAF119	01/24/2016	0.284	0.448	0.421	0.289	0.415	3.925	3.975	4.692	5.779	6.8
CAF119	01/25/2016	0.277	0.447	0.423	0.452	0.416	3.962	4.142	4.737	5.8	6.8
CAF119	01/26/2016	0.274	0.445	0.423	0.455	0.416	3.55	4.162	4.8	5.8	6.8
CAF119	01/27/2016	0.272	0.443	0.42	0.454	0.416	3.646	4.1	4.8	5.829	6.8
CAF119	01/28/2016	0.279	0.439	0.417	0.429	0.415	4.087	4.158	4.808	5.9	6.8
CAF119	01/29/2016	0.289	0.446	0.425	0.42	0.416	4.092	4.263	4.9	5.9	6.8
CAF119	01/30/2016	0.283	0.451	0.493	0.46	0.42	3.775	4.3	4.9	5.9	6.8
CAF119	01/31/2016	0.278	0.454	0.505	0.46	0.421	3.592	4.208	4.9	5.9	6.8
CAF119	02/01/2016	0.276	0.452	0.504	0.462	0.42	3.388	4.146	4.9	5.9	6.8
CAF119	02/02/2016	0.274	0.45	0.501	0.463	0.42	3.187	4.05	4.858	5.9	6.8
CAF119	02/03/2016	0.272	0.448	0.494	0.464	0.42	2.996	3.938	4.8	5.9	6.8
CAF119	02/04/2016	0.277	0.448	NA	0.465	0.419	2.842	3.833	NA	5.846	6.733
