CAF031	09/02/2011	0.222	0.196	0.142	0.283	0.233	19.32	17.7	17	15.2	13.9
CAF031	09/03/2011	0.22	0.196	0.142	0.283	0.233	18.3	17.6	16.75	15.2	13.94
CAF031	09/04/2011	0.22	0.196	0.143	0.283	0.233	18.19	17.32	16.71	15.18	14
CAF031	09/05/2011	0.22	0.195	0.141	0.283	0.233	18.49	17	16.59	15.1	14
CAF031	09/06/2011	0.22	0.195	0.141	0.283	0.233	18.8	17.23	16.5	15.1	14
CAF031	09/07/2011	0.22	0.196	0.141	0.283	0.233	19	17.29	16.5	15.1	14
CAF031	09/08/2011	0.221	0.196	0.141	0.282	0.233	19.38	17.37	16.49	15.1	14
CAF031	09/09/2011	0.221	0.195	0.141	0.283	0.233	19.54	17.32	16.6	15.1	14
CAF031	09/10/2011	0.221	0.196	0.141	0.283	0.233	19.74	17.56	16.65	15.1	14.03
CAF031	09/11/2011	0.22	0.197	0.142	0.283	0.233	19.78	17.71	16.72	15.17	14.1
CAF031	09/12/2011	0.22	0.197	0.142	0.283	0.233	19.84	17.79	16.8	15.2	14.1
CAF031	09/13/2011	0.22	0.197	0.142	0.283	0.233	19.71	17.84	16.83	15.26	14.17
CAF031	09/14/2011	0.219	0.197	0.142	0.283	0.233	19.46	17.79	16.9	15.3	14.2
CAF031	09/15/2011	0.218	0.197	0.142	0.283	0.233	19.14	17.77	16.9	15.35	14.26
CAF031	09/16/2011	0.216	0.197	0.142	0.283	0.234	17.87	17.51	16.84	15.4	14.3
CAF031	09/17/2011	0.215	0.196	0.142	0.284	0.234	17.15	17.11	16.68	15.4	14.3
CAF031	09/18/2011	0.215	0.195	0.142	0.283	0.234	16.93	16.75	16.44	15.4	14.39
CAF031	09/19/2011	0.215	0.195	0.141	0.283	0.234	17.11	16.56	15.71	15.33	14.4
CAF031	09/20/2011	0.214	0.195	0.142	0.283	0.234	16.87	16.47	16.19	15.29	14.32
CAF031	09/21/2011	0.214	0.194	0.142	0.283	0.234	16.79	16.35	16.08	15.2	14.3
CAF031	09/22/2011	0.215	0.194	0.142	0.283	0.234	17.06	16.22	16	15.18	14.3
CAF031	09/23/2011	0.215	0.193	0.142	0.282	0.234	17.65	15.9	15.91	15.1	14.3
CAF031	09/24/2011	0.216	0.195	0.142	0.282	0.234	18.2	16.47	15.95	15.1	14.2
CAF031	09/25/2011	0.216	0.195	0.142	0.282	0.234	18.25	16.68	16.04	15.1	14.2
CAF031	09/26/2011	0.214	0.195	0.143	0.282	0.234	16.87	16.61	16.1	15.1	14.2
CAF031	09/27/2011	0.213	0.195	0.142	0.282	0.234	16.34	16.28	15.99	15.1	14.2
CAF031	09/28/2011	0.212	0.194	0.142	0.282	0.234	15.71	15.98	15.85	15.1	14.2
CAF031	09/29/2011	0.212	0.194	0.142	0.282	0.234	15.3	15.66	15.68	15.04	14.2
CAF031	09/30/2011	0.213	0.193	0.142	0.282	0.234	15.44	15.43	15.32	14.99	14.2
CAF031	10/01/2011	0.214	0.193	0.142	0.282	0.234	16.15	15.37	15.36	14.9	14.11
CAF031	10/02/2011	0.214	0.193	0.142	0.281	0.234	16.06	15.46	15.3	14.82	14.1
CAF031	10/03/2011	0.214	0.193	0.141	0.281	0.234	16.2	15.48	14.88	14.79	14.04
CAF031	10/04/2011	0.213	0.193	0.142	0.281	0.234	15.58	15.47	15.3	14.7	14
CAF031	10/05/2011	0.212	0.193	0.142	0.281	0.234	14.61	15.2	15.18	14.7	14
CAF031	10/06/2011	0.257	0.192	0.142	0.281	0.234	13.03	14.8	15.02	14.65	13.9
CAF031	10/07/2011	0.294	0.19	0.142	0.28	0.233	12.4	14.23	14.74	14.58	13.9
CAF031	10/08/2011	0.284	0.189	0.141	0.28	0.233	12.2	13.8	14.45	14.47	13.83
CAF031	10/09/2011	0.278	0.189	0.141	0.279	0.233	12.2	13.52	14.19	14.35	13.77
CAF031	10/10/2011	0.273	0.188	0.141	0.279	0.233	12.19	13.35	13.99	14.2	13.67
CAF031	10/11/2011	0.272	0.188	0.141	0.278	0.233	12.09	13.17	13.83	14.07	13.58
CAF031	10/12/2011	0.273	0.188	0.141	0.278	0.233	11.88	13.05	13.67	13.95	13.48
CAF031	10/13/2011	0.271	0.187	0.141	0.277	0.233	11.69	12.86	13.55	13.83	13.39
CAF031	10/14/2011	0.269	0.187	0.141	0.277	0.233	11.81	12.75	13.41	13.72	13.3
CAF031	10/15/2011	0.267	0.187	0.139	0.276	0.233	11.88	12.65	12.89	13.6	13.2
CAF031	10/16/2011	0.277	0.187	0.14	0.276	0.233	11.72	12.6	13.2	13.49	13.11
CAF031	10/17/2011	0.28	0.186	0.14	0.275	0.233	10.89	12.45	13.11	13.4	13.02
CAF031	10/18/2011	0.276	0.186	0.14	0.275	0.233	10.53	12.14	12.95	13.3	12.94
CAF031	10/19/2011	0.274	0.185	0.14	0.275	0.232	10.76	11.95	12.77	13.2	12.87
CAF031	10/20/2011	0.271	0.185	0.14	0.274	0.232	10.92	11.88	12.65	13.08	12.78
CAF031	10/21/2011	0.27	0.185	0.14	0.274	0.232	11.3	11.89	12.58	12.98	12.68
CAF031	10/22/2011	0.268	0.185	0.14	0.274	0.232	11.47	11.9	12.5	12.89	12.6
CAF031	10/23/2011	0.267	0.186	0.14	0.274	0.232	11.66	11.97	12.5	12.8	12.51
CAF031	10/24/2011	0.264	0.186	0.14	0.273	0.232	11.54	12	12.5	12.74	12.45
CAF031	10/25/2011	0.259	0.185	0.14	0.273	0.232	10.43	11.85	12.44	12.7	12.4
CAF031	10/26/2011	0.253	0.185	0.14	0.273	0.232	9.34	11.46	12.31	12.63	12.31
CAF031	10/27/2011	0.251	0.184	0.14	0.273	0.232	8.98	11.02	12.06	12.55	12.28
CAF031	10/28/2011	0.25	0.184	0.139	0.272	0.232	8.64	10.72	11.81	12.44	12.19
CAF031	10/29/2011	0.25	0.183	0.139	0.272	0.232	8.89	10.45	11.6	12.3	12.1
CAF031	10/30/2011	0.25	0.183	0.139	0.271	0.232	8.94	10.38	11.44	12.15	12
CAF031	10/31/2011	0.25	0.183	0.139	0.271	0.232	9.36	10.34	11.33	12.03	11.89
CAF031	11/01/2011	0.25	0.183	0.139	0.27	0.232	8.52	10.32	11.27	11.9	11.79
CAF031	11/02/2011	0.249	0.183	0.139	0.27	0.231	7.55	9.99	11.12	11.8	11.7
CAF031	11/03/2011	0.249	0.182	0.139	0.269	0.231	7.3	9.6	10.89	11.68	11.6
CAF031	11/04/2011	0.249	0.182	0.139	0.269	0.231	7.27	9.38	10.67	11.55	11.5
CAF031	11/05/2011	0.248	0.181	0.138	0.268	0.231	6.48	9.15	10.5	11.42	11.39
CAF031	11/06/2011	0.248	0.181	0.138	0.268	0.231	6.08	8.81	10.28	11.27	11.28
CAF031	11/07/2011	0.248	0.18	0.138	0.267	0.231	5.63	8.5	10.04	11.14	11.16
CAF031	11/08/2011	0.248	0.18	0.138	0.266	0.231	5.56	8.19	9.82	10.96	11.05
CAF031	11/09/2011	0.248	0.18	0.138	0.266	0.231	5.99	8.1	9.63	10.81	10.92
CAF031	11/10/2011	0.248	0.18	0.137	0.265	0.231	6.1	8.06	9.49	10.65	10.78
CAF031	11/11/2011	0.248	0.18	0.137	0.265	0.231	6.19	8	9.39	10.53	10.66
CAF031	11/12/2011	0.259	0.185	0.137	0.264	0.231	5.95	7.95	9.29	10.39	10.55
CAF031	11/13/2011	0.285	0.209	0.137	0.264	0.23	5.5	7.75	9.16	10.28	10.44
CAF031	11/14/2011	0.292	0.212	0.137	0.263	0.23	5.71	7.6	9.02	10.17	10.34
CAF031	11/15/2011	0.287	0.21	0.136	0.263	0.23	5.17	7.5	8.91	10.06	10.23
CAF031	11/16/2011	0.28	0.208	0.136	0.262	0.23	4.34	7.19	8.75	9.95	10.13
CAF031	11/17/2011	0.29	0.205	0.136	0.262	0.23	3.92	6.81	8.53	9.83	10.03
CAF031	11/18/2011	0.296	0.203	0.136	0.261	0.23	4.17	6.6	8.3	9.72	9.92
CAF031	11/19/2011	0.294	0.201	0.136	0.261	0.23	4.29	6.5	8.14	9.57	9.8
CAF031	11/20/2011	0.292	0.2	0.136	0.26	0.23	4.3	6.45	8.03	9.45	9.68
CAF031	11/21/2011	0.29	0.198	0.136	0.26	0.23	4.3	6.4	7.92	9.33	9.58
CAF031	11/22/2011	0.312	0.208	0.202	0.259	0.23	4.13	6.25	7.77	9.22	9.47
CAF031	11/23/2011	0.311	0.206	0.209	0.259	0.23	5.18	6.25	7.63	9.1	9.36
CAF031	11/24/2011	0.307	0.204	0.206	0.258	0.23	5.57	6.49	7.69	9	9.26
CAF031	11/25/2011	0.311	0.203	0.204	0.258	0.23	5.42	6.6	7.73	8.91	9.18
CAF031	11/26/2011	0.308	0.202	0.202	0.258	0.229	4.76	6.55	7.76	8.9	9.1
CAF031	11/27/2011	0.303	0.2	0.2	0.258	0.229	4.43	6.33	7.66	8.8	9.04
CAF031	11/28/2011	0.307	0.199	0.199	0.258	0.229	4.83	6.2	7.55	8.76	9
CAF031	11/29/2011	0.307	0.199	0.198	0.257	0.229	4.85	6.27	7.5	8.7	8.9
CAF031	11/30/2011	0.305	0.198	0.196	0.257	0.229	4.78	6.2	7.47	8.6	8.84
CAF031	12/01/2011	0.303	0.197	0.195	0.257	0.229	4.35	6.17	7.4	8.55	8.79
CAF031	12/02/2011	0.3	0.197	0.194	0.257	0.229	3.92	5.98	7.32	8.5	8.7
CAF031	12/03/2011	0.297	0.196	0.193	0.256	0.229	3.55	5.78	7.16	8.41	8.66
CAF031	12/04/2011	0.293	0.195	0.192	0.256	0.229	3.2	5.56	7.01	8.33	8.6
CAF031	12/05/2011	0.29	0.195	0.191	0.256	0.229	2.98	5.37	6.84	8.23	8.5
CAF031	12/06/2011	0.286	0.194	0.191	0.255	0.229	2.81	5.21	6.65	8.12	8.41
CAF031	12/07/2011	0.284	0.194	0.19	0.255	0.229	2.7	5.06	6.5	8	8.31
CAF031	12/08/2011	0.281	0.193	0.189	0.254	0.229	2.55	4.94	6.35	7.88	8.23
CAF031	12/09/2011	0.278	0.193	0.188	0.254	0.229	2.43	4.81	6.21	7.76	8.14
CAF031	12/10/2011	0.276	0.193	0.188	0.253	0.228	2.4	4.68	6.07	7.65	8.05
CAF031	12/11/2011	0.274	0.193	0.187	0.253	0.228	2.32	4.6	5.95	7.53	7.95
CAF031	12/12/2011	0.273	0.192	0.186	0.252	0.228	2.25	4.5	5.85	7.43	7.86
CAF031	12/13/2011	0.271	0.192	0.186	0.252	0.228	2.2	4.43	5.75	7.32	7.76
CAF031	12/14/2011	0.269	0.192	0.185	0.252	0.228	2.13	4.36	5.66	7.22	7.67
CAF031	12/15/2011	0.267	0.192	0.185	0.252	0.228	2.1	4.3	5.57	7.12	7.59
CAF031	12/16/2011	0.266	0.192	0.184	0.251	0.228	2.19	4.2	5.5	7.03	7.5
CAF031	12/17/2011	0.266	0.192	0.184	0.251	0.228	2.23	4.2	5.41	6.95	7.41
CAF031	12/18/2011	0.267	0.192	0.184	0.251	0.228	2.34	4.2	5.4	6.87	7.34
CAF031	12/19/2011	0.269	0.192	0.183	0.251	0.228	2.4	4.26	5.3	6.8	7.25
CAF031	12/20/2011	0.27	0.192	0.183	0.251	0.228	2.4	4.25	5.3	6.73	7.18
CAF031	12/21/2011	0.27	0.192	0.182	0.251	0.228	2.4	4.2	5.3	6.7	7.1
CAF031	12/22/2011	0.269	0.192	0.182	0.251	0.228	2.27	4.19	5.28	6.64	7.07
CAF031	12/23/2011	0.268	0.192	0.182	0.251	0.228	2.1	4.1	5.2	6.6	7
CAF031	12/24/2011	0.266	0.192	0.181	0.25	0.227	2	4	5.15	6.53	6.91
CAF031	12/25/2011	0.265	0.191	0.181	0.25	0.228	2	3.9	5.09	6.49	6.87
CAF031	12/26/2011	0.264	0.191	0.18	0.25	0.227	2	3.85	5	6.4	6.8
CAF031	12/27/2011	0.264	0.191	0.18	0.25	0.227	2.01	3.8	4.97	6.35	6.73
CAF031	12/28/2011	0.299	0.191	0.18	0.25	0.227	2.41	3.81	4.9	6.3	6.7
CAF031	12/29/2011	0.322	0.192	0.196	0.25	0.227	3.54	4.06	4.9	6.21	6.6
CAF031	12/30/2011	0.331	0.242	0.228	0.25	0.227	3.83	4.38	4.95	6.2	6.5
CAF031	12/31/2011	0.319	0.249	0.217	0.25	0.228	3.63	4.57	5.14	6.2	6.5
CAF031	01/01/2012	0.313	0.247	0.213	0.25	0.227	3.12	4.56	5.21	6.2	6.5
CAF031	01/02/2012	0.31	0.246	0.211	0.25	0.227	3.05	4.45	5.2	6.2	6.5
CAF031	01/03/2012	0.309	0.245	0.21	0.25	0.227	3.19	4.4	5.2	6.2	6.5
CAF031	01/04/2012	0.308	0.245	0.209	0.25	0.227	3.57	4.46	5.2	6.2	6.5
CAF031	01/05/2012	0.308	0.245	0.209	0.25	0.227	4.09	4.59	5.24	6.2	6.5
CAF031	01/06/2012	0.305	0.244	0.208	0.25	0.227	3.73	4.74	5.33	6.2	6.47
CAF031	01/07/2012	0.302	0.244	0.208	0.25	0.227	3.29	4.67	5.4	6.2	6.4
CAF031	01/08/2012	0.301	0.244	0.208	0.25	0.227	3.25	4.6	5.33	6.2	6.4
CAF031	01/09/2012	0.3	0.243	0.207	0.25	0.227	3.32	4.55	5.3	6.2	6.4
CAF031	01/10/2012	0.307	0.243	0.207	0.25	0.227	3.46	4.55	5.3	6.2	6.4
CAF031	01/11/2012	0.308	0.243	0.206	0.25	0.227	3.07	4.55	5.3	6.2	6.4
CAF031	01/12/2012	0.302	0.243	0.206	0.25	0.227	2.62	4.39	5.24	6.18	6.34
CAF031	01/13/2012	0.298	0.242	0.206	0.25	0.227	2.33	4.19	5.15	6.1	6.3
CAF031	01/14/2012	0.294	0.242	0.206	0.25	0.227	2.2	4.02	5.04	6.1	6.3
CAF031	01/15/2012	0.292	0.242	0.205	0.25	0.227	2.12	3.88	4.93	6	6.29
CAF031	01/16/2012	0.292	0.242	0.205	0.249	0.227	2.1	3.78	4.84	5.95	6.2
CAF031	01/17/2012	0.292	0.241	0.205	0.249	0.227	2.1	3.7	4.76	5.9	6.2
CAF031	01/18/2012	0.292	0.241	0.204	0.249	0.227	2.1	3.6	4.7	5.8	6.1
CAF031	01/19/2012	0.296	0.241	0.237	0.249	0.227	2.02	3.56	4.48	5.76	6.1
CAF031	01/20/2012	0.322	0.249	0.28	0.249	0.227	1.65	3.38	4.27	5.7	6
CAF031	01/21/2012	0.335	0.277	0.413	0.249	0.227	1.35	2.95	3.76	5.64	5.97
CAF031	01/22/2012	0.326	0.258	0.238	0.249	0.227	1.52	2.8	3.93	5.57	5.9
CAF031	01/23/2012	0.322	0.25	0.226	0.249	0.227	1.8	3.06	4.04	5.52	5.86
CAF031	01/24/2012	0.319	0.249	0.222	0.249	0.227	1.94	3.19	4.16	5.5	5.8
CAF031	01/25/2012	0.341	0.314	0.428	0.249	0.227	1.49	2.61	3.7	5.41	5.79
CAF031	01/26/2012	0.337	0.304	0.349	0.249	0.227	1.59	2.57	3.75	5.4	5.7
CAF031	01/27/2012	0.324	0.261	0.236	0.249	0.226	1.74	2.81	3.82	5.34	5.7
CAF031	01/28/2012	0.317	0.252	0.228	0.249	0.226	1.8	3	3.94	5.3	5.61
CAF031	01/29/2012	0.316	0.25	0.225	0.249	0.226	1.8	3.07	4	5.23	5.6
CAF031	01/30/2012	0.337	0.285	0.278	0.29	0.226	1.71	2.96	3.94	5.17	5.51
CAF031	01/31/2012	0.326	0.263	0.236	0.331	0.226	1.89	2.93	3.9	5.1	5.44
CAF031	02/01/2012	0.327	0.256	0.229	0.333	0.227	2.22	3.06	3.9	5.09	5.4
CAF031	02/02/2012	0.328	0.261	0.233	0.334	0.23	2.37	3.18	4	5	5.4
CAF031	02/03/2012	0.322	0.257	0.229	0.336	0.236	2.46	3.29	4.03	5	5.3
CAF031	02/04/2012	0.317	0.253	0.226	0.337	0.243	2.26	3.3	4.1	5	5.3
CAF031	02/05/2012	0.315	0.251	0.224	0.338	0.248	2.34	3.3	4.1	5	5.3
CAF031	02/06/2012	0.313	0.251	0.223	0.338	0.255	2.38	3.3	4.1	5	5.23
CAF031	02/07/2012	0.312	0.25	0.222	0.338	0.263	2.38	3.37	4.1	5	5.21
CAF031	02/08/2012	0.31	0.25	0.221	0.338	0.268	2.44	3.4	4.1	5	5.2
CAF031	02/09/2012	0.31	0.249	0.22	0.338	0.272	2.67	3.4	4.1	5	5.2
CAF031	02/10/2012	0.311	0.249	0.22	0.338	0.275	3.21	3.54	4.19	5	5.2
CAF031	02/11/2012	0.312	0.249	0.22	0.339	0.278	3.62	3.78	4.25	5	5.2
CAF031	02/12/2012	0.318	0.249	0.22	0.339	0.28	3.61	3.95	4.38	5	5.2
CAF031	02/13/2012	0.319	0.249	0.219	0.339	0.281	3.53	4.07	4.47	5.01	5.2
CAF031	02/14/2012	0.318	0.249	0.219	0.339	0.283	3.36	4.1	4.5	5.1	5.2
CAF031	02/15/2012	0.317	0.249	0.219	0.339	0.284	3.18	4.07	4.59	5.1	5.2
CAF031	02/16/2012	0.316	0.249	0.218	0.339	0.286	2.95	4	4.6	5.1	5.2
CAF031	02/17/2012	0.314	0.249	0.218	0.339	0.287	2.76	3.89	4.53	5.16	5.2
CAF031	02/18/2012	0.32	0.249	0.218	0.339	0.288	3.22	3.88	4.5	5.2	5.2
CAF031	02/19/2012	0.32	0.249	0.218	0.339	0.289	3.12	3.96	4.5	5.15	5.2
CAF031	02/20/2012	0.322	0.249	0.218	0.339	0.29	2.88	3.9	4.5	5.15	5.2
CAF031	02/21/2012	0.333	0.261	0.232	0.339	0.29	2.84	3.85	4.5	5.14	5.2
CAF031	02/22/2012	0.331	0.266	0.238	0.341	0.292	3.87	3.9	4.48	5.1	5.2
CAF031	02/23/2012	0.324	0.26	0.231	0.345	0.304	3.62	4.16	4.53	5.1	5.2
CAF031	02/24/2012	0.32	0.257	0.228	0.346	0.314	3.26	4.16	4.6	5.1	5.2
CAF031	02/25/2012	0.319	0.255	0.226	0.346	0.319	3.29	4.1	4.6	5.19	5.2
CAF031	02/26/2012	0.317	0.253	0.225	0.346	0.321	3.02	4.07	4.6	5.2	5.2
CAF031	02/27/2012	0.316	0.252	0.223	0.346	0.322	2.9	3.98	4.59	5.2	5.2
CAF031	02/28/2012	0.315	0.251	0.223	0.346	0.323	2.74	3.9	4.5	5.2	5.2
CAF031	02/29/2012	0.314	0.251	0.222	0.346	0.323	2.6	3.8	4.5	5.15	5.2
CAF031	03/01/2012	0.314	0.25	0.222	0.345	0.323	2.6	3.7	4.4	5.1	5.2
CAF031	03/02/2012	0.315	0.25	0.221	0.345	0.322	2.53	3.65	4.4	5.1	5.2
CAF031	03/03/2012	0.33	0.275	0.229	0.345	0.322	2.48	3.56	4.3	5.1	5.12
CAF031	03/04/2012	0.332	0.275	0.239	0.347	0.323	2.88	3.5	4.21	5.01	5.1
CAF031	03/05/2012	0.33	0.264	0.233	0.349	0.33	3.94	3.75	4.24	5	5.1
CAF031	03/06/2012	0.333	0.267	0.236	0.35	0.335	3.59	4.05	4.36	5	5.1
CAF031	03/07/2012	0.325	0.263	0.233	0.351	0.341	3.02	4.01	4.4	5	5.1
CAF031	03/08/2012	0.321	0.259	0.229	0.351	0.346	3	3.9	4.4	5	5.06
CAF031	03/09/2012	0.321	0.256	0.227	0.351	0.347	3.77	3.93	4.4	5	5
CAF031	03/10/2012	0.32	0.256	0.226	0.351	0.346	4.57	4.17	4.46	5	5
CAF031	03/11/2012	0.324	0.255	0.225	0.351	0.345	4.82	4.46	4.59	5.02	5.04
CAF031	03/12/2012	0.327	0.256	0.225	0.351	0.344	4.07	4.59	4.72	5.1	5.1
CAF031	03/13/2012	0.335	0.259	0.225	0.351	0.344	3.9	4.5	4.8	5.11	5.1
CAF031	03/14/2012	0.331	0.265	0.231	0.351	0.344	3.67	4.43	4.8	5.2	5.1
CAF031	03/15/2012	0.337	0.267	0.235	0.352	0.348	4.04	4.4	4.72	5.2	5.1
CAF031	03/16/2012	0.342	0.283	0.246	0.359	0.373	4.69	4.5	4.75	5.2	5.1
CAF031	03/17/2012	0.334	0.271	0.237	0.36	0.401	4.78	4.67	4.83	5.2	5.1
CAF031	03/18/2012	0.328	0.264	0.231	0.358	0.392	4.31	4.77	4.9	5.23	5.14
CAF031	03/19/2012	0.324	0.261	0.228	0.357	0.386	3.84	4.66	4.9	5.3	5.2
CAF031	03/20/2012	0.324	0.259	0.227	0.357	0.38	3.63	4.56	4.9	5.3	5.2
CAF031	03/21/2012	0.339	0.272	0.25	0.357	0.377	3.32	4.43	4.85	5.3	5.2
CAF031	03/22/2012	0.342	0.296	0.316	0.363	0.42	3	4.22	4.7	5.3	5.2
CAF031	03/23/2012	0.339	0.283	0.257	0.367	0.439	3.05	4.08	4.61	5.3	5.2
CAF031	03/24/2012	0.335	0.276	0.245	0.367	0.442	3.28	4	4.55	5.21	5.13
CAF031	03/25/2012	0.332	0.267	0.235	0.365	0.441	4.28	4.14	4.52	5.2	5.1
CAF031	03/26/2012	0.344	0.286	0.313	0.367	0.44	5.22	4.52	4.63	5.2	5.1
CAF031	03/27/2012	0.336	0.274	0.241	0.372	0.441	4.93	4.78	4.8	5.2	5.1
CAF031	03/28/2012	0.341	0.272	0.237	0.368	0.44	5.39	4.9	4.93	5.2	5.1
CAF031	03/29/2012	0.34	0.274	0.24	0.368	0.439	5.55	5.07	5.05	5.28	5.1
CAF031	03/30/2012	0.352	0.295	0.338	0.373	0.439	5.93	5.24	5.17	5.32	5.17
CAF031	03/31/2012	0.345	0.28	0.244	0.378	0.438	5.97	5.38	5.33	5.4	5.2
CAF031	04/01/2012	0.346	0.278	0.241	0.374	0.439	5.68	5.49	5.44	5.48	5.2
CAF031	04/02/2012	0.339	0.274	0.237	0.373	0.44	5.11	5.42	5.5	5.54	5.3
CAF031	04/03/2012	0.334	0.269	0.233	0.371	0.438	5.37	5.37	5.5	5.6	5.3
CAF031	04/04/2012	0.336	0.266	0.23	0.369	0.438	5.38	5.4	5.5	5.65	5.4
CAF031	04/05/2012	0.342	0.276	0.238	0.368	0.434	4.53	5.35	5.5	5.7	5.4
CAF031	04/06/2012	0.34	0.278	0.241	0.372	0.428	4.34	5.18	5.49	5.7	5.5
CAF031	04/07/2012	0.338	0.274	0.238	0.373	0.429	4.24	5.05	5.4	5.7	5.52
CAF031	04/08/2012	0.334	0.269	0.233	0.372	0.429	4.99	5.05	5.31	5.7	5.5
CAF031	04/09/2012	0.331	0.266	0.23	0.37	0.428	5.94	5.2	5.36	5.7	5.45
CAF031	04/10/2012	0.331	0.265	0.229	0.369	0.428	6.86	5.43	5.45	5.7	5.4
CAF031	04/11/2012	NA	NA	NA	NA	NA	NA	NA	NA	NA	NA
CAF031	09/27/2014	0.237	0.218	0.164	0.228	0.178	17.47	16.37	15.62	15.58	14.45
CAF031	09/28/2014	0.237	0.218	0.164	0.228	0.178	17.35	16.26	15.6	15.5	14.39
CAF031	09/29/2014	0.237	0.218	0.164	0.228	0.178	17.47	16.2	15.5	15.5	14.43
CAF031	09/30/2014	0.236	0.217	0.164	0.229	0.178	16.93	16.14	15.5	15.5	14.47
CAF031	10/01/2014	0.235	0.217	0.165	0.229	0.178	15.85	15.88	15.4	15.4	14.4
CAF031	10/02/2014	0.233	0.216	0.164	0.229	0.178	14.97	15.48	15.27	15.37	14.31
CAF031	10/03/2014	0.233	0.215	0.164	0.229	0.178	14.41	15.07	15.1	15.25	14.24
CAF031	10/04/2014	0.232	0.215	0.164	0.228	0.178	14.19	14.72	14.9	15.08	14.14
CAF031	10/05/2014	0.233	0.214	0.164	0.228	0.178	14.45	14.52	14.7	14.88	14.06
CAF031	10/06/2014	0.233	0.214	0.164	0.228	0.178	14.87	14.5	14.56	14.75	13.95
CAF031	10/07/2014	0.234	0.214	0.163	0.228	0.178	15.33	14.53	14.5	14.65	13.9
CAF031	10/08/2014	0.234	0.215	0.163	0.227	0.178	15.59	14.65	14.41	14.56	13.82
CAF031	10/09/2014	0.234	0.215	0.164	0.227	0.178	15.25	14.68	14.4	14.5	13.8
CAF031	10/10/2014	0.233	0.214	0.164	0.227	0.178	15.01	14.58	14.4	14.48	13.8
CAF031	10/11/2014	0.233	0.214	0.164	0.227	0.178	15.1	14.5	14.38	14.4	13.78
CAF031	10/12/2014	0.233	0.214	0.164	0.227	0.178	14.7	14.45	14.3	14.4	13.73
CAF031	10/13/2014	0.232	0.214	0.163	0.227	0.178	14.38	14.26	14.24	14.3	13.7
CAF031	10/14/2014	0.232	0.214	0.163	0.227	0.178	14.35	14.13	14.15	14.28	13.64
CAF031	10/15/2014	0.232	0.218	0.163	0.227	0.178	14.14	14.03	14.07	14.2	13.59
CAF031	10/16/2014	0.23	0.229	0.163	0.227	0.178	13.32	13.82	13.97	14.12	13.55
CAF031	10/17/2014	0.229	0.228	0.163	0.227	0.178	12.74	13.51	13.82	14.05	13.49
CAF031	10/18/2014	0.229	0.227	0.163	0.226	0.178	12.71	13.24	13.62	13.95	13.4
CAF031	10/19/2014	0.23	0.226	0.163	0.226	0.178	13.03	13.1	13.46	13.83	13.35
CAF031	10/20/2014	0.23	0.225	0.163	0.226	0.178	13.28	13.1	13.35	13.71	13.28
CAF031	10/21/2014	0.23	0.223	0.163	0.226	0.178	13.49	13.15	13.3	13.62	13.2
CAF031	10/22/2014	0.229	0.222	0.163	0.226	0.177	12.96	13.13	13.25	13.59	13.14
CAF031	10/23/2014	0.23	0.221	0.162	0.226	0.177	12.74	12.96	13.19	13.5	13.1
CAF031	10/24/2014	0.231	0.22	0.162	0.226	0.177	12.41	12.83	13.1	13.46	13.04
CAF031	10/25/2014	0.231	0.219	0.162	0.226	0.177	12.1	12.64	13	13.4	12.99
CAF031	10/26/2014	0.23	0.218	0.162	0.226	0.177	12.05	12.49	12.86	13.3	12.94
CAF031	10/27/2014	0.229	0.217	0.162	0.225	0.177	11.42	12.31	12.75	13.2	12.86
CAF031	10/28/2014	0.229	0.216	0.162	0.225	0.177	10.93	12.05	12.63	13.11	12.8
CAF031	10/29/2014	0.237	0.215	0.162	0.225	0.177	10.64	11.77	12.45	12.98	12.7
CAF031	10/30/2014	0.236	0.214	0.161	0.225	0.177	10.94	11.6	12.29	12.85	12.6
CAF031	10/31/2014	0.236	0.214	0.161	0.225	0.177	11.33	11.6	12.16	12.72	12.46
CAF031	11/01/2014	0.236	0.213	0.161	0.225	0.177	11.55	11.64	12.1	12.61	12.33
CAF031	11/02/2014	0.235	0.213	0.161	0.225	0.177	10.85	11.58	12.02	12.53	12.27
CAF031	11/03/2014	0.234	0.212	0.161	0.224	0.177	10.25	11.35	11.96	12.47	12.16
CAF031	11/04/2014	0.239	0.212	0.161	0.224	0.177	10.11	11.11	11.84	12.37	12.05
CAF031	11/05/2014	0.243	0.212	0.16	0.224	0.177	10.33	11	11.69	12.25	11.95
CAF031	11/06/2014	0.242	0.211	0.16	0.224	0.177	10.75	10.99	11.59	12.14	11.83
CAF031	11/07/2014	0.241	0.211	0.16	0.224	0.177	10.85	11	11.5	12.05	11.72
CAF031	11/08/2014	0.24	0.211	0.16	0.224	0.177	10.33	10.98	11.5	12	11.64
CAF031	11/09/2014	0.239	0.211	0.16	0.224	0.177	10	10.82	11.42	11.9	11.57
CAF031	11/10/2014	0.238	0.21	0.16	0.224	0.177	9.558	10.65	11.33	11.85	11.5
CAF031	11/11/2014	0.236	0.21	0.16	0.224	0.177	8.496	10.37	11.21	11.73	11.42
CAF031	11/12/2014	0.234	0.209	0.16	0.223	0.177	7.071	9.871	11.03	11.62	11.36
CAF031	11/13/2014	0.233	0.208	0.159	0.223	0.177	6.025	9.275	10.79	11.45	11.3
CAF031	11/14/2014	0.232	0.207	0.159	0.223	0.176	5.379	8.712	10.46	11.23	11.19
CAF031	11/15/2014	0.231	0.206	0.158	0.223	0.176	4.938	8.225	10.1	10.98	11.07
CAF031	11/16/2014	0.23	0.205	0.158	0.222	0.176	4.492	7.804	9.746	10.7	10.9
CAF031	11/17/2014	0.23	0.204	0.157	0.222	0.176	4.108	7.408	9.421	10.44	10.76
CAF031	11/18/2014	0.229	0.204	0.157	0.222	0.176	3.85	7.05	9.113	10.18	10.57
CAF031	11/19/2014	0.229	0.203	0.156	0.221	0.176	3.721	6.754	8.825	9.908	10.39
CAF031	11/20/2014	0.229	0.202	0.156	0.221	0.176	3.7	6.521	8.583	9.663	10.18
CAF031	11/21/2014	0.229	0.202	0.155	0.221	0.176	3.754	6.346	8.367	9.429	9.987
CAF031	11/22/2014	0.273	0.202	0.155	0.22	0.175	4.287	6.221	8.175	9.229	9.804
CAF031	11/23/2014	0.267	0.202	0.155	0.22	0.175	4.858	6.275	8.029	9.05	9.658
CAF031	11/24/2014	0.261	0.202	0.155	0.22	0.175	4.892	6.383	7.967	8.921	9.529
CAF031	11/25/2014	0.292	0.203	0.154	0.22	0.175	5.033	6.4	7.9	8.813	9.387
CAF031	11/26/2014	0.319	0.203	0.153	0.22	0.175	5.679	6.45	7.808	8.721	9.279
CAF031	11/27/2014	0.304	0.203	0.153	0.22	0.174	6.3	6.629	7.8	8.667	9.175
CAF031	11/28/2014	0.3	0.203	0.153	0.22	0.174	6.958	6.892	7.838	8.6	9.1
CAF031	11/29/2014	0.325	0.204	0.153	0.22	0.174	7.183	7.175	7.933	8.6	9.021
CAF031	11/30/2014	0.313	0.204	0.153	0.22	0.174	6.296	7.254	8	8.675	9
CAF031	12/01/2014	0.305	0.204	0.154	0.22	0.174	5.337	6.979	8	8.7	9
CAF031	12/02/2014	0.3	0.204	0.154	0.22	0.174	4.775	6.637	7.942	8.646	8.908
CAF031	12/03/2014	0.297	0.203	0.153	0.22	0.174	4.45	6.338	7.775	8.563	8.892
CAF031	12/04/2014	0.295	0.203	0.153	0.219	0.174	4.196	6.092	7.575	8.45	8.808
CAF031	12/05/2014	0.326	0.202	0.153	0.219	0.174	4.112	5.875	7.417	8.329	8.792
CAF031	12/06/2014	0.326	0.203	0.152	0.219	0.174	4.654	5.771	7.258	8.187	8.704
CAF031	12/07/2014	0.32	0.204	0.153	0.219	0.174	4.938	5.8	7.142	8.063	8.575
CAF031	12/08/2014	0.315	0.205	0.153	0.219	0.174	5.133	5.863	7.1	7.979	8.479
CAF031	12/09/2014	0.313	0.205	0.153	0.218	0.174	5.562	5.946	7.1	7.9	8.4
CAF031	12/10/2014	0.312	0.206	0.153	0.218	0.174	6.054	6.121	7.1	7.871	8.296
CAF031	12/11/2014	0.312	0.207	0.153	0.218	0.174	6.521	6.333	7.1	7.8	8.221
CAF031	12/12/2014	0.327	0.208	0.153	0.218	0.174	6.925	6.583	7.179	7.858	8.2
CAF031	12/13/2014	0.332	0.211	0.153	0.218	0.174	6.825	6.763	7.275	7.9	8.187
CAF031	12/14/2014	0.321	0.217	0.154	0.218	0.174	6.271	6.783	7.342	7.917	8.067
CAF031	12/15/2014	0.314	0.225	0.154	0.218	0.174	5.625	6.621	7.375	8	8
CAF031	12/16/2014	0.311	0.235	0.154	0.218	0.174	5.175	6.379	7.3	7.971	8
CAF031	12/17/2014	0.309	0.243	0.154	0.218	0.174	5.071	6.154	7.187	7.9	8
CAF031	12/18/2014	0.308	0.25	0.154	0.218	0.174	5.15	6.029	7.096	7.829	7.988
CAF031	12/19/2014	0.326	0.264	0.154	0.218	0.174	5.4	6	7	7.763	7.9
CAF031	12/20/2014	0.33	0.31	0.154	0.218	0.174	5.375	6	6.933	7.7	7.85
CAF031	12/21/2014	0.339	0.344	0.37	0.218	0.174	5.475	5.908	6.821	7.629	7.8
CAF031	12/22/2014	0.324	0.344	0.372	0.22	0.174	5.846	6	6.8	7.567	7.708
CAF031	12/23/2014	0.318	0.341	0.34	0.221	0.173	5.517	6.1	6.8	7.5	7.696
CAF031	12/24/2014	0.333	0.342	0.339	0.222	0.173	5.237	6.008	6.8	7.5	7.612
CAF031	12/25/2014	0.329	0.347	0.376	0.224	0.173	4.983	5.879	6.721	7.454	7.6
CAF031	12/26/2014	0.32	0.343	0.356	0.227	0.173	4.625	5.75	6.683	7.4	7.554
CAF031	12/27/2014	0.315	0.34	0.343	0.232	0.173	4.308	5.583	6.596	7.321	7.483
CAF031	12/28/2014	0.312	0.338	0.336	0.237	0.173	4.037	5.413	6.488	7.246	7.4
CAF031	12/29/2014	0.313	0.336	0.331	0.241	0.173	4	5.25	6.375	7.154	7.371
CAF031	12/30/2014	0.312	0.335	0.328	0.244	0.173	3.883	5.142	6.267	7.054	7.3
CAF031	12/31/2014	0.309	0.334	0.327	0.246	0.173	3.612	5.008	6.162	6.958	7.233
CAF031	01/01/2015	0.307	0.333	0.325	0.247	0.173	3.433	4.858	6.042	6.867	7.167
CAF031	01/02/2015	0.304	0.332	0.323	0.248	0.173	3.275	4.725	5.913	6.763	7.1
CAF031	01/03/2015	0.301	0.33	0.321	0.249	0.173	3.171	4.579	5.808	6.662	7.029
CAF031	01/04/2015	0.299	0.33	0.319	0.25	0.173	3.1	4.467	5.696	6.567	6.954
CAF031	01/05/2015	0.345	0.337	0.325	0.266	0.173	2.687	4.338	5.587	6.458	6.804
CAF031	01/06/2015	0.328	0.343	0.379	0.304	0.172	2.804	4.129	5.45	6.35	6.742
CAF031	01/07/2015	0.321	0.34	0.369	0.31	0.172	3.463	4.1	5.329	6.246	6.667
CAF031	01/08/2015	0.317	0.338	0.353	0.313	0.172	3.804	4.229	5.3	6.167	6.567
CAF031	01/09/2015	0.314	0.336	0.344	0.314	0.172	3.746	4.3	5.3	6.1	6.458
CAF031	01/10/2015	0.312	0.335	0.338	0.315	0.172	3.683	4.3	5.3	6.1	6.329
CAF031	01/11/2015	0.311	0.334	0.333	0.315	0.173	3.704	4.3	5.3	6.042	6.308
CAF031	01/12/2015	0.31	0.333	0.33	0.316	0.173	3.8	4.342	5.3	6	6.3
CAF031	01/13/2015	0.309	0.332	0.328	0.316	0.174	3.8	4.4	5.288	6	6.225
CAF031	01/14/2015	0.309	0.332	0.327	0.316	0.175	3.708	4.4	5.208	6	6.2
CAF031	01/15/2015	0.307	0.331	0.325	0.317	0.177	3.488	4.317	5.2	5.971	6.117
CAF031	01/16/2015	0.312	0.33	0.324	0.317	0.178	3.429	4.246	5.2	5.9	6.1
CAF031	01/17/2015	0.324	0.33	0.323	0.317	0.18	3.533	4.2	5.175	5.9	6.1
CAF031	01/18/2015	0.34	0.347	0.395	0.343	0.282	3.504	4.125	5.037	5.825	6
CAF031	01/19/2015	0.323	0.342	0.38	0.343	0.398	3.925	4.121	5	5.771	6
CAF031	01/20/2015	0.318	0.339	0.353	0.339	0.332	3.946	4.229	5	5.7	5.908
CAF031	01/21/2015	0.314	0.336	0.343	0.337	0.316	3.729	4.279	5	5.7	5.883
CAF031	01/22/2015	0.312	0.335	0.338	0.336	0.305	3.446	4.2	5	5.7	5.804
CAF031	01/23/2015	0.31	0.333	0.334	0.334	0.298	3.421	4.112	5	5.7	5.8
CAF031	01/24/2015	0.311	0.333	0.332	0.334	0.296	3.912	4.108	5	5.7	5.712
CAF031	01/25/2015	0.312	0.332	0.329	0.333	0.294	4.596	4.267	5	5.7	5.7
CAF031	01/26/2015	0.313	0.332	0.328	0.332	0.293	5.15	4.512	5.029	5.7	5.7
CAF031	01/27/2015	0.313	0.333	0.327	0.332	0.292	5.542	4.775	5.137	5.7	5.7
CAF031	01/28/2015	0.313	0.333	0.325	0.332	0.291	5.65	4.975	5.258	5.788	5.717
CAF031	01/29/2015	0.311	0.333	0.325	0.332	0.29	5.563	5.133	5.367	5.85	5.8
CAF031	01/30/2015	0.31	0.333	0.324	0.332	0.29	5.317	5.2	5.458	5.913	5.779
CAF031	01/31/2015	0.308	0.332	0.323	0.332	0.29	5.025	5.171	5.5	6	5.8
CAF031	02/01/2015	0.306	0.332	0.322	0.332	0.29	4.721	5.092	5.5	6	5.8
CAF031	02/02/2015	0.311	0.331	0.321	0.331	0.29	4.467	4.983	5.5	6.062	5.8
CAF031	02/03/2015	0.322	0.331	0.32	0.331	0.289	4.521	4.9	5.5	6.092	5.8
CAF031	02/04/2015	0.32	0.331	0.32	0.331	0.289	4.717	4.9	5.5	6.008	5.8
CAF031	02/05/2015	0.319	0.332	0.319	0.331	0.289	4.904	4.9	5.5	6	5.8
CAF031	02/06/2015	0.319	0.332	0.32	0.331	0.289	5.437	5.004	5.5	6	5.8
CAF031	02/07/2015	0.333	0.334	0.321	0.331	0.289	5.917	5.192	5.5	6.029	5.8
CAF031	02/08/2015	0.331	0.34	0.328	0.332	0.289	6.288	5.408	5.6	6.1	5.8
CAF031	02/09/2015	0.344	0.349	0.378	0.349	0.359	6.558	5.608	5.692	6.112	5.8
CAF031	02/10/2015	0.341	0.351	0.394	0.357	0.432	6.754	5.792	5.792	6.2	5.8
CAF031	02/11/2015	0.333	0.348	0.371	0.353	0.401	6.704	5.938	5.904	6.271	5.742
CAF031	02/12/2015	0.328	0.345	0.354	0.349	0.356	6.821	6.008	6.021	6.35	5.692
CAF031	02/13/2015	0.325	0.343	0.345	0.346	0.342	6.983	6.137	6.121	6.421	5.854
CAF031	02/14/2015	0.323	0.343	0.34	0.344	0.333	6.896	6.2	6.2	6.5	5.904
CAF031	02/15/2015	0.321	0.342	0.337	0.343	0.324	6.863	6.279	6.296	6.587	6
CAF031	02/16/2015	0.319	0.341	0.334	0.342	0.32	6.567	6.3	6.321	6.629	6.025
CAF031	02/17/2015	0.316	0.34	0.332	0.342	0.317	6.117	6.196	6.4	6.7	6.1
CAF031	02/18/2015	0.314	0.339	0.33	0.341	0.315	5.829	6.067	6.4	6.7	6.171
CAF031	02/19/2015	0.313	0.338	0.329	0.34	0.313	5.704	5.938	6.308	6.7	6.196
CAF031	02/20/2015	0.313	0.337	0.327	0.34	0.312	5.821	5.896	6.3	6.7	6.2
CAF031	02/21/2015	0.313	0.337	0.326	0.339	0.311	5.862	5.892	6.3	6.7	6.2
CAF031	02/22/2015	0.311	0.336	0.325	0.339	0.31	5.312	5.796	6.229	6.7	6.171
CAF031	02/23/2015	0.309	0.335	0.324	0.338	0.31	4.725	5.612	6.2	6.7	6.075
CAF031	02/24/2015	0.308	0.334	0.323	0.338	0.309	4.433	5.379	6.121	6.646	6.067
CAF031	02/25/2015	0.307	0.334	0.322	0.338	0.308	4.421	5.192	5.979	6.6	6.017
CAF031	02/26/2015	0.307	0.333	0.321	0.337	0.308	4.625	5.1	5.896	6.504	6.037
CAF031	02/27/2015	0.307	0.333	0.32	0.337	0.308	4.858	5.1	5.8	6.446	6
CAF031	02/28/2015	0.306	0.332	0.319	0.336	0.307	4.95	5.1	5.8	6.4	5.983
CAF031	03/01/2015	0.305	0.332	0.318	0.336	0.306	4.696	5.1	5.771	6.4	5.933
CAF031	03/02/2015	0.303	0.332	0.317	0.335	0.306	4.454	5.046	5.7	6.333	5.9
CAF031	03/03/2015	0.302	0.331	0.317	0.335	0.305	4.358	4.938	5.7	6.3	5.883
CAF031	03/04/2015	0.301	0.331	0.316	0.335	0.305	4.246	4.875	5.6	6.3	5.85
CAF031	03/05/2015	0.3	0.33	0.315	0.334	0.304	4.137	4.779	5.592	6.208	5.8
CAF031	03/06/2015	0.3	0.33	0.314	0.334	0.304	4.4	4.7	5.5	6.2	5.8
CAF031	03/07/2015	0.3	0.33	0.314	0.334	0.304	4.913	4.767	5.5	6.125	5.8
CAF031	03/08/2015	0.301	0.33	0.313	0.333	0.304	5.346	4.929	5.5	6.1	5.8
CAF031	03/09/2015	0.301	0.33	0.313	0.333	0.303	5.742	5.1	5.525	6.1	5.8
CAF031	03/10/2015	0.302	0.331	0.312	0.333	0.303	6.146	5.296	5.608	6.133	5.763
CAF031	03/11/2015	0.302	0.331	0.312	0.333	0.303	6.687	5.504	5.708	6.2	5.733
CAF031	03/12/2015	0.303	0.332	0.312	0.333	0.303	7.038	5.746	5.833	6.263	5.8
CAF031	03/13/2015	0.302	0.332	0.311	0.333	0.303	7.233	5.975	5.954	6.342	5.8
CAF031	03/14/2015	0.302	0.333	0.311	0.333	0.303	7.583	6.167	6.108	6.433	5.829
CAF031	03/15/2015	0.323	0.333	0.311	0.334	0.303	7.888	6.383	6.237	6.537	5.9
CAF031	03/16/2015	0.333	0.334	0.311	0.334	0.303	7.942	6.571	6.367	6.642	5.917
CAF031	03/17/2015	0.332	0.335	0.311	0.334	0.303	8.054	6.733	6.488	6.75	5.996
CAF031	03/18/2015	0.34	0.338	0.31	0.335	0.303	7.737	6.8	6.604	6.85	6.079
CAF031	03/19/2015	0.331	0.346	0.315	0.335	0.303	7.671	6.8	6.7	6.942	6.1
CAF031	03/20/2015	0.327	0.346	0.329	0.336	0.304	7.788	6.867	6.721	7	6.121
CAF031	03/21/2015	0.325	0.346	0.331	0.339	0.306	8.113	6.95	6.8	7.1	6.187
CAF031	03/22/2015	0.323	0.345	0.33	0.341	0.31	8.021	7.079	6.867	7.15	6.2
CAF031	03/23/2015	0.335	0.345	0.328	0.342	0.313	7.892	7.1	6.913	7.221	6.283
CAF031	03/24/2015	0.343	0.352	0.349	0.345	0.32	7.404	7.096	7	7.3	6.3
CAF031	03/25/2015	0.334	0.353	0.368	0.355	0.389	6.838	6.938	7	7.367	6.317
CAF031	03/26/2015	0.33	0.349	0.349	0.352	0.357	7.162	6.8	6.946	7.4	6.4
CAF031	03/27/2015	0.33	0.348	0.341	0.35	0.346	8.179	6.883	6.9	7.4	6.4
CAF031	03/28/2015	0.344	0.35	0.338	0.349	0.34	9.029	7.208	6.971	7.4	6.408
CAF031	03/29/2015	0.334	0.352	0.347	0.35	0.341	8.746	7.479	7.108	7.479	6.471
CAF031	03/30/2015	0.33	0.351	0.341	0.35	0.341	9.033	7.592	7.237	7.583	6.5
CAF031	03/31/2015	0.33	0.35	0.334	0.35	0.338	9.367	7.758	7.342	7.671	6.596
CAF031	04/01/2015	0.326	0.349	0.329	0.349	0.333	8.683	7.879	7.454	7.763	6.633
CAF031	04/02/2015	0.322	0.348	0.325	0.348	0.329	8.079	7.742	7.525	7.85	6.708
CAF031	04/03/2015	0.32	0.346	0.323	0.348	0.326	7.683	7.554	7.508	7.9	6.783
CAF031	04/04/2015	0.319	0.345	0.32	0.347	0.324	7.871	7.4	7.5	7.9	6.813
CAF031	04/05/2015	0.318	0.344	0.318	0.347	0.323	7.908	7.4	7.4	7.9	6.9
CAF031	04/06/2015	0.318	0.344	0.317	0.346	0.321	7.925	7.4	7.4	7.9	6.9
CAF031	04/07/2015	0.32	0.343	0.315	0.345	0.32	7.588	7.333	7.4	7.9	6.9
CAF031	04/08/2015	0.321	0.343	0.314	0.345	0.319	7.908	7.3	7.4	7.9	6.9
CAF031	04/09/2015	0.32	0.343	0.313	0.345	0.318	8	7.3	7.4	7.9	6.9
CAF031	04/10/2015	0.32	0.343	0.312	0.344	0.318	8.292	7.375	7.4	7.983	6.9
CAF031	04/11/2015	0.321	0.343	0.312	0.344	0.317	8.667	7.525	7.4	8	6.9
CAF031	04/12/2015	0.319	0.343	0.311	0.344	0.316	8.267	7.6	7.496	8	6.946
CAF031	04/13/2015	0.318	0.343	0.311	0.344	0.316	7.967	7.587	7.567	8.063	7
CAF031	04/14/2015	0.318	0.343	0.31	0.344	0.316	8.146	7.525	7.6	8.1	7.054
CAF031	04/15/2015	0.317	0.342	0.31	0.344	0.315	7.733	7.5	7.6	8.1	7.092
CAF031	04/16/2015	0.317	0.342	0.309	0.344	0.315	7.821	7.404	7.592	8.1	7.096
CAF031	04/17/2015	0.319	0.342	0.309	0.344	0.315	8.437	7.458	7.521	8.1	7.1
CAF031	04/18/2015	0.32	0.343	0.308	0.343	0.315	9.029	7.683	7.596	8.104	7.1
CAF031	04/19/2015	0.32	0.343	0.308	0.343	0.314	9.254	7.929	7.675	8.2	7.1
CAF031	04/20/2015	0.32	0.344	0.308	0.344	0.314	9.646	8.133	7.821	8.25	7.137
CAF031	04/21/2015	0.32	0.344	0.308	0.344	0.314	10.24	8.392	7.95	8.354	7.196
CAF031	04/22/2015	0.32	0.345	0.308	0.344	0.314	10.57	8.704	8.108	8.462	7.229
CAF031	04/23/2015	0.317	0.346	0.307	0.344	0.314	10.43	8.9	8.271	8.592	7.329
CAF031	04/24/2015	0.315	0.346	0.307	0.344	0.314	10.14	8.9	8.4	8.717	7.4
CAF031	04/25/2015	0.313	0.345	0.307	0.344	0.313	9.913	8.821	8.487	8.8	7.454
CAF031	04/26/2015	0.311	0.344	0.307	0.344	0.313	9.717	8.737	8.5	8.883	7.517
CAF031	04/27/2015	0.311	0.344	0.306	0.344	0.313	9.858	8.7	8.5	8.9	7.6
CAF031	04/28/2015	0.312	0.344	0.306	0.345	0.313	10.35	8.721	8.5	8.9	7.6
CAF031	04/29/2015	0.314	0.344	0.308	0.344	0.313	11.02	8.908	8.533	8.958	7.6
CAF031	04/30/2015	0.313	0.345	0.308	0.345	0.313	11.03	9.158	8.642	9.021	7.637
CAF031	05/01/2015	0.313	0.345	0.308	0.345	0.313	11.25	9.279	8.754	9.121	7.7
CAF031	05/02/2015	0.314	0.345	0.307	0.345	0.313	11.38	9.458	8.862	9.204	7.788
CAF031	05/03/2015	0.314	0.346	0.307	0.345	0.313	11.2	9.658	8.979	9.3	7.804
CAF031	05/04/2015	0.314	0.346	0.307	0.345	0.313	11.31	9.829	9.117	9.396	7.896
CAF031	05/05/2015	0.314	0.347	0.307	0.346	0.313	11.34	10.04	9.242	9.5	7.958
CAF031	05/06/2015	0.312	0.347	0.307	0.346	0.313	10.53	10.21	9.396	9.617	8.025
CAF031	05/07/2015	0.311	0.347	0.306	0.346	0.312	10.13	10.26	9.513	9.725	8.125
CAF031	05/08/2015	0.311	0.348	0.306	0.346	0.312	9.658	10.34	9.617	9.808	8.2
CAF031	05/09/2015	0.312	0.348	0.306	0.347	0.312	9.325	10.45	9.708	9.9	8.296
CAF031	05/10/2015	0.312	0.348	0.306	0.347	0.312	9.417	10.64	9.842	10	8.367
CAF031	05/11/2015	0.312	0.349	0.306	0.347	0.312	9.517	10.8	9.958	10.1	8.408
CAF031	05/12/2015	0.312	0.349	0.306	0.347	0.312	9.817	10.98	10.08	10.21	8.504
CAF031	05/13/2015	0.334	0.351	0.306	0.347	0.313	9.508	11.16	10.22	10.31	8.6
CAF031	05/14/2015	0.339	0.351	0.306	0.348	0.313	8.292	11.15	10.32	10.42	8.679
CAF031	05/15/2015	0.337	0.352	0.306	0.348	0.313	8.6	11.07	10.4	10.5	8.754
CAF031	05/16/2015	0.337	0.353	0.307	0.348	0.312	8.5	11.1	10.4	10.56	8.8
CAF031	05/17/2015	0.351	0.361	0.309	0.348	0.313	8.583	11.17	10.44	10.6	8.879
CAF031	05/18/2015	0.343	0.365	0.33	0.349	0.313	8.708	11.27	10.5	10.64	8.908
CAF031	05/19/2015	0.341	0.364	0.334	0.351	0.318	9.133	11.45	10.58	10.7	9
CAF031	05/20/2015	0.341	0.364	0.331	0.353	0.322	9.925	11.77	10.7	10.8	9.042
CAF031	05/21/2015	0.339	0.364	0.328	0.354	0.323	10.42	12.15	10.87	10.89	9.104
CAF031	05/22/2015	0.338	0.365	0.325	0.355	0.324	10.8	12.49	11.08	11.05	9.208
CAF031	05/23/2015	0.335	0.365	0.323	0.356	0.324	10.82	12.79	11.28	11.21	9.317
CAF031	05/24/2015	0.333	0.365	0.322	0.356	0.324	10.85	12.95	11.47	11.37	9.437
CAF031	05/25/2015	0.331	0.365	0.321	0.357	0.324	11.15	13.13	11.64	11.53	9.517
CAF031	05/26/2015	0.329	0.365	0.32	0.357	0.323	11.1	13.34	11.8	11.67	9.638
CAF031	05/27/2015	0.326	0.365	0.319	0.357	0.323	10.59	13.4	11.96	11.83	9.767
CAF031	05/28/2015	0.322	0.364	0.318	0.357	0.323	10.88	13.4	12.05	11.95	9.904
CAF031	05/29/2015	0.317	0.364	0.317	0.358	0.323	11.32	13.55	12.15	12.05	10
CAF031	05/30/2015	0.311	0.364	0.316	0.358	0.323	11.66	13.83	12.28	12.16	10.09
CAF031	05/31/2015	0.302	0.365	0.316	0.358	0.322	11.82	14.15	12.46	12.29	10.22
CAF031	06/01/2015	0.295	0.365	0.315	0.358	0.322	11.72	14.42	12.66	12.45	10.33
CAF031	06/02/2015	0.29	0.365	0.314	0.358	0.322	10.94	14.55	12.85	12.63	10.46
CAF031	06/03/2015	0.283	0.364	0.313	0.358	0.322	10.14	14.45	13.03	12.77	10.59
CAF031	06/04/2015	0.275	0.364	0.312	0.358	0.322	9.812	14.28	13.1	12.87	10.72
CAF031	06/05/2015	0.266	0.363	0.311	0.358	0.322	9.958	14.2	13.1	12.94	10.83
CAF031	06/06/2015	0.258	0.362	0.31	0.358	0.321	10.17	14.32	13.1	13	10.9
CAF031	06/07/2015	0.252	0.361	0.309	0.358	0.321	10.53	14.49	13.17	13.05	10.98
CAF031	06/08/2015	0.248	0.358	0.309	0.357	0.321	10.94	14.73	13.26	13.12	11.03
CAF031	06/09/2015	0.247	0.355	0.306	0.357	0.32	11.33	15.03	13.41	13.21	11.12
CAF031	06/10/2015	0.245	0.35	0.302	0.357	0.32	11.25	15.27	13.58	13.33	11.19
CAF031	06/11/2015	0.243	0.342	0.299	0.357	0.32	11.07	15.39	13.73	13.45	11.27
CAF031	06/12/2015	0.241	0.332	0.295	0.357	0.319	10.83	15.47	13.85	13.57	11.38
CAF031	06/13/2015	0.24	0.32	0.291	0.357	0.319	10.25	15.46	13.94	13.67	11.51
CAF031	06/14/2015	0.238	0.305	0.286	0.357	0.319	9.9	15.29	14	13.72	11.61
CAF031	06/15/2015	0.237	0.287	0.28	0.358	0.318	9.796	15.2	14	13.8	11.7
CAF031	06/16/2015	0.237	0.268	0.271	0.357	0.318	9.85	15.2	14	13.8	11.71
CAF031	06/17/2015	0.236	0.251	0.259	0.356	0.318	10.12	15.19	14	13.88	11.79
CAF031	06/18/2015	0.236	0.243	0.245	0.354	0.317	10.17	15.29	14	13.9	11.83
CAF031	06/19/2015	0.236	0.237	0.233	0.352	0.316	10.14	15.38	14.06	13.91	11.9
CAF031	06/20/2015	0.235	0.231	0.223	0.35	0.316	9.783	15.42	14.1	14	11.9
CAF031	06/21/2015	0.234	0.227	0.216	0.347	0.315	9.383	15.4	14.12	14	11.97
CAF031	06/22/2015	0.233	0.223	0.21	0.342	0.315	9.029	15.37	14.2	14.1	12
CAF031	06/23/2015	0.233	0.219	0.205	0.336	0.314	9.033	15.33	14.2	14.1	12.08
CAF031	06/24/2015	0.233	0.216	0.201	0.325	0.313	9.046	15.39	14.2	14.1	12.1
CAF031	06/25/2015	0.232	0.213	0.199	0.306	0.317	9.075	15.4	14.2	14.15	12.1
CAF031	06/26/2015	0.232	0.21	0.196	0.28	0.32	9.325	15.48	14.21	14.2	12.17
CAF031	06/27/2015	0.232	0.208	0.195	0.256	0.318	9.783	15.66	14.3	14.21	12.2
CAF031	06/28/2015	0.232	0.206	0.193	0.244	0.314	10.37	15.92	14.38	14.3	12.24
CAF031	06/29/2015	0.233	0.205	0.193	0.238	0.31	10.97	16.27	14.53	14.37	12.3
CAF031	06/30/2015	0.232	0.204	0.192	0.235	0.304	10.98	16.62	14.7	14.47	12.36
CAF031	07/01/2015	0.232	0.204	0.192	0.233	0.297	10.98	16.77	14.87	14.6	12.44
CAF031	07/02/2015	0.231	0.203	0.191	0.231	0.286	10.96	16.88	15.02	14.73	12.51
CAF031	07/03/2015	0.231	0.202	0.19	0.229	0.271	11.08	16.98	15.13	14.85	12.6
CAF031	07/04/2015	0.231	0.201	0.19	0.228	0.254	11.23	17.16	15.25	14.95	12.7
CAF031	07/05/2015	0.23	0.201	0.189	0.228	0.242	11.28	17.27	15.36	15.06	12.78
CAF031	07/06/2015	0.23	0.201	0.189	0.227	0.233	11.17	17.38	15.47	15.17	12.89
CAF031	07/07/2015	0.23	0.201	0.188	0.227	0.224	11.27	17.46	15.57	15.27	12.96
CAF031	07/08/2015	0.23	0.2	0.188	0.227	0.215	11.41	17.56	15.66	15.36	13.04
CAF031	07/09/2015	0.229	0.2	0.187	0.226	0.208	11.5	17.67	15.75	15.45	13.1
CAF031	07/10/2015	0.229	0.2	0.187	0.226	0.204	11.71	17.79	15.85	15.54	13.2
CAF031	07/11/2015	0.229	0.201	0.187	0.227	0.205	11.15	17.9	15.97	15.64	13.26
CAF031	07/12/2015	0.228	0.2	0.187	0.227	0.202	10.67	17.77	16.05	15.72	13.35
CAF031	07/13/2015	0.228	0.2	0.187	0.227	0.199	10.57	17.67	16.1	15.8	13.45
CAF031	07/14/2015	0.227	0.2	0.187	0.227	0.196	10.48	17.6	16.1	15.81	13.5
CAF031	07/15/2015	0.227	0.2	0.186	0.227	0.195	10.62	17.58	16.1	15.9	13.55
CAF031	07/16/2015	0.227	0.199	0.186	0.226	0.192	10.5	17.56	16.1	15.9	13.6
CAF031	07/17/2015	0.227	0.199	0.186	0.227	0.192	10.2	17.5	16.1	15.9	13.65
CAF031	07/18/2015	0.227	0.199	0.186	0.226	0.19	10.27	17.4	16.1	15.95	13.7
CAF031	07/19/2015	0.227	0.199	0.186	0.226	0.189	10.54	17.47	16.1	16	13.71
CAF031	07/20/2015	0.228	0.199	0.186	0.226	0.189	10.87	17.63	16.1	16	13.79
CAF031	07/21/2015	0.228	0.199	0.186	0.227	0.188	11.05	17.78	16.18	16	13.8
CAF031	07/22/2015	0.228	0.199	0.186	0.227	0.189	10.98	17.95	16.27	16.1	13.85
CAF031	07/23/2015	0.228	0.199	0.186	0.227	0.189	10.66	18	16.35	16.17	13.9
CAF031	07/24/2015	0.227	0.199	0.187	0.227	0.189	10.56	18	16.4	16.2	13.95
CAF031	07/25/2015	0.228	0.199	0.187	0.228	0.19	10.75	18	16.45	16.3	14
CAF031	07/26/2015	0.227	0.199	0.187	0.228	0.19	10.62	18.03	16.5	16.3	14.08
CAF031	07/27/2015	0.227	0.199	0.187	0.228	0.191	10.18	17.98	16.5	16.4	14.1
CAF031	07/28/2015	0.226	0.199	0.187	0.228	0.191	9.913	17.86	16.5	16.4	14.19
CAF031	07/29/2015	0.226	0.199	0.187	0.228	0.191	10.02	17.8	16.5	16.4	14.2
CAF031	07/30/2015	0.227	0.199	0.187	0.228	0.19	10.38	17.79	16.5	16.4	14.26
CAF031	07/31/2015	0.228	0.199	0.187	0.228	0.19	10.87	17.96	16.5	16.4	14.3
CAF031	08/01/2015	0.228	0.199	0.187	0.228	0.19	11.25	18.2	16.6	16.49	14.28
CAF031	08/02/2015	0.229	0.199	0.187	0.228	0.19	11.5	18.42	16.71	16.52	14.3
CAF031	08/03/2015	0.229	0.2	0.187	0.228	0.191	11.57	18.6	16.82	16.6	14.3
CAF031	08/04/2015	0.229	0.2	0.187	0.228	0.192	11.28	18.7	16.94	16.7	14.39
CAF031	08/05/2015	0.229	0.2	0.187	0.228	0.192	11.31	18.7	17.01	16.8	14.45
CAF031	08/06/2015	0.229	0.2	0.188	0.229	0.192	11.29	18.77	17.1	16.86	14.5
CAF031	08/07/2015	0.228	0.2	0.188	0.229	0.193	10.99	18.79	17.17	16.9	14.58
CAF031	08/08/2015	0.228	0.2	0.188	0.229	0.193	10.95	18.7	17.2	17	14.63
CAF031	08/09/2015	0.228	0.2	0.188	0.229	0.193	11.01	18.7	17.2	17	14.7
CAF031	08/10/2015	0.228	0.2	0.188	0.229	0.193	11.08	18.73	17.2	17	14.7
CAF031	08/11/2015	0.228	0.201	0.188	0.229	0.193	11.11	18.79	17.29	17.1	14.77
CAF031	08/12/2015	0.229	0.201	0.188	0.229	0.193	11.62	18.9	17.3	17.1	14.8
CAF031	08/13/2015	0.229	0.201	0.188	0.23	0.193	11.81	19.09	17.38	17.15	14.86
CAF031	08/14/2015	0.23	0.202	0.188	0.23	0.193	11.96	19.26	17.47	17.21	14.9
CAF031	08/15/2015	0.229	0.202	0.188	0.23	0.194	11.65	19.3	17.58	17.3	14.97
CAF031	08/16/2015	0.228	0.202	0.189	0.23	0.194	11.12	19.27	17.63	17.37	15
CAF031	08/17/2015	0.228	0.202	0.189	0.23	0.194	10.76	19.09	17.67	17.4	15.1
CAF031	08/18/2015	0.228	0.202	0.189	0.23	0.194	10.63	18.96	17.6	17.47	15.13
CAF031	08/19/2015	0.228	0.201	0.188	0.23	0.194	10.75	18.89	17.6	17.47	15.2
CAF031	08/20/2015	0.228	0.202	0.188	0.23	0.195	10.95	18.88	17.6	17.4	15.2
CAF031	08/21/2015	0.228	0.202	0.188	0.23	0.195	10.81	18.9	17.6	17.4	15.2
CAF031	08/22/2015	0.227	0.202	0.188	0.231	0.196	10.31	18.87	17.6	17.49	15.2
CAF031	08/23/2015	0.226	0.202	0.188	0.231	0.196	9.854	18.68	17.56	17.5	15.24
CAF031	08/24/2015	0.226	0.202	0.188	0.231	0.196	9.654	18.53	17.5	17.47	15.21
CAF031	08/25/2015	0.226	0.202	0.188	0.231	0.197	9.762	18.4	17.42	17.4	15.26
CAF031	08/26/2015	0.227	0.202	0.188	0.231	0.197	9.9	18.46	17.4	17.4	15.26
CAF031	08/27/2015	0.226	0.202	0.188	0.231	0.197	9.863	18.5	17.4	17.4	15.23
CAF031	08/28/2015	0.227	0.202	0.188	0.231	0.198	9.958	18.5	17.4	17.4	15.26
CAF031	08/29/2015	0.227	0.202	0.188	0.231	0.198	9.862	18.5	17.4	17.4	15.25
CAF031	08/30/2015	0.226	0.202	0.188	0.231	0.198	9.267	18.48	17.4	17.4	15.28
CAF031	08/31/2015	0.224	0.202	0.188	0.231	0.198	8.354	18.21	17.36	17.4	15.3
CAF031	09/01/2015	0.224	0.201	0.188	0.231	0.199	8.179	17.89	17.25	17.37	15.3
CAF031	09/02/2015	0.224	0.201	0.188	0.231	0.199	8.162	17.75	17.12	17.3	15.24
CAF031	09/03/2015	0.223	0.201	0.188	0.231	0.199	7.387	17.58	17	17.2	15.2
CAF031	09/04/2015	0.223	0.2	0.187	0.231	0.199	7.063	17.31	16.87	17.17	15.12
CAF031	09/05/2015	0.222	0.2	0.187	0.231	0.199	7.025	17.13	16.75	17.07	15.1
CAF031	09/06/2015	0.221	0.2	0.187	0.231	0.199	5.937	16.89	16.63	16.98	15.03
CAF031	09/07/2015	0.22	0.199	0.187	0.231	0.199	5.412	16.49	16.45	16.87	14.98
CAF031	09/08/2015	0.22	0.198	0.186	0.231	0.199	5.312	16.2	16.25	16.74	14.9
CAF031	09/09/2015	0.221	0.198	0.186	0.23	0.199	5.633	16.02	16.08	16.62	14.8
CAF031	09/10/2015	0.221	0.198	0.186	0.23	0.2	5.996	16.03	15.94	16.49	14.71
CAF031	09/11/2015	0.222	0.198	0.186	0.23	0.2	6.371	16.13	15.89	16.4	14.64
CAF031	09/12/2015	0.222	0.198	0.186	0.23	0.2	6.742	16.26	15.8	16.35	14.58
CAF031	09/13/2015	0.223	0.199	0.186	0.23	0.2	7.288	16.45	15.87	16.3	14.5
CAF031	09/14/2015	0.222	0.199	0.186	0.23	0.2	7.212	16.58	15.9	16.32	14.5
CAF031	09/15/2015	0.222	0.199	0.186	0.23	0.2	6.592	16.5	15.9	16.4	14.5
CAF031	09/16/2015	0.221	0.199	0.186	0.23	0.201	6.212	16.35	15.9	16.4	14.5
CAF031	09/17/2015	0.221	0.198	0.186	0.23	0.201	5.917	16.17	15.83	16.32	14.41
CAF031	09/18/2015	0.22	0.198	0.186	0.23	0.201	5.425	16	15.76	16.3	14.4
CAF031	09/19/2015	0.22	0.198	0.185	0.23	0.201	5.233	15.82	15.66	16.23	14.37
CAF031	09/20/2015	0.221	0.198	0.185	0.23	0.201	5.275	15.7	15.57	16.17	14.34
CAF031	09/21/2015	0.221	0.198	0.185	0.23	0.201	5.542	15.7	15.5	16.1	14.3
CAF031	09/22/2015	0.221	0.198	0.185	0.23	0.201	5.454	15.7	15.41	16.03	14.25
CAF031	09/23/2015	0.22	0.198	0.185	0.23	0.201	4.875	15.62	15.4	16	14.2
CAF031	09/24/2015	0.22	0.197	0.185	0.23	0.201	4.65	15.45	15.33	16	14.19
CAF031	09/25/2015	0.219	0.197	0.185	0.23	0.201	4.392	15.3	15.25	15.9	14.1
CAF031	09/26/2015	0.22	0.197	0.185	0.23	0.201	4.833	15.25	15.17	15.85	14.1
CAF031	09/27/2015	0.219	0.197	0.184	0.23	0.202	4.512	15.19	15.1	15.8	14
CAF031	09/28/2015	0.218	0.197	0.184	0.229	0.202	4.067	15.06	15.03	15.77	13.99
CAF031	09/29/2015	0.218	0.196	0.184	0.229	0.202	3.929	14.88	14.95	15.7	13.92
CAF031	09/30/2015	0.219	0.196	0.184	0.229	0.202	4.071	14.8	14.85	15.63	13.88
CAF031	10/01/2015	0.219	0.196	0.184	0.229	0.202	4.45	14.85	14.8	15.58	13.8
CAF031	10/02/2015	0.219	0.196	0.184	0.229	0.202	4.408	14.9	14.8	15.5	13.8
CAF031	10/03/2015	0.219	0.196	0.184	0.229	0.202	4.4	14.9	14.71	15.5	13.8
CAF031	10/04/2015	0.219	0.196	0.184	0.229	0.202	4.421	14.9	14.7	15.5	13.73
CAF031	10/05/2015	0.219	0.196	0.184	0.229	0.202	4.204	14.9	14.7	15.5	13.7
CAF031	10/06/2015	0.219	0.196	0.184	0.229	0.202	4.058	14.8	14.7	15.45	13.7
CAF031	10/07/2015	0.219	0.196	0.184	0.229	0.202	4.142	14.8	14.63	15.4	13.67
CAF031	10/08/2015	0.219	0.197	0.184	0.229	0.202	3.942	14.8	14.6	15.4	13.67
CAF031	10/09/2015	0.219	0.197	0.184	0.229	0.202	4.054	14.8	14.6	15.4	13.7
CAF031	10/10/2015	0.219	0.197	0.184	0.229	0.202	4.125	14.86	14.6	15.32	13.65
CAF031	10/11/2015	0.219	0.197	0.184	0.229	0.202	4.075	14.9	14.6	15.3	13.62
CAF031	10/12/2015	0.218	0.197	0.184	0.229	0.202	3.538	14.85	14.6	15.3	13.6
CAF031	10/13/2015	0.218	0.197	0.184	0.229	0.202	3.337	14.69	14.59	15.3	13.6
CAF031	10/14/2015	0.218	0.196	0.183	0.229	0.203	3.262	14.59	14.5	15.3	13.6
CAF031	10/15/2015	0.218	0.196	0.183	0.229	0.203	3.092	14.49	14.46	15.25	13.55
CAF031	10/16/2015	0.217	0.196	0.183	0.229	0.203	2.979	14.38	14.4	15.2	13.5
CAF031	10/17/2015	0.218	0.196	0.183	0.229	0.203	3.079	14.3	14.31	15.15	13.5
CAF031	10/18/2015	0.218	0.196	0.183	0.229	0.203	3.167	14.3	14.3	15.1	13.4
CAF031	10/19/2015	0.217	0.196	0.183	0.229	0.203	3.075	14.3	14.2	15.05	13.4
CAF031	10/20/2015	0.217	0.196	0.183	0.229	0.203	2.846	14.2	14.2	15	13.35
CAF031	10/21/2015	0.217	0.196	0.183	0.229	0.203	2.6	14.08	14.14	15	13.34
CAF031	10/22/2015	0.216	0.196	0.183	0.229	0.203	2.554	13.94	14.08	14.9	13.33
CAF031	10/23/2015	0.216	0.195	0.183	0.229	0.203	2.125	13.77	13.99	14.87	13.25
CAF031	10/24/2015	0.215	0.195	0.183	0.228	0.203	1.754	13.55	13.88	14.8	13.2
CAF031	10/25/2015	0.216	0.195	0.182	0.228	0.203	1.933	13.37	13.76	14.7	13.17
CAF031	10/26/2015	0.216	0.195	0.182	0.228	0.203	1.808	13.28	13.65	14.61	13.1
CAF031	10/27/2015	0.216	0.194	0.182	0.228	0.203	1.496	13.17	13.56	14.53	13.05
CAF031	10/28/2015	0.216	0.194	0.182	0.228	0.203	1.096	13.05	13.46	14.47	12.95
CAF031	10/29/2015	0.216	0.194	0.182	0.228	0.203	0.6917	12.87	13.37	14.39	12.85
CAF031	10/30/2015	0.215	0.194	0.182	0.228	0.203	0.4292	12.74	13.25	14.3	12.78
CAF031	10/31/2015	0.224	0.193	0.181	0.228	0.203	0.4375	12.6	13.14	14.2	12.67
CAF031	11/01/2015	0.247	0.193	0.181	0.228	0.203	0.3458	12.58	13.04	14.12	12.57
CAF031	11/02/2015	0.246	0.192	0.181	0.228	0.203	-0.925	12.42	12.97	14.04	12.47
CAF031	11/03/2015	0.245	0.192	0.181	0.227	0.203	-1.779	12.11	12.82	13.96	12.37
CAF031	11/04/2015	0.244	0.192	0.181	0.227	0.203	-2.579	11.75	12.65	13.85	12.25
CAF031	11/05/2015	0.25	0.191	0.181	0.227	0.203	-3.171	11.34	12.43	13.72	12.15
CAF031	11/06/2015	0.282	0.191	0.18	0.227	0.203	-3.833	10.92	12.21	13.55	12.05
CAF031	11/07/2015	0.282	0.19	0.18	0.227	0.203	-3.833	10.55	11.96	13.37	12
CAF031	11/08/2015	0.275	0.19	0.18	0.227	0.202	-3.575	10.34	11.73	13.17	11.93
CAF031	11/09/2015	0.321	0.19	0.18	0.227	0.202	-3.4	10.25	11.55	13.01	11.82
CAF031	11/10/2015	0.318	0.19	0.179	0.227	0.202	-3.537	10.13	11.4	12.85	11.67
CAF031	11/11/2015	0.307	0.19	0.179	0.226	0.202	-3.904	9.958	11.25	12.72	11.56
CAF031	11/12/2015	0.3	0.19	0.179	0.226	0.202	-4.471	9.721	11.1	12.57	11.46
CAF031	11/13/2015	0.296	0.189	0.179	0.226	0.202	-4.712	9.45	10.93	12.45	11.34
CAF031	11/14/2015	0.295	0.189	0.178	0.226	0.202	-4.296	9.3	10.75	12.28	11.2
CAF031	11/15/2015	0.293	0.189	0.178	0.226	0.202	-4.054	9.3	10.63	12.14	11.08
CAF031	11/16/2015	0.289	0.189	0.178	0.226	0.202	-4.421	9.288	10.53	11.99	10.97
CAF031	11/17/2015	0.313	0.19	0.178	0.225	0.202	-5.125	9.1	10.45	11.88	10.87
CAF031	11/18/2015	0.322	0.189	0.178	0.225	0.201	-5.133	8.85	10.3	11.75	10.78
CAF031	11/19/2015	0.313	0.189	0.178	0.225	0.201	-5.746	8.667	10.15	11.6	10.67
CAF031	11/20/2015	0.308	0.189	0.177	0.225	0.201	-6.258	8.4	9.992	11.45	10.58
CAF031	11/21/2015	0.304	0.189	0.177	0.225	0.201	-6.792	8.113	9.821	11.28	10.46
CAF031	11/22/2015	0.3	0.188	0.177	0.225	0.201	-7.296	7.775	9.6	11.11	10.34
CAF031	11/23/2015	0.297	0.188	0.176	0.225	0.201	-7.5	7.467	9.375	10.92	10.22
CAF031	11/24/2015	0.295	0.188	0.176	0.225	0.201	-7.375	7.229	9.146	10.72	10.08
CAF031	11/25/2015	0.294	0.188	0.176	0.225	0.201	-7.288	7.1	8.954	10.46	9.946
CAF031	11/26/2015	0.293	0.188	0.175	0.225	0.201	-7.617	6.975	8.817	10.27	9.821
CAF031	11/27/2015	0.29	0.187	0.175	0.224	0.201	-7.983	6.775	8.663	10.14	9.7
CAF031	11/28/2015	0.288	0.187	0.175	0.224	0.201	-8.288	6.525	8.5	9.979	9.571
CAF031	11/29/2015	0.286	0.187	0.174	0.224	0.2	-8.496	6.304	8.333	9.829	9.45
CAF031	11/30/2015	0.284	0.186	0.174	0.223	0.2	-8.688	6.1	8.154	9.658	9.329
CAF031	12/01/2015	0.282	0.186	0.174	0.223	0.2	-8.833	5.913	7.988	9.496	9.254
CAF031	12/02/2015	0.281	0.186	0.174	0.223	0.2	-8.954	5.733	7.833	9.346	9.125
CAF031	12/03/2015	0.28	0.186	0.174	0.222	0.2	-9.054	5.562	7.654	9.183	9.075
CAF031	12/04/2015	0.279	0.186	0.173	0.222	0.2	-9.1	5.433	7.504	9.042	8.942
CAF031	12/05/2015	0.28	0.186	0.173	0.222	0.2	-9.088	5.317	7.35	8.892	8.875
CAF031	12/06/2015	0.3	0.185	0.173	0.222	0.2	-8.779	5.212	7.208	8.754	8.712
CAF031	12/07/2015	0.337	0.204	0.173	0.221	0.2	-8.208	5.2	7.083	8.638	8.579
CAF031	12/08/2015	0.336	0.317	0.172	0.221	0.199	-7.479	5.283	6.942	8.542	8.458
CAF031	12/09/2015	0.337	0.336	0.184	0.221	0.199	-6.208	5.562	6.9	8.467	8.354
CAF031	12/10/2015	0.336	0.342	0.227	0.221	0.199	-5.95	5.933	6.942	8.4	8.263
CAF031	12/11/2015	0.327	0.344	0.244	0.221	0.199	-6.242	6.079	7.037	8.4	8.2
CAF031	12/12/2015	0.328	0.342	0.245	0.221	0.199	-6.242	6.1	7.1	8.4	8.154
CAF031	12/13/2015	0.333	0.346	0.255	0.221	0.199	-6.512	5.992	7.1	8.4	8.1
CAF031	12/14/2015	0.324	0.344	0.257	0.22	0.198	-6.508	5.9	7.075	8.371	8.071
CAF031	12/15/2015	0.32	0.342	0.255	0.22	0.198	-6.683	5.838	7	8.3	8
CAF031	12/16/2015	0.316	0.341	0.253	0.22	0.198	-6.858	5.737	6.975	8.25	7.946
CAF031	12/17/2015	0.314	0.339	0.251	0.22	0.198	-7.071	5.625	6.9	8.2	7.896
CAF031	12/18/2015	0.315	0.338	0.253	0.22	0.198	-7.167	5.504	6.817	8.104	7.804
CAF031	12/19/2015	0.326	0.342	0.265	0.22	0.198	-7.383	5.367	6.654	8.025	7.767
CAF031	12/20/2015	0.323	0.342	0.263	0.22	0.198	-7.425	5.237	6.571	7.929	7.7
CAF031	12/21/2015	0.32	0.341	0.26	0.22	0.198	-7.488	5.154	6.5	7.842	7.617
CAF031	12/22/2015	0.324	0.342	0.264	0.22	0.198	-7.488	5.083	6.425	7.746	7.533
CAF031	12/23/2015	0.323	0.343	0.264	0.22	0.198	-7.5	5	6.354	7.654	7.45
CAF031	12/24/2015	0.32	0.341	0.261	0.22	0.197	-7.504	4.921	6.3	7.562	7.371
CAF031	12/25/2015	0.317	0.34	0.258	0.219	0.197	-7.408	4.9	6.237	7.483	7.275
CAF031	12/26/2015	0.316	0.339	0.256	0.219	0.197	-7.4	4.879	6.2	7.4	7.204
CAF031	12/27/2015	0.315	0.338	0.256	0.219	0.198	-7.404	4.8	6.154	7.325	7.146
CAF031	12/28/2015	0.313	0.337	0.255	0.219	0.198	-7.517	4.792	6.1	7.271	7.067
CAF031	12/29/2015	0.311	0.337	0.254	0.218	0.198	-7.604	4.7	6.058	7.2	7
CAF031	12/30/2015	0.31	0.336	0.254	0.218	0.199	-7.65	4.637	6	7.121	6.913
CAF031	12/31/2015	0.309	0.335	0.253	0.218	0.2	-7.7	4.596	5.908	7.067	6.9
CAF031	01/01/2016	0.307	0.334	0.252	0.218	0.201	-7.767	4.5	5.888	7	6.813
CAF031	01/02/2016	0.306	0.334	0.252	0.218	0.202	-7.821	4.442	5.8	6.917	6.725
CAF031	01/03/2016	0.304	0.333	0.252	0.218	0.203	-7.929	4.383	5.721	6.871	6.667
CAF031	01/04/2016	0.302	0.332	0.252	0.218	0.204	-8	4.3	5.65	6.8	6.6
CAF031	01/05/2016	0.301	0.332	0.252	0.218	0.205	-8.096	4.221	5.6	6.717	6.517
CAF031	01/06/2016	0.318	0.331	0.251	0.219	0.206	-8.217	4.192	5.512	6.654	6.429
CAF031	01/07/2016	0.325	0.338	0.275	0.219	0.207	-8.3	4.075	5.429	6.575	6.338
CAF031	01/08/2016	0.323	0.34	0.275	0.227	0.213	-8.279	4	5.329	6.5	6.271
CAF031	01/09/2016	0.323	0.34	0.27	0.249	0.226	-8.279	3.975	5.3	6.404	6.2
CAF031	01/10/2016	0.324	0.341	0.274	0.285	0.235	-8.2	3.9	5.208	6.367	6.129
CAF031	01/11/2016	0.318	0.34	0.27	0.302	0.241	-8.2	3.9	5.2	6.3	6.062
CAF031	01/12/2016	0.314	0.338	0.265	0.308	0.244	-8.292	3.9	5.158	6.3	6
CAF031	01/13/2016	0.336	0.344	0.29	0.311	0.246	-8.375	3.813	5.075	6.217	6
CAF031	01/14/2016	0.329	0.346	0.299	0.326	0.279	-8.417	3.637	4.963	6.192	5.95
CAF031	01/15/2016	0.321	0.342	0.276	0.328	0.282	-8.237	3.688	4.9	6.117	5.833
CAF031	01/16/2016	0.316	0.34	0.269	0.327	0.28	-8.358	3.7	4.9	6.1	5.788
CAF031	01/17/2016	0.323	0.339	0.264	0.326	0.279	-8.404	3.7	4.9	6.046	5.8
CAF031	01/18/2016	0.333	0.346	0.301	0.328	0.284	-8.375	3.6	4.821	6	5.8
CAF031	01/19/2016	0.324	0.343	0.284	0.331	0.291	-7.871	3.65	4.8	5.938	5.712
CAF031	01/20/2016	0.333	0.343	0.28	0.33	0.29	-7.617	3.762	4.8	5.9	5.7
CAF031	01/21/2016	0.327	0.344	0.283	0.332	0.293	-7.396	3.871	4.8	5.9	5.637
CAF031	01/22/2016	0.326	0.343	0.274	0.331	0.292	-7.275	3.988	4.846	5.9	5.6
CAF031	01/23/2016	0.332	0.343	0.272	0.331	0.291	-7.154	4.083	4.9	5.9	5.6
CAF031	01/24/2016	0.33	0.345	0.282	0.333	0.294	-7.004	4.167	4.933	5.9	5.6
CAF031	01/25/2016	0.324	0.344	0.274	0.333	0.296	-7.037	4.271	5	5.938	5.6
CAF031	01/26/2016	0.32	0.342	0.268	0.332	0.294	-7.421	4.3	5	6	5.6
CAF031	01/27/2016	0.318	0.341	0.265	0.332	0.292	-7.3	4.212	5.087	6	5.6
CAF031	01/28/2016	0.327	0.34	0.263	0.331	0.291	-7.033	4.283	5.1	6	5.6
CAF031	01/29/2016	0.337	0.346	0.282	0.333	0.294	-7.037	4.375	5.1	6	5.6
CAF031	01/30/2016	0.33	0.346	0.29	0.336	0.301	-7.275	4.4	5.1	6	5.554
CAF031	01/31/2016	0.324	0.344	0.277	0.336	0.3	-7.433	4.338	5.1	6	5.529
CAF031	02/01/2016	0.321	0.343	0.27	0.335	0.298	-7.65	4.288	5.1	6	5.508
CAF031	02/02/2016	0.319	0.341	0.266	0.334	0.296	-7.762	4.2	5.1	6	5.5
CAF031	02/03/2016	0.316	0.34	0.264	0.334	0.294	-8.017	4.092	5.062	6	5.5
CAF031	02/04/2016	0.32	0.347	0.262	0.333	0.293	-8.162	3.983	5	6	5.5
CAF031	02/05/2016	0.326	0.339	0.264	0.333	0.292	-7.896	3.9	4.963	5.988	5.5
CAF031	02/06/2016	0.323	0.34	0.266	0.333	0.292	-7.583	3.954	4.9	5.9	5.5
CAF031	02/07/2016	0.321	0.341	0.265	0.333	0.293	-7.65	4.071	4.9	5.9	5.45
CAF031	02/08/2016	0.319	0.34	0.264	0.333	0.293	-7.562	4.1	4.9	5.9	5.4
CAF031	02/09/2016	0.318	0.34	0.263	0.333	0.292	-7.133	4.179	4.933	5.9	5.4
CAF031	02/10/2016	0.317	0.34	0.262	0.333	0.292	-6.775	4.358	5	5.9	5.388
CAF031	02/11/2016	0.316	0.34	0.261	0.333	0.291	-6.6	4.537	5.05	5.942	5.304
CAF031	02/12/2016	0.315	0.34	0.261	0.333	0.291	-6.292	4.662	5.129	6	5.375
CAF031	02/13/2016	0.315	0.34	0.26	0.332	0.29	-5.988	4.85	5.217	6.037	5.383
CAF031	02/14/2016	0.319	0.34	0.26	0.332	0.29	-6.021	4.992	5.308	6.1	5.358
CAF031	02/15/2016	0.33	0.34	0.259	0.333	0.29	-5.667	5.108	5.4	6.183	5.471
CAF031	02/16/2016	0.33	0.341	0.261	0.333	0.289	-5.3	5.283	5.479	6.237	5.5
CAF031	02/17/2016	0.328	0.343	0.263	0.333	0.29	-5.171	5.458	5.592	6.308	5.529
CAF031	02/18/2016	0.34	0.345	0.266	0.334	0.29	-5.217	5.592	5.712	6.4	5.662
CAF031	02/19/2016	0.34	0.352	0.303	0.339	0.302	-5.379	5.692	5.804	6.483	5.679
CAF031	02/20/2016	0.332	0.35	0.287	0.342	0.306	-5.746	5.687	5.9	6.542	5.7
CAF031	02/21/2016	0.327	0.348	0.277	0.341	0.304	-6.246	5.571	5.9	6.6	5.704
CAF031	02/22/2016	0.323	0.347	0.272	0.34	0.301	-6.575	5.421	5.9	6.6	5.737
CAF031	02/23/2016	0.32	0.345	0.269	0.339	0.3	-6.85	5.258	5.9	6.6	5.788
CAF031	02/24/2016	0.319	0.344	0.267	0.338	0.298	-6.888	5.129	5.804	6.6	5.85
CAF031	02/25/2016	0.317	0.343	0.266	0.338	0.297	-6.654	5.1	5.763	6.6	5.9
CAF031	02/26/2016	0.317	0.343	0.265	0.337	0.296	-6.346	5.121	5.7	6.6	5.892
CAF031	02/27/2016	0.317	0.342	0.264	0.337	0.295	-5.958	5.242	5.704	6.537	5.892
CAF031	02/28/2016	0.317	0.343	0.263	0.337	0.295	-5.758	5.4	5.8	6.587	5.813
CAF031	02/29/2016	0.316	0.343	0.262	0.336	0.294	-5.987	5.5	5.846	6.6	5.888
CAF031	03/01/2016	0.316	0.342	0.262	0.336	0.294	-6.05	5.5	5.9	6.6	5.9
CAF031	03/02/2016	0.317	0.342	0.261	0.336	0.293	-6.142	5.463	5.9	6.6	5.9
CAF031	03/03/2016	0.319	0.342	0.261	0.336	0.293	-5.683	5.454	5.9	6.696	5.9
CAF031	03/04/2016	0.319	0.342	0.26	0.336	0.292	-5.571	5.571	5.904	6.7	5.9
CAF031	03/05/2016	0.319	0.343	0.26	0.336	0.292	-5.175	5.654	6	6.7	5.921
CAF031	03/06/2016	0.327	0.343	0.26	0.336	0.292	-4.654	5.821	6.025	6.7	5.971
CAF031	03/07/2016	0.33	0.344	0.26	0.336	0.291	-4.942	5.996	6.125	6.775	5.996
CAF031	03/08/2016	0.327	0.344	0.261	0.336	0.291	-5.296	6.058	6.2	6.817	6
CAF031	03/09/2016	0.326	0.345	0.262	0.337	0.291	-5.15	6	6.25	6.9	6.071
CAF031	03/10/2016	0.343	0.347	0.264	0.337	0.292	-5.004	6.071	6.3	6.9	6.1
CAF031	03/11/2016	0.335	0.351	0.282	0.339	0.295	-5.292	6.1	6.3	6.954	6.1
CAF031	03/12/2016	0.34	0.351	0.28	0.342	0.301	-5.108	6.1	6.3	7	6.1
CAF031	03/13/2016	0.342	0.354	0.292	0.345	0.306	-5.2	6.1	6.363	7	6.137
CAF031	03/14/2016	0.339	0.355	0.296	0.348	0.312	-5.633	6.075	6.4	7	6.179
CAF031	03/15/2016	0.332	0.353	0.282	0.347	0.311	-6.012	5.958	6.4	7	6.196
CAF031	03/16/2016	0.328	0.351	0.274	0.345	0.308	-6.212	5.821	6.304	7	6.2
CAF031	03/17/2016	0.325	0.349	0.269	0.344	0.305	-6.125	5.708	6.3	7	6.2
CAF031	03/18/2016	0.323	0.348	0.267	0.343	0.303	-6.117	5.7	6.229	7	6.192
CAF031	03/19/2016	0.322	0.348	0.265	0.343	0.302	-6.175	5.671	6.2	6.967	6.2
CAF031	03/20/2016	0.322	0.347	0.264	0.342	0.301	-5.646	5.654	6.2	6.9	6.146
CAF031	03/21/2016	0.322	0.347	0.263	0.342	0.3	-4.933	5.825	6.2	6.9	6.1
CAF031	03/22/2016	0.35	0.356	0.301	0.348	0.34	-4.617	6.117	6.25	6.9	6.1
CAF031	03/23/2016	0.34	0.358	0.3	0.354	0.366	-5.337	6.192	6.346	6.967	6.1
CAF031	03/24/2016	0.339	0.355	0.283	0.351	0.34	-5.071	6.121	6.4	7	6.1
CAF031	03/25/2016	0.336	0.355	0.282	0.35	0.333	-5.396	6.183	6.4	7	6.121
CAF031	03/26/2016	0.331	0.353	0.276	0.349	0.329	-5.646	6.1	6.4	7.058	6.125
CAF031	03/27/2016	0.329	0.352	0.272	0.348	0.324	-5.479	6.079	6.4	7.1	6.108
CAF031	03/28/2016	0.326	0.351	0.269	0.347	0.318	-5.688	6.087	6.4	7.1	6.1
CAF031	03/29/2016	0.324	0.35	0.267	0.346	0.315	-5.892	5.975	6.4	7.1	6.162
CAF031	03/30/2016	0.325	0.349	0.265	0.345	0.311	-5.325	5.942	6.4	7.1	6.187
CAF031	03/31/2016	0.326	0.349	0.264	0.344	0.309	-4.533	6.092	6.4	7.087	6.2
CAF031	04/01/2016	0.326	0.35	0.263	0.344	0.307	-3.892	6.375	6.433	7.154	6.2
CAF031	04/02/2016	0.327	0.351	0.262	0.343	0.306	-3.279	6.75	6.55	7.288	6.2
CAF031	04/03/2016	0.326	0.351	0.262	0.343	0.305	-3.017	7.133	6.725	7.4	6.2
CAF031	04/04/2016	0.326	0.352	0.261	0.343	0.304	-2.675	7.488	6.921	7.529	6.3
CAF031	04/05/2016	0.322	0.352	0.261	0.343	0.303	-3.363	7.679	7.117	7.662	6.363
CAF031	04/06/2016	0.321	0.352	0.26	0.343	0.303	-3.804	7.6	7.25	7.821	6.45
CAF031	04/07/2016	0.323	0.352	0.26	0.343	0.303	-3.037	7.646	7.325	7.904	6.537
CAF031	04/08/2016	0.324	0.354	0.26	0.343	0.302	-2.433	7.854	7.417	8	6.6
CAF031	04/09/2016	0.326	0.355	0.26	0.343	0.302	-1.704	8.2	7.554	8.083	6.7
CAF031	04/10/2016	0.326	0.358	0.26	0.343	0.301	-1.275	8.617	7.75	8.225	6.775
CAF031	04/11/2016	0.326	0.36	0.259	0.343	0.301	-1.025	8.95	7.975	8.362	6.858
CAF031	04/12/2016	0.326	0.361	0.259	0.343	0.301	-0.75	9.242	8.179	8.546	6.971
CAF031	04/13/2016	0.324	0.362	0.259	0.344	0.3	-1.221	9.4	8.379	8.725	7.112
CAF031	04/14/2016	0.321	0.361	0.259	0.344	0.3	-1.587	9.4	8.521	8.875	7.217
CAF031	04/15/2016	0.318	0.361	0.258	0.344	0.3	-2.154	9.296	8.6	9.008	7.325
CAF031	04/16/2016	0.316	0.36	0.258	0.344	0.3	-2.567	9.067	8.6	9.1	7.404
CAF031	04/17/2016	0.318	0.359	0.257	0.344	0.299	-2.062	8.942	8.6	9.1	7.496
CAF031	04/18/2016	0.32	0.359	0.256	0.344	0.299	-1.479	9.079	8.6	9.183	7.542
CAF031	04/19/2016	0.321	0.36	0.256	0.344	0.299	-1.046	9.317	8.679	9.2	7.6
CAF031	04/20/2016	0.322	0.361	0.255	0.344	0.299	-0.4708	9.596	8.813	9.258	7.6
CAF031	04/21/2016	0.323	0.361	0.255	0.344	0.299	0.08333	9.933	8.95	9.367	7.687
CAF031	04/22/2016	0.324	0.362	0.255	0.344	0.298	0.6292	10.27	9.138	9.496	7.754
CAF031	04/23/2016	0.322	0.363	0.254	0.344	0.298	0.4042	10.6	9.354	9.65	7.863
CAF031	04/24/2016	0.318	0.363	0.254	0.345	0.298	-0.5833	10.58	9.542	9.808	7.967
CAF031	04/25/2016	0.315	0.362	0.254	0.345	0.298	-1.146	10.36	9.642	9.942	8.079
CAF031	04/26/2016	0.314	0.361	0.254	0.345	0.298	-1.238	10.16	9.625	10	8.171
CAF031	04/27/2016	0.314	0.361	0.253	0.345	0.298	-0.9458	10.1	9.6	10.05	8.233
CAF031	04/28/2016	0.315	0.361	0.253	0.345	0.298	-0.5458	10.15	9.6	10.1	8.3
CAF031	04/29/2016	0.314	0.361	0.253	0.345	0.297	-0.5417	10.27	9.638	10.1	8.3
CAF031	04/30/2016	0.322	0.361	0.253	0.345	0.297	-0.9	10.26	9.7	10.15	8.392
CAF031	05/01/2016	0.344	0.361	0.253	0.345	0.297	-0.7417	10.2	9.7	10.2	8.4
CAF031	05/02/2016	0.342	0.362	0.254	0.345	0.297	-0.1208	10.27	9.708	10.2	8.404
CAF031	05/03/2016	0.342	0.364	0.255	0.345	0.297	0.8708	10.57	9.813	10.29	8.5
CAF031	05/04/2016	0.341	0.365	0.256	NA	0.297	1.479	10.96	9.942	NA	8.5
CAF031	05/05/2016	0.341	0.367	0.258	NA	0.297	2.058	11.35	10.13	NA	8.533
CAF031	05/06/2016	0.34	0.369	0.259	NA	0.297	2.504	11.73	10.34	NA	8.625
CAF031	05/07/2016	0.339	0.37	0.26	0.347	0.298	2.85	12.08	10.57	10.77	8.737
CAF031	05/08/2016	0.339	0.371	0.261	0.348	0.298	3.25	12.4	10.8	10.96	8.85
CAF031	05/09/2016	0.335	0.371	0.261	0.349	0.298	2.6	12.59	11.02	11.15	8.975
CAF031	05/10/2016	0.33	0.371	0.262	0.349	0.299	1.654	12.43	11.19	11.32	9.125
CAF031	05/11/2016	0.328	0.37	0.262	NA	0.299	1.596	12.21	11.2	NA	9.229
CAF031	05/12/2016	0.327	0.37	0.262	NA	0.3	1.933	12.17	11.2	NA	9.354
CAF031	05/13/2016	0.327	0.37	0.262	NA	0.3	2.346	12.26	11.24	NA	9.408
CAF031	05/14/2016	0.326	0.37	0.262	NA	0.3	2.733	12.43	11.32	NA	9.487
CAF031	05/15/2016	0.325	0.37	0.262	NA	0.3	2.079	12.5	11.4	NA	9.533
CAF031	05/16/2016	0.336	0.369	0.262	0.351	0.3	1.212	12.35	11.5	11.79	9.613
CAF031	05/17/2016	0.336	0.369	0.262	0.351	0.3	1.433	12.17	11.46	11.8	9.696
CAF031	05/18/2016	0.337	0.369	0.262	0.351	0.3	2.513	12.23	11.4	11.83	9.763
CAF031	05/19/2016	0.337	0.37	0.262	0.351	0.3	3.004	12.56	11.51	11.9	9.8
CAF031	05/20/2016	0.332	0.37	0.262	0.351	0.3	2.121	12.68	11.63	11.94	9.842
CAF031	05/21/2016	0.328	0.37	0.262	0.351	0.3	1.754	12.55	11.7	12.02	9.9
CAF031	05/22/2016	0.324	0.369	0.262	0.351	0.3	1.158	12.37	11.7	12.1	9.925
CAF031	05/23/2016	0.32	0.368	0.262	0.351	0.3	0.5417	12.09	11.65	12.1	10
CAF031	05/24/2016	0.317	0.367	0.262	0.351	0.3	0.3875	11.8	11.55	12.1	10
CAF031	05/25/2016	0.318	0.366	0.262	0.351	0.3	0.9208	11.7	11.44	12.02	10.03
CAF031	05/26/2016	0.318	0.366	0.262	0.35	0.299	1.575	11.82	11.4	12	10.09
CAF031	05/27/2016	0.317	0.366	0.262	0.35	0.299	1.65	11.97	11.4	12	10.1
CAF031	05/28/2016	0.315	0.366	0.262	0.35	0.299	1.504	12.06	11.47	12	10.05
CAF031	05/29/2016	0.314	0.366	0.262	0.35	0.299	1.829	12.09	11.5	12.03	10.05
CAF031	05/30/2016	0.314	0.366	0.262	0.35	0.299	2.075	12.25	11.54	12.1	10.1
CAF031	05/31/2016	0.313	0.367	0.262	0.35	0.299	2.387	12.38	11.6	12.11	10.1
CAF031	06/01/2016	0.312	0.367	0.262	0.35	0.299	2.858	12.59	11.71	12.2	10.12
CAF031	06/02/2016	0.311	0.367	0.262	0.35	0.298	3.225	12.84	11.83	12.26	10.2
CAF031	06/03/2016	0.308	0.368	0.262	0.35	0.298	2.979	13	11.95	12.35	10.28
CAF031	06/04/2016	0.308	0.368	0.263	0.35	0.299	3.654	13.13	12.05	12.45	10.34
CAF031	06/05/2016	0.307	0.368	0.263	0.351	0.299	4.375	13.45	12.18	12.54	10.43
CAF031	06/06/2016	0.306	0.368	0.263	0.351	0.299	5.062	13.84	12.36	12.67	10.5
CAF031	06/07/2016	0.305	0.369	0.263	0.351	0.299	7.408	14.26	12.59	12.82	10.59
CAF031	06/08/2016	0.302	0.369	0.263	0.352	0.299	8.45	14.72	12.85	13	10.73
CAF031	06/09/2016	0.295	0.369	0.263	0.352	0.299	8.292	15.06	13.14	13.16	10.85
CAF031	06/10/2016	0.289	0.368	0.263	NA	0.299	8.333	15.09	13.36	NA	10.99
CAF031	06/11/2016	0.283	0.366	0.262	NA	0.299	7.312	14.86	13.49	NA	11.13
CAF031	06/12/2016	0.276	0.363	0.262	NA	0.299	7.05	14.52	13.5	NA	11.25
CAF031	06/13/2016	0.271	0.359	0.262	NA	0.299	7.362	14.3	13.42	NA	11.33
CAF031	06/14/2016	0.263	0.356	0.263	NA	0.299	7.196	14.28	13.4	NA	11.4
CAF031	06/15/2016	0.256	0.352	0.262	NA	0.299	6.829	14.17	13.4	NA	11.42
CAF031	06/16/2016	NA	NA	NA	NA	NA	NA	NA	NA	NA	NA
