CAF133	05/22/2009	0.387	0.453	0.397	0.387	0.413	12.28	10.58	9.3	8.7	7.98
CAF133	05/23/2009	0.387	0.454	0.397	0.387	0.413	12.73	10.69	9.33	8.75	8.01
CAF133	05/24/2009	0.388	0.455	0.398	0.388	0.414	13.45	10.96	9.45	8.84	8.1
CAF133	05/25/2009	0.387	0.455	0.398	0.388	0.414	13.85	11.29	9.59	8.95	8.2
CAF133	05/26/2009	0.387	0.456	0.399	0.389	0.415	14.25	11.59	9.76	9.07	8.28
CAF133	05/27/2009	0.386	0.457	0.4	0.39	0.415	14.23	11.83	9.95	9.22	8.38
CAF133	05/28/2009	0.386	0.457	0.4	0.39	0.416	14.56	12.02	10.13	9.36	8.47
CAF133	05/29/2009	0.387	0.457	0.401	0.391	0.416	15.26	12.27	10.3	9.5	8.58
CAF133	05/30/2009	0.388	0.456	0.401	0.392	0.417	16	12.61	10.48	9.65	8.69
CAF133	05/31/2009	0.388	0.457	0.401	0.392	0.417	16.56	13.05	10.7	9.81	8.8
CAF133	06/01/2009	0.388	0.457	0.402	0.393	0.418	16.56	13.4	10.96	9.99	8.92
CAF133	06/02/2009	0.387	0.456	0.402	0.393	0.418	16.37	13.58	11.19	10.18	9.05
CAF133	06/03/2009	0.386	0.456	0.402	0.394	0.419	16.44	13.7	11.37	10.36	9.18
CAF133	06/04/2009	0.387	0.456	0.403	0.395	0.419	17.01	13.88	11.55	10.54	9.33
CAF133	06/05/2009	0.387	0.456	0.403	0.395	0.42	17.45	14.16	11.72	10.68	9.45
CAF133	06/06/2009	0.387	0.456	0.403	0.396	0.42	17.44	14.43	11.92	10.85	9.58
CAF133	06/07/2009	0.382	0.456	0.404	0.396	0.421	15.92	14.45	12.12	11.03	9.72
CAF133	06/08/2009	0.382	0.455	0.404	0.397	0.421	15.7	14.19	12.2	11.17	9.85
CAF133	06/09/2009	0.38	0.455	0.404	0.397	0.422	15.1	14.02	12.2	11.28	9.97
CAF133	06/10/2009	0.381	0.454	0.404	0.398	0.422	15.46	13.81	12.2	11.34	10.08
CAF133	06/11/2009	0.383	0.455	0.405	0.399	0.423	16.73	14.37	12.45	11.56	10.33
CAF133	06/12/2009	0.384	0.456	0.406	0.401	0.424	17.78	14.92	12.75	11.8	10.56
CAF133	06/13/2009	0.384	0.456	0.406	0.402	0.425	18.23	15.2	12.9	11.91	10.65
CAF133	06/14/2009	0.383	0.457	0.407	0.403	0.425	18.22	15.44	13.06	12.03	10.74
CAF133	06/15/2009	0.382	0.457	0.407	0.404	0.425	18.24	15.61	13.23	12.15	10.85
CAF133	06/16/2009	0.378	0.457	0.407	0.405	0.426	17.13	15.6	13.37	12.27	10.95
CAF133	06/17/2009	0.377	0.456	0.407	0.407	0.426	16.8	15.38	13.4	12.39	11.06
CAF133	06/18/2009	0.372	0.455	0.408	0.408	0.427	15.43	15.12	13.4	12.47	11.16
CAF133	06/19/2009	0.371	0.454	0.408	0.409	0.427	15.24	14.71	13.37	12.5	11.24
CAF133	06/20/2009	0.372	0.453	0.408	0.41	0.427	16.36	14.59	13.27	12.5	11.3
CAF133	06/21/2009	0.372	0.454	0.408	0.41	0.427	17.54	14.86	13.21	12.5	11.34
CAF133	06/22/2009	0.369	0.454	0.408	0.41	0.428	17.64	15.23	13.32	12.5	11.4
CAF133	06/23/2009	0.366	0.454	0.409	0.41	0.428	17.52	15.38	13.43	12.59	11.4
CAF133	06/24/2009	0.362	0.454	0.409	0.41	0.428	18.06	15.52	13.53	12.65	11.5
CAF133	06/25/2009	0.358	0.455	0.41	0.41	0.428	18.32	15.74	13.65	12.73	11.53
CAF133	06/26/2009	0.352	0.455	0.41	0.41	0.429	18.4	15.93	13.77	12.82	11.6
CAF133	06/27/2009	0.345	0.455	0.41	0.41	0.429	18.43	16.06	13.89	12.92	11.69
CAF133	06/28/2009	0.336	0.455	0.411	0.41	0.429	18.63	16.16	14.01	13.01	11.76
CAF133	06/29/2009	0.327	0.455	0.411	0.411	0.43	19.08	16.32	14.12	13.11	11.84
CAF133	06/30/2009	0.315	0.455	0.411	0.412	0.43	19.6	16.54	14.24	13.21	11.92
CAF133	07/01/2009	0.304	0.455	0.412	0.414	0.43	20.19	16.84	14.38	13.32	12.02
CAF133	07/02/2009	0.296	0.456	0.412	0.415	0.431	20.15	17.13	14.55	13.43	12.11
CAF133	07/03/2009	0.288	0.455	0.412	0.415	0.431	19.2	17.18	14.73	13.56	12.21
CAF133	07/04/2009	0.283	0.454	0.412	0.416	0.431	18.67	17.03	14.8	13.68	12.32
CAF133	07/05/2009	0.279	0.453	0.412	0.417	0.432	18.3	16.86	14.89	13.79	12.41
CAF133	07/06/2009	0.275	0.451	0.411	0.417	0.432	18.36	16.7	14.89	13.84	12.5
CAF133	07/07/2009	0.271	0.449	0.411	0.417	0.432	18.8	16.7	14.83	13.9	12.59
CAF133	07/08/2009	0.268	0.446	0.41	0.417	0.433	19.25	16.82	14.9	13.9	12.63
CAF133	07/09/2009	0.266	0.445	0.41	0.418	0.433	19.13	16.97	14.92	14	12.7
CAF133	07/10/2009	0.262	0.444	0.41	0.418	0.433	17.67	16.87	15	14.03	12.77
CAF133	07/11/2009	0.262	0.44	0.409	0.418	0.433	17.74	16.58	15	14.1	12.8
CAF133	07/12/2009	0.262	0.436	0.408	0.419	0.434	18.17	16.5	14.9	14.1	12.9
CAF133	07/13/2009	0.262	0.43	0.407	0.419	0.434	18.67	16.58	14.9	14.1	12.9
CAF133	07/14/2009	0.262	0.423	0.406	0.419	0.434	19.07	16.75	14.91	14.1	12.95
CAF133	07/15/2009	0.261	0.414	0.405	0.419	0.434	19.38	16.93	15	14.15	13
CAF133	07/16/2009	0.259	0.403	0.404	0.419	0.434	19.16	17.07	15.08	14.2	13
CAF133	07/17/2009	0.258	0.393	0.402	0.419	0.434	19.04	17.1	15.13	14.25	13.09
CAF133	07/18/2009	0.256	0.38	0.401	0.42	0.435	19.18	17.1	15.2	14.3	13.1
CAF133	07/19/2009	0.255	0.366	0.399	0.42	0.435	19.42	17.18	15.21	14.36	13.2
CAF133	07/20/2009	0.253	0.354	0.398	0.42	0.435	19.31	17.29	15.3	14.4	13.2
CAF133	07/21/2009	0.252	0.342	0.396	0.42	0.435	19.33	17.3	15.3	14.47	13.3
CAF133	07/22/2009	0.252	0.332	0.394	0.42	0.436	19.28	17.37	15.39	14.5	13.3
CAF133	07/23/2009	0.251	0.323	0.392	0.42	0.436	19.04	17.37	15.4	14.55	13.4
CAF133	07/24/2009	0.251	0.312	0.389	0.42	0.436	19.29	17.35	15.4	14.6	13.4
CAF133	07/25/2009	0.25	0.301	0.384	0.42	0.436	19.6	17.45	15.4	14.6	13.5
CAF133	07/26/2009	0.249	0.293	0.377	0.419	0.436	19.51	17.57	15.5	14.65	13.5
CAF133	07/27/2009	0.248	0.286	0.367	0.419	0.436	19.44	17.6	15.5	14.7	13.55
CAF133	07/28/2009	0.248	0.279	0.351	0.419	0.437	19.68	17.6	15.51	14.7	13.6
CAF133	07/29/2009	0.246	0.273	0.329	0.419	0.437	19.87	17.73	15.6	14.78	13.62
CAF133	07/30/2009	0.245	0.269	0.301	0.419	0.437	19.83	17.8	15.61	14.8	13.7
CAF133	07/31/2009	0.244	0.265	0.269	0.419	0.437	19.75	17.88	15.7	14.8	13.7
CAF133	08/01/2009	0.243	0.262	0.247	0.418	0.437	19.8	17.9	15.7	14.9	13.77
CAF133	08/02/2009	0.243	0.261	0.237	0.418	0.437	19.99	17.97	15.78	14.9	13.8
CAF133	08/03/2009	0.243	0.262	0.237	0.413	0.437	19.17	18	15.8	14.92	13.82
CAF133	08/04/2009	0.242	0.263	0.237	0.407	0.437	17.89	17.7	15.84	15	13.9
CAF133	08/05/2009	0.242	0.263	0.235	0.406	0.437	17.58	17.28	15.75	15	13.9
CAF133	08/06/2009	0.242	0.262	0.23	0.405	0.436	17.67	17.06	15.63	14.98	13.9
CAF133	08/07/2009	0.242	0.261	0.224	0.404	0.436	17.64	16.96	15.53	14.9	13.9
CAF133	08/08/2009	0.241	0.26	0.221	0.403	0.436	17.72	16.9	15.46	14.9	13.9
CAF133	08/09/2009	0.241	0.261	0.219	0.403	0.435	17.61	16.8	15.4	14.81	13.9
CAF133	08/10/2009	0.241	0.26	0.216	0.402	0.434	17.03	16.73	15.38	14.8	13.9
CAF133	08/11/2009	0.239	0.259	0.213	0.402	0.432	16.25	16.45	15.29	14.78	13.9
CAF133	08/12/2009	0.239	0.257	0.208	0.401	0.43	16	16.13	15.17	14.7	13.9
CAF133	08/13/2009	0.238	0.255	0.202	0.4	0.428	16.13	15.95	15.04	14.65	13.9
CAF133	08/14/2009	0.238	0.253	0.196	0.399	0.427	16.41	15.9	14.92	14.58	13.8
CAF133	08/15/2009	0.238	0.251	0.19	0.398	0.426	16.87	15.95	14.9	14.5	13.8
CAF133	08/16/2009	0.238	0.25	0.184	0.397	0.426	17.64	16.13	14.9	14.49	13.79
CAF133	08/17/2009	0.237	0.249	0.179	0.396	0.425	18.48	16.47	14.93	14.4	13.7
CAF133	08/18/2009	0.236	0.248	0.176	0.396	0.424	18.44	16.83	15.05	14.46	13.7
CAF133	08/19/2009	0.235	0.248	0.174	0.395	0.423	17.86	16.9	15.18	14.5	13.7
CAF133	08/20/2009	0.234	0.247	0.172	0.394	0.423	17.2	16.78	15.2	14.52	13.7
CAF133	08/21/2009	0.234	0.247	0.171	0.393	0.422	17.21	16.58	15.2	14.6	13.8
CAF133	08/22/2009	0.233	0.246	0.169	0.392	0.421	17.17	16.5	15.2	14.6	13.8
CAF133	08/23/2009	0.233	0.246	0.168	0.39	0.421	17.28	16.5	15.18	14.54	13.8
CAF133	08/24/2009	0.234	0.246	0.167	0.389	0.42	17.84	16.55	15.11	14.5	13.8
CAF133	08/25/2009	0.234	0.246	0.166	0.387	0.42	18.35	16.74	15.2	14.5	13.8
CAF133	08/26/2009	0.234	0.246	0.166	0.386	0.419	18.23	16.94	15.26	14.57	13.8
CAF133	08/27/2009	0.235	0.246	0.166	0.385	0.419	18.6	17.05	15.32	14.6	13.8
CAF133	08/28/2009	0.235	0.247	0.166	0.384	0.418	19.05	17.22	15.4	14.6	13.8
CAF133	08/29/2009	0.235	0.247	0.166	0.383	0.418	19.26	17.45	15.51	14.68	13.8
CAF133	08/30/2009	0.236	0.247	0.166	0.382	0.418	19.33	17.6	15.61	14.7	13.9
CAF133	08/31/2009	0.235	0.247	0.166	0.381	0.417	18.55	17.66	15.7	14.8	13.9
CAF133	09/01/2009	0.234	0.247	0.166	0.381	0.417	18.27	17.45	15.7	14.83	13.92
CAF133	09/02/2009	0.234	0.247	0.166	0.38	0.417	18.06	17.31	15.7	14.9	14
CAF133	09/03/2009	0.233	0.247	0.167	0.379	0.416	17.22	17.14	15.67	14.9	14
CAF133	09/04/2009	0.232	0.246	0.167	0.378	0.416	16.27	16.75	15.57	14.9	14
CAF133	09/05/2009	0.232	0.246	0.167	0.377	0.415	16.19	16.43	15.46	14.88	14
CAF133	09/06/2009	NA	NA	NA	NA	NA	NA	NA	NA	NA	NA
CAF133	11/04/2010	0.164	0.247	0.202	0.364	0.394	7.95	10.02	10.5	11.1	11.3
CAF133	11/05/2010	0.164	0.247	0.202	0.364	0.394	8.28	10	10.45	11.09	11.24
CAF133	11/06/2010	0.164	0.247	0.202	0.364	0.394	8.83	10.01	10.4	11	11.2
CAF133	11/07/2010	0.165	0.247	0.202	0.364	0.393	9.27	10.19	10.4	10.97	11.1
CAF133	11/08/2010	0.167	0.247	0.202	0.364	0.393	8.05	10.27	10.4	10.9	11.09
CAF133	11/09/2010	0.167	0.247	0.202	0.364	0.393	6.73	9.94	10.38	10.9	11
CAF133	11/10/2010	0.168	0.247	0.202	0.364	0.392	6.2	9.47	10.21	10.85	11
CAF133	11/11/2010	0.169	0.246	0.202	0.363	0.392	6.1	9.12	10.05	10.77	10.92
CAF133	11/12/2010	0.17	0.246	0.202	0.363	0.392	5.98	8.89	9.84	10.66	10.87
CAF133	11/13/2010	0.17	0.246	0.202	0.363	0.391	5.41	8.68	9.73	10.55	10.8
CAF133	11/14/2010	0.171	0.245	0.202	0.362	0.391	5.11	8.39	9.5	10.44	10.7
CAF133	11/15/2010	0.172	0.245	0.202	0.362	0.391	5.85	8.2	9.4	10.33	10.63
CAF133	11/16/2010	0.186	0.245	0.202	0.361	0.39	6.42	8.3	9.3	10.21	10.54
CAF133	11/17/2010	0.193	0.245	0.202	0.361	0.39	6.21	8.4	9.2	10.1	10.45
CAF133	11/18/2010	0.204	0.246	0.202	0.361	0.389	5.9	8.34	9.2	10.03	10.37
CAF133	11/19/2010	0.21	0.245	0.202	0.361	0.389	5.08	8.2	9.13	9.98	10.3
CAF133	11/20/2010	0.208	0.245	0.202	0.36	0.389	4.44	7.88	9.03	9.9	10.22
CAF133	11/21/2010	0.206	0.245	0.201	0.36	0.388	3.76	7.51	8.87	9.81	10.16
CAF133	11/22/2010	0.205	0.244	0.201	0.36	0.388	3.33	7.13	8.68	9.69	10.09
CAF133	11/23/2010	0.204	0.244	0.201	0.359	0.388	3.1	6.81	8.47	9.56	10
CAF133	11/24/2010	0.203	0.244	0.201	0.359	0.387	2.94	6.57	8.27	9.42	9.9
CAF133	11/25/2010	0.203	0.243	0.201	0.358	0.387	2.8	6.36	8.1	9.27	9.79
CAF133	11/26/2010	0.203	0.243	0.201	0.358	0.386	2.7	6.2	7.94	9.14	9.68
CAF133	11/27/2010	0.202	0.243	0.201	0.358	0.386	2.61	6.06	7.76	9	9.58
CAF133	11/28/2010	0.202	0.243	0.201	0.357	0.385	2.6	5.95	7.66	8.86	9.47
CAF133	11/29/2010	0.203	0.243	0.201	0.357	0.385	2.52	5.85	7.51	8.75	9.37
CAF133	11/30/2010	0.203	0.243	0.201	0.356	0.384	2.5	5.77	7.43	8.63	9.27
CAF133	12/01/2010	0.204	0.243	0.2	0.356	0.384	2.5	5.7	7.34	8.53	9.17
CAF133	12/02/2010	0.205	0.243	0.2	0.355	0.383	2.48	5.62	7.21	8.42	9.08
CAF133	12/03/2010	0.209	0.243	0.2	0.355	0.383	2.4	5.55	7.16	8.32	8.99
CAF133	12/04/2010	0.213	0.243	0.2	0.355	0.383	2.31	5.45	7.05	8.23	8.9
CAF133	12/05/2010	0.214	0.243	0.2	0.354	0.382	2.3	5.4	7	8.14	8.8
CAF133	12/06/2010	0.214	0.243	0.2	0.354	0.382	2.3	5.3	6.91	8.05	8.72
CAF133	12/07/2010	0.214	0.243	0.2	0.354	0.381	2.3	5.3	6.77	7.97	8.65
CAF133	12/08/2010	0.221	0.252	0.2	0.354	0.381	2.17	5.04	6.78	7.89	8.58
CAF133	12/09/2010	0.23	0.403	0.25	0.354	0.381	1.65	4.05	6.55	7.77	8.5
CAF133	12/10/2010	0.235	0.422	0.376	0.369	0.38	1.02	2.27	5.7	7.55	8.41
CAF133	12/11/2010	0.228	0.415	0.38	0.376	0.38	1.2	3.36	5.6	7.26	8.29
CAF133	12/12/2010	0.24	0.425	0.389	0.381	0.395	0.87	2.7	5.5	7.08	8.16
CAF133	12/13/2010	0.239	0.427	0.391	0.384	0.422	1.44	3.02	5.2	6.82	8
CAF133	12/14/2010	0.245	0.428	0.391	0.385	0.421	2.9	3.73	5.05	6.65	7.84
CAF133	12/15/2010	0.241	0.43	0.393	0.386	0.421	2.75	4.27	5.26	6.55	7.67
CAF133	12/16/2010	0.239	0.431	0.394	0.386	0.421	2.31	4.49	5.39	6.5	7.56
CAF133	12/17/2010	0.238	0.431	0.395	0.386	0.421	2.02	4.5	5.47	6.5	7.48
CAF133	12/18/2010	0.237	0.43	0.396	0.386	0.421	1.8	4.5	5.5	6.5	7.4
CAF133	12/19/2010	0.236	0.43	0.396	0.386	0.42	1.64	4.48	5.5	6.45	7.35
CAF133	12/20/2010	0.236	0.43	0.396	0.386	0.42	1.6	4.4	5.4	6.4	7.3
CAF133	12/21/2010	0.235	0.43	0.397	0.387	0.42	1.5	4.38	5.37	6.39	7.21
CAF133	12/22/2010	0.235	0.429	0.397	0.387	0.42	1.5	4.3	5.33	6.3	7.19
CAF133	12/23/2010	0.235	0.428	0.397	0.387	0.42	1.5	4.3	5.27	6.28	7.1
CAF133	12/24/2010	0.235	0.428	0.397	0.388	0.42	1.5	4.24	5.21	6.2	7.05
CAF133	12/25/2010	0.235	0.428	0.397	0.388	0.42	1.5	4.2	5.2	6.17	7
CAF133	12/26/2010	0.235	0.428	0.397	0.388	0.419	1.5	4.2	5.17	6.1	6.94
CAF133	12/27/2010	0.235	0.427	0.398	0.388	0.419	1.5	4.2	5.1	6.1	6.9
CAF133	12/28/2010	0.246	0.431	0.397	0.388	0.419	1.46	4.12	5.04	6	6.82
CAF133	12/29/2010	0.44	0.437	0.397	0.389	0.42	0.78	3.86	4.92	5.97	6.77
CAF133	12/30/2010	0.39	0.438	0.397	0.389	0.42	1.11	3.77	4.89	5.9	6.7
CAF133	12/31/2010	0.254	0.44	0.398	0.389	0.42	1.27	3.8	4.8	5.82	6.67
CAF133	01/01/2011	0.246	0.439	0.399	0.389	0.42	1.4	3.8	4.75	5.77	6.6
CAF133	01/02/2011	0.245	0.439	0.399	0.389	0.42	1.4	3.8	4.7	5.7	6.52
CAF133	01/03/2011	0.244	0.439	0.399	0.389	0.419	1.4	3.8	4.7	5.69	6.5
CAF133	01/04/2011	0.243	0.439	0.399	0.389	0.419	1.4	3.8	4.65	5.6	6.4
CAF133	01/05/2011	0.242	0.438	0.399	0.388	0.419	1.4	3.8	4.6	5.6	6.4
CAF133	01/06/2011	0.241	0.438	0.399	0.388	0.419	1.4	3.8	4.6	5.55	6.3
CAF133	01/07/2011	0.241	0.439	0.399	0.388	0.419	1.4	3.8	4.6	5.5	6.3
CAF133	01/08/2011	0.245	0.44	0.399	0.389	0.419	1.4	3.77	4.54	5.5	6.24
CAF133	01/09/2011	0.25	0.441	0.399	0.389	0.419	1.4	3.77	4.5	5.48	6.2
CAF133	01/10/2011	0.246	0.441	0.399	0.389	0.419	1.4	3.7	4.5	5.4	6.2
CAF133	01/11/2011	0.244	0.44	0.399	0.389	0.419	1.32	3.7	4.43	5.4	6.1
CAF133	01/12/2011	0.243	0.44	0.399	0.389	0.419	1.24	3.7	4.4	5.39	6.1
CAF133	01/13/2011	0.399	0.442	0.398	0.389	0.419	0.84	3.48	4.33	5.3	6.07
CAF133	01/14/2011	0.437	0.443	0.399	0.39	0.419	0.55	3.28	4.3	5.3	6
CAF133	01/15/2011	0.439	0.443	0.399	0.39	0.419	1.89	3.32	4.27	5.27	6
CAF133	01/16/2011	0.442	0.443	0.399	0.389	0.419	4.54	3.72	4.3	5.17	5.9
CAF133	01/17/2011	0.444	0.444	0.399	0.39	0.419	5.42	4.47	4.3	5.2	5.9
CAF133	01/18/2011	0.444	0.444	0.399	0.39	0.419	4.29	4.85	4.54	5.21	5.9
CAF133	01/19/2011	0.444	0.444	0.399	0.39	0.419	3.37	4.88	4.68	5.3	5.83
CAF133	01/20/2011	0.444	0.444	0.398	0.39	0.419	2.75	4.73	4.63	5.33	5.89
CAF133	01/21/2011	0.443	0.444	0.399	0.39	0.419	2.11	4.54	4.74	5.4	5.9
CAF133	01/22/2011	0.445	0.445	0.4	0.39	0.419	1.6	4.27	4.78	5.4	5.9
CAF133	01/23/2011	0.445	0.445	0.399	0.391	0.419	2.19	4.2	4.67	5.4	5.9
CAF133	01/24/2011	0.446	0.445	0.399	0.39	0.419	2.42	4.2	4.63	5.4	5.9
CAF133	01/25/2011	0.447	0.445	0.4	0.391	0.419	2.79	4.25	4.61	5.32	5.9
CAF133	01/26/2011	0.448	0.446	0.4	0.391	0.419	3.06	4.35	4.61	5.3	5.81
CAF133	01/27/2011	0.448	0.445	0.4	0.39	0.419	3.1	4.44	4.67	5.3	5.8
CAF133	01/28/2011	0.449	0.445	0.399	0.39	0.419	3.31	4.51	4.7	5.3	5.8
CAF133	01/29/2011	0.448	0.445	0.399	0.39	0.418	3.51	4.62	4.7	5.3	5.8
CAF133	01/30/2011	0.449	0.446	0.4	0.391	0.419	3.03	4.68	4.77	5.3	5.8
CAF133	01/31/2011	0.436	0.446	0.4	0.391	0.419	2.79	4.62	4.8	5.39	5.8
CAF133	02/01/2011	0.281	0.447	0.4	0.391	0.419	2.3	4.58	4.8	5.4	5.8
CAF133	02/02/2011	0.268	0.446	0.401	0.391	0.419	1.95	4.45	4.76	5.4	5.8
CAF133	02/03/2011	0.26	0.446	0.401	0.39	0.419	1.68	4.27	4.7	5.36	5.8
CAF133	02/04/2011	0.256	0.445	0.4	0.39	0.418	1.5	4.08	4.57	5.3	5.8
CAF133	02/05/2011	0.257	0.446	0.4	0.39	0.418	1.36	3.93	4.52	5.3	5.8
CAF133	02/06/2011	0.257	0.445	0.4	0.39	0.418	1.29	3.82	4.39	5.21	5.71
CAF133	02/07/2011	0.266	0.446	0.4	0.39	0.418	1.2	3.71	4.3	5.2	5.7
CAF133	02/08/2011	0.265	0.446	0.4	0.39	0.418	1.2	3.61	4.22	5.1	5.68
CAF133	02/09/2011	0.259	0.446	0.4	0.39	0.418	1.2	3.58	4.18	5.08	5.6
CAF133	02/10/2011	0.255	0.446	0.4	0.39	0.418	1.2	3.5	4.07	5	5.6
CAF133	02/11/2011	0.254	0.445	0.4	0.39	0.418	1.2	3.5	4.07	5	5.5
CAF133	02/12/2011	0.255	0.445	0.399	0.389	0.417	1.29	3.47	4	4.92	5.5
CAF133	02/13/2011	0.269	0.446	0.399	0.39	0.417	1.85	3.5	4	4.9	5.44
CAF133	02/14/2011	0.277	0.446	0.399	0.39	0.417	2.59	3.56	3.89	4.88	5.4
CAF133	02/15/2011	0.301	0.447	0.399	0.39	0.417	2.9	3.78	3.97	4.8	5.4
CAF133	02/16/2011	0.443	0.446	0.399	0.39	0.417	1.98	3.9	3.99	4.8	5.31
CAF133	02/17/2011	0.443	0.447	0.399	0.39	0.417	1.6	3.77	4.1	4.85	5.3
CAF133	02/18/2011	0.443	0.447	0.399	0.39	0.417	1.7	3.7	4.1	4.9	5.3
CAF133	02/19/2011	0.444	0.446	0.399	0.39	0.417	1.66	3.65	4.1	4.9	5.3
CAF133	02/20/2011	0.444	0.446	0.398	0.39	0.417	1.53	3.6	3.99	4.8	5.3
CAF133	02/21/2011	0.36	0.447	0.399	0.39	0.417	1.53	3.6	4	4.8	5.3
CAF133	02/22/2011	0.289	0.447	0.399	0.39	0.417	1.42	3.6	3.9	4.8	5.22
CAF133	02/23/2011	0.274	0.448	0.399	0.39	0.417	1.4	3.56	3.9	4.8	5.2
CAF133	02/24/2011	0.269	0.447	0.399	0.39	0.417	1.42	3.5	3.9	4.76	5.2
CAF133	02/25/2011	0.264	0.447	0.4	0.389	0.417	1.4	3.5	3.85	4.7	5.2
CAF133	02/26/2011	0.261	0.447	0.399	0.389	0.417	1.4	3.5	3.8	4.7	5.11
CAF133	02/27/2011	0.258	0.447	0.399	0.389	0.417	1.4	3.47	3.8	4.7	5.1
CAF133	02/28/2011	0.257	0.447	0.399	0.389	0.416	1.4	3.4	3.68	4.64	5.1
CAF133	03/01/2011	0.257	0.447	0.4	0.389	0.416	1.38	3.4	3.77	4.6	5.1
CAF133	03/02/2011	0.285	0.447	0.399	0.389	0.416	1.28	3.37	3.7	4.6	5.04
CAF133	03/03/2011	0.442	0.448	0.399	0.39	0.417	0.96	3.22	3.7	4.6	5
CAF133	03/04/2011	0.442	0.448	0.399	0.39	0.417	1.09	3.27	3.67	4.6	5
CAF133	03/05/2011	0.443	0.448	0.399	0.39	0.417	1.06	3.27	3.7	4.59	5
CAF133	03/06/2011	0.443	0.448	0.399	0.39	0.417	0.84	3.22	3.7	4.51	4.97
CAF133	03/07/2011	0.443	0.448	0.399	0.39	0.417	0.95	3.2	3.7	4.5	4.9
CAF133	03/08/2011	0.444	0.448	0.399	0.39	0.417	1.1	3.2	3.61	4.5	4.9
CAF133	03/09/2011	0.445	0.448	0.399	0.39	0.417	0.95	3.2	3.6	4.45	4.9
CAF133	03/10/2011	0.446	0.448	0.399	0.39	0.416	0.45	3.15	3.57	4.4	4.8
CAF133	03/11/2011	0.446	0.448	0.399	0.39	0.416	0.86	3.1	3.52	4.4	4.8
CAF133	03/12/2011	0.447	0.448	0.399	0.39	0.416	1.9	3.16	3.47	4.4	4.8
CAF133	03/13/2011	0.449	0.449	0.399	0.39	0.416	3.22	3.4	3.5	4.32	4.73
CAF133	03/14/2011	0.449	0.449	0.399	0.39	0.416	3.54	3.71	3.5	4.3	4.7
CAF133	03/15/2011	0.45	0.449	0.4	0.39	0.416	4	3.96	3.6	4.3	4.7
CAF133	03/16/2011	0.451	0.449	0.4	0.39	0.416	3.73	4.18	3.71	4.39	4.7
CAF133	03/17/2011	0.451	0.45	0.4	0.39	0.416	3.51	4.31	3.82	4.4	4.7
CAF133	03/18/2011	0.451	0.45	0.4	0.39	0.416	3.4	4.4	3.93	4.49	4.7
CAF133	03/19/2011	0.452	0.45	0.4	0.39	0.416	4.27	4.5	3.99	4.54	4.78
CAF133	03/20/2011	0.452	0.45	0.4	0.39	0.416	3	4.6	4.1	4.6	4.8
CAF133	03/21/2011	0.454	0.45	0.4	0.39	0.417	4.01	4.61	4.17	4.64	4.8
CAF133	03/22/2011	0.454	0.451	0.4	0.39	0.417	3.66	4.7	4.23	4.7	4.9
CAF133	03/23/2011	0.455	0.451	0.4	0.39	0.417	4.12	4.8	4.27	4.73	4.9
CAF133	03/24/2011	0.455	0.451	0.4	0.39	0.417	4.82	4.92	4.35	4.8	4.9
CAF133	03/25/2011	0.456	0.451	0.401	0.391	0.417	5.42	5.16	4.42	4.8	4.97
CAF133	03/26/2011	0.456	0.451	0.401	0.391	0.417	5.04	5.36	4.54	4.86	4.97
CAF133	03/27/2011	0.456	0.452	0.401	0.391	0.417	4.87	5.4	4.65	4.92	5.01
CAF133	03/28/2011	0.457	0.452	0.401	0.391	0.417	5.33	5.55	4.76	5	5.1
CAF133	03/29/2011	0.457	0.452	0.401	0.392	0.418	5.28	5.67	4.87	5.07	5.12
CAF133	03/30/2011	0.458	0.452	0.401	0.392	0.418	6.38	5.75	4.98	5.15	5.2
CAF133	03/31/2011	0.458	0.453	0.401	0.392	0.418	6.75	6.03	5.08	5.2	5.25
CAF133	04/01/2011	0.458	0.453	0.401	0.392	0.418	6.82	6.26	5.18	5.3	5.3
CAF133	04/02/2011	0.459	0.453	0.4	0.392	0.418	7.38	6.5	5.12	5.36	5.38
CAF133	04/03/2011	0.458	0.454	0.402	0.393	0.419	5.88	6.6	5.5	5.45	5.43
CAF133	04/04/2011	0.458	0.454	0.401	0.393	0.419	5.67	6.58	5.45	5.57	5.5
CAF133	04/05/2011	0.458	0.454	0.402	0.393	0.419	5.51	6.5	5.74	5.67	5.6
CAF133	04/06/2011	0.458	0.454	0.402	0.393	0.419	5.15	6.48	5.8	5.71	5.67
CAF133	04/07/2011	0.458	0.454	0.402	0.393	0.419	5.17	6.4	5.8	5.8	5.7
CAF133	04/08/2011	0.458	0.454	0.402	0.394	0.42	5.11	6.32	5.8	5.8	5.78
CAF133	04/09/2011	0.459	0.454	0.402	0.393	0.42	5.75	6.3	5.71	5.8	5.8
CAF133	04/10/2011	0.459	0.454	0.402	0.394	0.42	5.91	6.36	5.7	5.8	5.8
CAF133	04/11/2011	0.459	0.454	0.402	0.394	0.42	6.02	6.4	5.64	5.8	5.8
CAF133	04/12/2011	0.459	0.454	0.402	0.394	0.42	5.7	6.45	5.79	5.8	5.8
CAF133	04/13/2011	0.459	0.454	0.402	0.394	0.42	6	6.48	5.8	5.81	5.86
CAF133	04/14/2011	0.458	0.454	0.402	0.394	0.42	5.22	6.47	5.8	5.9	5.9
CAF133	04/15/2011	0.46	0.454	0.402	0.394	0.42	6.25	6.43	5.9	5.9	5.9
CAF133	04/16/2011	0.461	0.454	0.402	0.394	0.42	7.04	6.62	5.9	5.9	5.9
CAF133	04/17/2011	0.461	0.455	0.402	0.394	0.42	6.81	6.8	5.89	5.93	5.95
CAF133	04/18/2011	0.46	0.454	0.402	0.394	0.42	6.03	6.88	6	6	6
CAF133	04/19/2011	0.455	0.454	0.402	0.394	0.42	5.54	6.78	6.1	6.04	6
CAF133	04/20/2011	0.361	0.455	0.402	0.394	0.42	5.45	6.7	6.07	6.1	6.05
CAF133	04/21/2011	0.317	0.455	0.402	0.394	0.42	5.71	6.7	6.1	6.1	6.1
CAF133	04/22/2011	0.302	0.455	0.402	0.395	0.421	5.54	6.7	6.1	6.1	6.1
CAF133	04/23/2011	0.299	0.455	0.402	0.394	0.421	5.77	6.63	6.1	6.1	6.1
CAF133	04/24/2011	0.296	0.455	0.403	0.394	0.421	6.67	6.75	6.07	6.1	6.1
CAF133	04/25/2011	0.313	0.455	0.403	0.394	0.421	6.78	6.94	6.09	6.17	6.19
CAF133	04/26/2011	0.457	0.455	0.403	0.395	0.421	5.84	6.97	6.2	6.2	6.2
CAF133	04/27/2011	0.447	0.455	0.403	0.395	0.421	6.34	7	6.28	6.21	6.2
CAF133	04/28/2011	0.458	0.455	0.403	0.395	0.421	6.78	7.07	6.3	6.3	6.2
CAF133	04/29/2011	0.33	0.456	0.402	0.395	0.421	6.26	7.2	6.34	6.3	6.27
CAF133	04/30/2011	0.301	0.456	0.403	0.395	0.421	5.85	7.1	6.37	6.34	6.3
CAF133	05/01/2011	0.296	0.455	0.404	0.395	0.421	6.56	7.06	6.4	6.4	6.3
CAF133	05/02/2011	0.295	0.455	0.403	0.395	0.421	7.54	7.21	6.4	6.4	6.3
CAF133	05/03/2011	0.395	0.456	0.403	0.395	0.421	6.75	7.37	6.49	6.4	6.39
CAF133	05/04/2011	0.304	0.456	0.404	0.395	0.421	6.85	7.4	6.57	6.49	6.4
CAF133	05/05/2011	0.3	0.456	0.404	0.395	0.421	7.96	7.51	6.57	6.5	6.4
CAF133	05/06/2011	0.296	0.456	0.404	0.395	0.422	8	7.75	6.69	6.57	6.45
CAF133	05/07/2011	0.295	0.456	0.404	0.395	0.422	8.09	7.89	6.81	6.62	6.5
CAF133	05/08/2011	0.295	0.456	0.404	0.395	0.422	8.59	8.07	6.92	6.7	6.51
CAF133	05/09/2011	0.294	0.456	0.405	0.396	0.422	8.45	8.25	7.03	6.78	6.6
CAF133	05/10/2011	0.295	0.457	0.405	0.396	0.422	8.55	8.3	7.1	6.83	6.6
CAF133	05/11/2011	NA	NA	NA	NA	NA	NA	NA	NA	NA	NA
CAF133	09/02/2011	0.176	0.171	0.075	0.163	0.197	20.02	18.6	17.5	15.84	15
CAF133	09/03/2011	0.176	0.171	0.075	0.162	0.197	19.04	18.42	17.37	15.8	15
CAF133	09/04/2011	0.175	0.17	0.074	0.161	0.197	19.01	18.11	17.18	15.8	15
CAF133	09/05/2011	0.176	0.17	0.074	0.161	0.197	19.27	18.05	17.03	15.72	15
CAF133	09/06/2011	0.176	0.17	0.074	0.161	0.196	19.45	18.12	16.95	15.7	15
CAF133	09/07/2011	0.175	0.17	0.074	0.16	0.196	19.68	18.19	16.9	15.63	15
CAF133	09/08/2011	0.175	0.17	0.074	0.16	0.196	20.15	18.37	16.9	15.6	15
CAF133	09/09/2011	0.175	0.17	0.074	0.16	0.196	20.25	18.55	16.99	15.6	15
CAF133	09/10/2011	0.175	0.17	0.074	0.16	0.196	20.42	18.64	17.03	15.6	15
CAF133	09/11/2011	0.175	0.17	0.074	0.16	0.196	20.56	18.76	17.12	15.62	15
CAF133	09/12/2011	0.175	0.17	0.074	0.16	0.196	20.56	18.85	17.2	15.7	15
CAF133	09/13/2011	0.174	0.17	0.074	0.16	0.195	20.28	18.85	17.25	15.7	15
CAF133	09/14/2011	0.174	0.17	0.074	0.16	0.195	19.98	18.72	17.3	15.7	15.07
CAF133	09/15/2011	0.174	0.17	0.074	0.16	0.195	19.8	18.66	17.3	15.8	15.1
CAF133	09/16/2011	0.172	0.17	0.074	0.16	0.195	18.33	18.25	17.24	15.8	15.1
CAF133	09/17/2011	0.172	0.169	0.074	0.16	0.195	17.4	17.63	17.09	15.8	15.1
CAF133	09/18/2011	0.171	0.169	0.074	0.16	0.195	17.21	17.16	16.86	15.75	15.1
CAF133	09/19/2011	0.171	0.168	0.074	0.16	0.195	17.44	16.98	16.65	15.69	15.1
CAF133	09/20/2011	0.171	0.168	0.077	0.16	0.194	17.14	16.88	16.52	15.6	15.1
CAF133	09/21/2011	0.171	0.168	0.077	0.159	0.194	17.06	16.7	16.39	15.53	15.1
CAF133	09/22/2011	0.171	0.168	0.077	0.159	0.194	17.35	16.63	16.27	15.47	15.05
CAF133	09/23/2011	0.171	0.168	0.077	0.159	0.194	17.82	16.75	16.2	15.4	15
CAF133	09/24/2011	0.169	0.168	0.077	0.159	0.194	18.41	16.98	16.2	15.33	15
CAF133	09/25/2011	0.169	0.168	0.077	0.159	0.194	18.6	17.27	16.25	15.3	14.92
CAF133	09/26/2011	0.169	0.168	0.077	0.159	0.193	17.14	17.06	16.3	15.3	14.9
CAF133	09/27/2011	0.168	0.168	0.077	0.159	0.193	16.58	16.62	16.25	15.3	14.9
CAF133	09/28/2011	0.167	0.167	0.077	0.159	0.193	15.8	16.19	16.12	15.3	14.9
CAF133	09/29/2011	0.166	0.167	0.077	0.159	0.193	15.38	15.72	15.92	15.22	14.9
CAF133	09/30/2011	0.166	0.167	0.077	0.159	0.193	15.58	15.5	15.71	15.15	14.85
CAF133	10/01/2011	0.166	0.167	0.077	0.159	0.193	16.32	15.56	15.55	15.06	14.8
CAF133	10/02/2011	0.166	0.167	0.077	0.159	0.193	16.16	15.7	15.45	14.98	14.76
CAF133	10/03/2011	0.166	0.166	0.077	0.159	0.192	16.24	15.65	15.4	14.9	14.7
CAF133	10/04/2011	0.166	0.166	0.077	0.159	0.192	15.67	15.6	15.37	14.85	14.67
CAF133	10/05/2011	0.166	0.164	0.077	0.159	0.192	14.58	15.2	15.28	14.8	14.6
CAF133	10/06/2011	0.165	0.159	0.077	0.16	0.191	13.15	14.6	15.11	14.74	14.6
CAF133	10/07/2011	0.163	0.164	0.077	0.159	0.192	12.2	13.8	14.85	14.66	14.52
CAF133	10/08/2011	0.163	0.164	0.077	0.158	0.192	11.76	13.22	14.51	14.55	14.49
CAF133	10/09/2011	0.163	0.164	0.077	0.158	0.192	11.76	12.86	14.2	14.4	14.4
CAF133	10/10/2011	0.163	0.163	0.077	0.158	0.192	11.77	12.67	13.94	14.25	14.32
CAF133	10/11/2011	0.163	0.163	0.077	0.159	0.191	11.68	12.54	13.72	14.09	14.22
CAF133	10/12/2011	0.162	0.163	0.077	0.159	0.191	11.4	12.37	13.54	13.95	14.12
CAF133	10/13/2011	0.162	0.163	0.077	0.158	0.191	11.09	12.11	13.38	13.78	14.02
CAF133	10/14/2011	0.162	0.163	0.077	0.158	0.191	11.27	12	13.2	13.64	13.92
CAF133	10/15/2011	0.163	0.162	0.077	0.159	0.19	11.42	11.99	13.06	13.52	13.82
CAF133	10/16/2011	0.163	0.162	0.077	0.159	0.19	11.23	11.96	12.95	13.4	13.7
CAF133	10/17/2011	0.162	0.162	0.077	0.159	0.19	10.27	11.63	12.86	13.29	13.6
CAF133	10/18/2011	0.162	0.162	0.076	0.158	0.19	9.9	11.22	12.68	13.19	13.52
CAF133	10/19/2011	0.163	0.162	0.076	0.158	0.19	10.14	11.02	12.47	13.08	13.44
CAF133	10/20/2011	0.163	0.161	0.076	0.158	0.189	10.27	10.97	12.31	12.96	13.35
CAF133	10/21/2011	0.163	0.161	0.076	0.158	0.189	10.7	11.06	12.2	12.84	13.25
CAF133	10/22/2011	0.163	0.161	0.077	0.158	0.189	10.9	11.19	12.1	12.73	13.16
CAF133	10/23/2011	0.164	0.162	0.077	0.158	0.189	11.12	11.29	12.1	12.65	13.09
CAF133	10/24/2011	0.164	0.162	0.076	0.158	0.189	10.96	11.37	12.1	12.6	13
CAF133	10/25/2011	0.163	0.162	0.077	0.158	0.189	9.56	11.02	12.1	12.51	12.93
CAF133	10/26/2011	0.162	0.161	0.077	0.158	0.188	8.29	10.32	11.93	12.48	12.87
CAF133	10/27/2011	0.162	0.161	0.077	0.158	0.188	7.93	9.64	11.66	12.38	12.8
CAF133	10/28/2011	0.162	0.16	0.077	0.158	0.188	7.5	9.24	11.37	12.25	12.72
CAF133	10/29/2011	0.162	0.16	0.077	0.158	0.188	7.99	9.03	11.1	12.11	12.64
CAF133	10/30/2011	0.162	0.159	0.077	0.158	0.188	7.97	9.06	10.91	11.95	12.53
CAF133	10/31/2011	0.163	0.159	0.077	0.158	0.188	8.55	9.12	10.78	11.83	12.42
CAF133	11/01/2011	0.163	0.16	0.077	0.158	0.187	7.42	9.02	10.7	11.69	12.3
CAF133	11/02/2011	0.163	0.158	0.077	0.158	0.187	6.32	8.43	10.56	11.58	12.2
CAF133	11/03/2011	0.163	0.157	0.077	0.159	0.187	6.09	7.92	10.31	11.47	12.11
CAF133	11/04/2011	0.162	0.155	0.077	0.158	0.186	6.13	7.75	10.04	11.33	12
CAF133	11/05/2011	0.162	0.157	0.077	0.158	0.186	5.25	7.39	9.82	11.16	11.89
CAF133	11/06/2011	0.162	0.157	0.077	0.158	0.186	4.75	6.95	9.59	11.03	11.78
CAF133	11/07/2011	0.162	0.157	0.077	0.158	0.186	4.31	6.57	9.32	10.86	11.65
CAF133	11/08/2011	0.162	0.156	0.076	0.158	0.186	4.21	6.24	9.06	10.7	11.54
CAF133	11/09/2011	0.162	0.156	0.076	0.158	0.185	4.68	6.2	8.82	10.53	11.41
CAF133	11/10/2011	0.162	0.156	0.076	0.158	0.185	4.79	6.17	8.65	10.35	11.27
CAF133	11/11/2011	0.163	0.155	0.077	0.158	0.185	4.87	6.18	8.55	10.22	11.14
CAF133	11/12/2011	0.17	0.154	0.077	0.157	0.184	4.75	6.17	8.45	10.03	11.03
CAF133	11/13/2011	0.214	0.153	0.077	0.157	0.185	4.22	5.93	8.37	9.92	10.9
CAF133	11/14/2011	0.207	0.154	0.077	0.158	0.184	4.57	5.8	8.25	9.79	10.79
CAF133	11/15/2011	0.204	0.155	0.077	0.158	0.184	4.07	5.75	8.17	9.68	10.69
CAF133	11/16/2011	0.203	0.156	0.077	0.158	0.184	3.29	5.4	8.05	9.58	10.59
CAF133	11/17/2011	0.212	0.155	0.077	0.157	0.184	2.82	5.02	7.87	9.47	10.5
CAF133	11/18/2011	0.209	0.156	0.077	0.157	0.184	2.77	4.75	7.65	9.35	10.39
CAF133	11/19/2011	0.208	0.156	0.077	0.157	0.184	2.82	4.62	7.44	9.22	10.29
CAF133	11/20/2011	0.207	0.156	0.077	0.157	0.183	2.9	4.55	7.27	9.08	10.18
CAF133	11/21/2011	0.207	0.156	0.077	0.157	0.183	2.95	4.46	7.14	8.95	10.03
CAF133	11/22/2011	0.229	0.249	0.529	0.159	0.183	2.89	3.92	6.87	8.83	9.92
CAF133	11/23/2011	0.218	0.234	0.605	0.159	0.183	4.17	4.46	6.81	8.72	9.82
CAF133	11/24/2011	0.216	0.226	0.414	0.159	0.183	4.63	5.08	6.91	8.61	9.71
CAF133	11/25/2011	0.217	0.224	0.162	0.159	0.183	4.47	5.28	7.03	8.55	9.62
CAF133	11/26/2011	0.216	0.223	0.143	0.16	0.183	3.75	5.18	7.1	8.5	9.53
CAF133	11/27/2011	0.215	0.22	0.139	0.16	0.183	3.33	4.9	7.07	8.5	9.48
CAF133	11/28/2011	0.215	0.218	0.137	0.16	0.183	3.74	4.8	6.95	8.44	9.4
CAF133	11/29/2011	0.216	0.218	0.135	0.16	0.183	3.77	4.87	6.9	8.4	9.35
CAF133	11/30/2011	0.216	0.218	0.134	0.159	0.182	3.76	4.85	6.88	8.3	9.3
CAF133	12/01/2011	0.215	0.217	0.134	0.159	0.182	3.33	4.77	6.8	8.27	9.2
CAF133	12/02/2011	0.214	0.215	0.133	0.159	0.182	2.9	4.52	6.75	8.2	9.16
CAF133	12/03/2011	0.213	0.213	0.132	0.159	0.182	2.59	4.25	6.65	8.14	9.1
CAF133	12/04/2011	0.212	0.211	0.132	0.159	0.182	2.3	4.03	6.51	8.07	9.02
CAF133	12/05/2011	0.212	0.21	0.131	0.159	0.182	2.09	3.83	6.37	7.98	8.97
CAF133	12/06/2011	0.211	0.209	0.131	0.158	0.182	1.87	3.65	6.24	7.89	8.9
CAF133	12/07/2011	0.21	0.208	0.13	0.158	0.181	1.73	3.49	6.1	7.79	8.8
CAF133	12/08/2011	0.21	0.207	0.13	0.158	0.181	1.57	3.33	5.96	7.63	8.72
CAF133	12/09/2011	0.209	0.207	0.129	0.158	0.181	1.37	3.14	5.84	7.54	8.67
CAF133	12/10/2011	0.209	0.206	0.129	0.158	0.181	1.3	2.98	5.67	7.43	8.57
CAF133	12/11/2011	0.208	0.205	0.128	0.157	0.181	1.23	2.9	5.56	7.33	8.48
CAF133	12/12/2011	0.208	0.204	0.128	0.156	0.18	1.14	2.8	5.45	7.22	8.4
CAF133	12/13/2011	0.207	0.203	0.128	0.157	0.18	1.04	2.71	5.35	7.13	8.3
CAF133	12/14/2011	0.207	0.202	0.127	0.156	0.18	1	2.63	5.26	7.04	8.22
CAF133	12/15/2011	0.206	0.201	0.127	0.156	0.18	1	2.6	5.19	6.95	8.15
CAF133	12/16/2011	0.206	0.2	0.127	0.156	0.18	1	2.56	5.1	6.88	8.07
CAF133	12/17/2011	0.205	0.199	0.127	0.157	0.18	1	2.5	5.03	6.8	8
CAF133	12/18/2011	0.205	0.198	0.127	0.157	0.18	1.05	2.5	5	6.71	7.9
CAF133	12/19/2011	0.205	0.198	0.127	0.157	0.18	1.1	2.5	4.91	6.66	7.83
CAF133	12/20/2011	0.205	0.197	0.126	0.157	0.18	1.1	2.5	4.9	6.6	7.79
CAF133	12/21/2011	0.205	0.197	0.126	0.157	0.18	1.1	2.5	4.83	6.52	7.67
CAF133	12/22/2011	0.205	0.198	0.126	0.156	0.179	1.07	2.5	4.8	6.49	7.6
CAF133	12/23/2011	0.205	0.198	0.125	0.156	0.179	0.94	2.4	4.78	6.4	7.54
CAF133	12/24/2011	0.205	0.197	0.125	0.156	0.179	0.8	2.24	4.7	6.38	7.49
CAF133	12/25/2011	0.205	0.196	0.125	0.156	0.179	0.8	2.19	4.63	6.3	7.4
CAF133	12/26/2011	0.204	0.195	0.125	0.156	0.179	0.8	2.1	4.6	6.25	7.36
CAF133	12/27/2011	0.203	0.194	0.125	0.156	0.179	0.8	2.1	4.51	6.2	7.3
CAF133	12/28/2011	0.217	0.214	0.26	0.158	0.179	0.79	2.05	4.46	6.13	7.22
CAF133	12/29/2011	0.233	0.256	0.581	0.158	0.18	0.76	1.83	4.21	6.09	7.18
CAF133	12/30/2011	0.238	0.283	0.586	0.357	0.179	1.18	1.6	3.93	5.93	7.1
CAF133	12/31/2011	0.224	0.241	0.582	0.363	0.179	1.48	1.9	3.99	5.8	7.03
CAF133	01/01/2012	0.221	0.231	0.551	0.239	0.179	1.3	2.08	4.13	5.73	6.98
CAF133	01/02/2012	0.22	0.227	0.267	0.225	0.179	1.4	2.2	4.2	5.7	6.9
CAF133	01/03/2012	0.22	0.225	0.17	0.221	0.179	1.55	2.36	4.2	5.7	6.86
CAF133	01/04/2012	0.221	0.225	0.154	0.219	0.179	1.96	2.46	4.25	5.7	6.8
CAF133	01/05/2012	0.221	0.226	0.151	0.218	0.179	2.79	2.7	4.3	5.62	6.8
CAF133	01/06/2012	0.22	0.225	0.149	0.217	0.179	2.52	2.98	4.38	5.6	6.7
CAF133	01/07/2012	0.22	0.223	0.148	0.216	0.179	2.05	2.9	4.5	5.6	6.7
CAF133	01/08/2012	0.22	0.222	0.147	0.216	0.179	1.94	2.82	4.5	5.6	6.7
CAF133	01/09/2012	0.22	0.221	0.146	0.215	0.179	2.02	2.8	4.5	5.6	6.7
CAF133	01/10/2012	0.22	0.222	0.145	0.215	0.179	2.22	2.8	4.44	5.6	6.61
CAF133	01/11/2012	0.221	0.22	0.145	0.214	0.179	1.92	2.8	4.5	5.6	6.6
CAF133	01/12/2012	0.22	0.219	0.145	0.214	0.179	1.66	2.73	4.5	5.6	6.6
CAF133	01/13/2012	0.219	0.218	0.144	0.213	0.179	1.45	2.63	4.47	5.6	6.6
CAF133	01/14/2012	0.218	0.217	0.144	0.213	0.179	1.34	2.53	4.4	5.6	6.6
CAF133	01/15/2012	0.218	0.216	0.143	0.212	0.179	1.3	2.48	4.29	5.57	6.5
CAF133	01/16/2012	0.217	0.215	0.143	0.212	0.179	1.3	2.4	4.3	5.5	6.5
CAF133	01/17/2012	0.217	0.214	0.143	0.212	0.179	1.3	2.4	4.2	5.5	6.5
CAF133	01/18/2012	0.216	0.213	0.142	0.212	0.178	1.28	2.4	4.2	5.45	6.44
CAF133	01/19/2012	0.221	0.215	0.142	0.213	0.177	1.18	2.3	4.16	5.4	6.4
CAF133	01/20/2012	0.238	0.258	0.142	0.213	0.177	1.15	2.19	4.1	5.4	6.4
CAF133	01/21/2012	0.245	0.482	0.54	0.373	0.4	0.78	0.66	3.3	5.32	6.34
CAF133	01/22/2012	0.232	0.285	0.57	0.473	0.557	0.76	1.23	3.19	5.15	6.3
CAF133	01/23/2012	0.228	0.263	0.565	0.467	0.561	0.94	1.69	3.5	5.1	6.22
CAF133	01/24/2012	0.232	0.265	0.566	0.422	0.562	1.03	1.83	3.65	5.1	6.2
CAF133	01/25/2012	0.286	0.45	0.572	0.461	0.564	0.38	0.76	3.07	4.99	6.12
CAF133	01/26/2012	0.248	0.436	0.571	0.462	0.564	0.6	1.04	3.07	4.88	6.07
CAF133	01/27/2012	0.236	0.303	0.577	0.463	0.564	0.8	1.47	3.24	4.8	5.95
CAF133	01/28/2012	0.232	0.277	0.579	0.467	0.564	0.95	1.7	3.38	4.8	5.9
CAF133	01/29/2012	0.235	0.314	0.577	0.47	0.564	1	1.8	3.48	4.8	5.86
CAF133	01/30/2012	0.31	0.51	0.571	0.469	0.564	0.8	1.53	3.43	4.8	5.8
CAF133	01/31/2012	0.247	0.506	0.573	0.471	0.563	0.95	1.69	3.41	4.78	5.8
CAF133	02/01/2012	0.306	0.509	0.574	0.471	0.562	0.98	1.8	3.5	4.7	5.7
CAF133	02/02/2012	0.445	0.515	0.573	0.473	0.566	1.02	1.8	3.5	4.7	5.7
CAF133	02/03/2012	0.282	0.511	0.574	0.472	0.565	1.1	1.8	3.5	4.7	5.66
CAF133	02/04/2012	0.257	0.51	0.576	0.471	0.564	1.1	1.9	3.5	4.7	5.6
CAF133	02/05/2012	0.247	0.511	0.576	0.472	0.564	1.12	1.9	3.5	4.7	5.6
CAF133	02/06/2012	0.244	0.511	0.577	0.471	0.564	1.2	1.9	3.5	4.61	5.6
CAF133	02/07/2012	0.241	0.512	0.577	0.471	0.564	1.21	1.9	3.5	4.6	5.53
CAF133	02/08/2012	0.24	0.511	0.579	0.47	0.564	1.23	1.9	3.5	4.6	5.5
CAF133	02/09/2012	0.243	0.511	0.58	0.469	0.564	1.27	1.91	3.5	4.6	5.5
CAF133	02/10/2012	0.301	0.521	0.578	0.472	0.565	1.52	1.9	3.5	4.6	5.5
CAF133	02/11/2012	0.451	0.53	0.585	0.475	0.561	1.69	1.94	3.5	4.6	5.43
CAF133	02/12/2012	0.453	0.532	0.585	0.475	0.561	1.81	2.03	3.5	4.55	5.4
CAF133	02/13/2012	0.452	0.527	0.582	0.473	0.565	2.11	2.35	3.5	4.5	5.4
CAF133	02/14/2012	0.452	0.526	0.579	0.473	0.566	2.12	2.48	3.57	4.53	5.4
CAF133	02/15/2012	0.409	0.524	0.578	0.473	0.566	2.06	2.5	3.6	4.6	5.4
CAF133	02/16/2012	0.253	0.52	0.577	0.474	0.566	1.96	2.5	3.7	4.6	5.4
CAF133	02/17/2012	0.251	0.52	0.576	0.474	0.566	1.82	2.42	3.7	4.6	5.4
CAF133	02/18/2012	0.258	0.521	0.576	0.474	0.566	2.4	2.54	3.7	4.6	5.4
CAF133	02/19/2012	0.249	0.521	0.575	0.474	0.566	2.25	2.65	3.7	4.6	5.39
CAF133	02/20/2012	0.248	0.52	0.576	0.474	0.565	2.02	2.6	3.75	4.6	5.31
CAF133	02/21/2012	0.406	0.529	0.58	0.476	0.561	1.92	2.53	3.77	4.6	5.3
CAF133	02/22/2012	0.452	0.531	0.579	0.476	0.563	3.48	2.95	3.77	4.6	5.3
CAF133	02/23/2012	0.455	0.532	0.579	0.477	0.565	3.12	3.3	3.87	4.6	5.3
CAF133	02/24/2012	0.455	0.531	0.577	0.477	0.565	2.55	3.06	3.98	4.65	5.3
CAF133	02/25/2012	0.449	0.53	0.576	0.477	0.564	2.58	3	4	4.7	5.36
CAF133	02/26/2012	0.284	0.529	0.576	0.477	0.565	2.11	2.88	4	4.7	5.4
CAF133	02/27/2012	0.27	0.53	0.575	0.478	0.564	1.84	2.68	3.94	4.7	5.4
CAF133	02/28/2012	0.252	0.529	0.576	0.477	0.564	1.66	2.56	3.9	4.7	5.4
CAF133	02/29/2012	0.249	0.529	0.575	0.477	0.563	1.55	2.45	3.84	4.7	5.4
CAF133	03/01/2012	0.247	0.529	0.575	0.477	0.563	1.5	2.4	3.8	4.7	5.4
CAF133	03/02/2012	0.246	0.53	0.576	0.476	0.563	1.45	2.3	3.72	4.64	5.35
CAF133	03/03/2012	0.297	0.532	0.576	0.477	0.563	1.45	2.2	3.7	4.6	5.3
CAF133	03/04/2012	0.453	0.535	0.574	0.478	0.564	2.02	2.22	3.62	4.6	5.3
CAF133	03/05/2012	0.452	0.533	0.572	0.479	0.564	3.35	2.78	3.63	4.6	5.3
CAF133	03/06/2012	0.454	0.533	0.573	0.478	0.564	3	3.06	3.76	4.6	5.3
CAF133	03/07/2012	0.455	0.533	0.575	0.479	0.565	2.34	2.91	3.87	4.6	5.3
CAF133	03/08/2012	0.426	0.533	0.574	0.479	0.565	2.33	2.76	3.9	4.6	5.3
CAF133	03/09/2012	0.323	0.531	0.573	0.479	0.565	3.21	2.89	3.89	4.6	5.3
CAF133	03/10/2012	0.262	0.529	0.572	0.478	0.564	4.11	3.42	3.9	4.6	5.3
CAF133	03/11/2012	0.342	0.53	0.571	0.479	0.564	4.39	3.81	4.03	4.6	5.3
CAF133	03/12/2012	0.326	0.53	0.569	0.479	0.564	3.49	3.79	4.17	4.67	5.3
CAF133	03/13/2012	0.454	0.532	0.569	0.48	0.564	3.28	3.52	4.2	4.7	5.3
CAF133	03/14/2012	0.456	0.533	0.57	0.48	0.564	3	3.45	4.2	4.74	5.3
CAF133	03/15/2012	0.452	0.532	0.567	0.48	0.564	3.55	3.55	4.2	4.8	5.3
CAF133	03/16/2012	0.45	0.531	0.566	0.48	0.564	4.22	3.94	4.3	4.8	5.3
CAF133	03/17/2012	0.452	0.532	0.566	0.479	0.564	4.56	4.2	4.44	4.8	5.3
CAF133	03/18/2012	0.457	0.532	0.568	0.48	0.564	3.96	4.19	4.56	4.9	5.39
CAF133	03/19/2012	0.457	0.531	0.569	0.48	0.565	3.37	3.92	4.6	4.9	5.4
CAF133	03/20/2012	0.455	0.531	0.569	0.479	0.564	3.03	3.72	4.6	5	5.4
CAF133	03/21/2012	0.446	0.531	0.564	0.48	0.563	2.88	3.46	4.53	5	5.45
CAF133	03/22/2012	0.44	0.531	0.567	0.481	0.564	2.73	3.25	4.5	5	5.5
CAF133	03/23/2012	0.442	0.53	0.566	0.48	0.564	2.94	3.22	4.4	5	5.5
CAF133	03/24/2012	0.451	0.53	0.566	0.479	0.564	3.29	3.44	4.4	4.96	5.5
CAF133	03/25/2012	0.451	0.529	0.565	0.479	0.564	4.22	3.88	4.4	4.9	5.5
CAF133	03/26/2012	0.444	0.529	0.564	0.48	0.564	5.03	4.45	4.48	4.9	5.45
CAF133	03/27/2012	0.45	0.529	0.564	0.48	0.565	4.84	4.62	4.65	4.96	5.42
CAF133	03/28/2012	0.446	0.528	0.563	0.48	0.565	5.25	4.84	4.78	5	5.5
CAF133	03/29/2012	0.446	0.528	0.563	0.48	0.565	5.51	5.11	4.93	5.1	5.5
CAF133	03/30/2012	0.442	0.527	0.561	0.48	0.565	5.69	5.27	5.07	5.17	5.51
CAF133	03/31/2012	0.443	0.526	0.561	0.48	0.564	5.8	5.42	5.22	5.26	5.6
CAF133	04/01/2012	0.443	0.526	0.562	0.48	0.564	5.74	5.5	5.34	5.34	5.62
CAF133	04/02/2012	0.445	0.527	0.562	0.48	0.565	5.31	5.32	5.42	5.42	5.7
CAF133	04/03/2012	0.446	0.527	0.561	0.48	0.565	5.42	5.32	5.5	5.5	5.76
CAF133	04/04/2012	0.442	0.527	0.56	0.48	0.565	5.5	5.37	5.5	5.54	5.8
CAF133	04/05/2012	0.443	0.527	0.56	0.48	0.565	4.95	5.15	5.5	5.6	5.86
CAF133	04/06/2012	0.442	0.527	0.56	0.48	0.564	4.88	5.02	5.49	5.6	5.9
CAF133	04/07/2012	0.443	0.528	0.56	0.48	0.565	4.66	4.84	5.4	5.6	5.9
CAF133	04/08/2012	0.443	0.528	0.56	0.48	0.565	5.07	4.92	5.33	5.6	5.9
CAF133	04/09/2012	0.443	0.528	0.559	0.48	0.564	5.64	5.2	5.33	5.6	5.9
CAF133	04/10/2012	0.442	0.527	0.558	0.479	0.564	6.28	5.51	5.4	5.6	5.9
CAF133	04/11/2012	NA	NA	NA	NA	NA	NA	NA	NA	NA	NA
CAF133	06/17/2014	0.593	0.154	0.315	0.363	0.535	NA	13.09	12.2	11.8	11.3
CAF133	06/18/2014	0.566	0.153	0.314	0.362	0.534	NA	12.64	12.12	11.8	11.3
CAF133	06/19/2014	0.568	0.153	0.308	0.361	0.534	NA	12.42	11.97	11.76	11.3
CAF133	06/20/2014	0.557	0.153	0.299	0.359	0.532	NA	12.7	11.9	11.7	11.3
CAF133	06/21/2014	0.511	0.153	0.292	0.357	0.529	NA	12.88	11.9	11.7	11.3
CAF133	06/22/2014	0.435	0.152	0.284	0.356	0.523	NA	12.86	11.9	11.7	11.3
CAF133	06/23/2014	0.25	0.152	0.273	0.354	0.495	NA	12.97	11.9	11.69	11.3
CAF133	06/24/2014	0.305	0.152	0.266	0.352	0.425	NA	13.3	11.9	11.7	11.3
CAF133	06/25/2014	0.214	0.151	0.261	0.35	0.353	NA	13.54	11.97	11.7	11.36
CAF133	06/26/2014	0.224	0.151	0.257	0.349	0.3	NA	13.67	12.1	11.7	11.4
CAF133	06/27/2014	0.195	0.151	0.257	0.348	0.277	NA	13.89	12.16	11.75	11.4
CAF133	06/28/2014	0.217	0.151	0.253	0.346	0.257	NA	13.84	12.2	11.8	11.4
CAF133	06/29/2014	0.235	0.15	0.247	0.343	0.243	NA	13.82	12.3	11.8	11.44
CAF133	06/30/2014	0.232	0.15	0.241	0.339	0.234	NA	13.79	12.3	11.88	11.5
CAF133	07/01/2014	0.222	0.148	0.234	0.334	0.228	NA	13.74	12.3	11.9	11.5
CAF133	07/02/2014	0.223	0.147	0.227	0.327	0.223	NA	14.01	12.3	11.9	11.5
CAF133	07/03/2014	0.225	0.146	0.223	0.319	0.218	NA	14.44	12.42	11.9	11.5
CAF133	07/04/2014	0.226	0.145	0.221	0.311	0.214	NA	14.86	12.55	11.97	11.59
CAF133	07/05/2014	0.228	0.144	0.219	0.303	0.21	NA	14.93	12.7	12.05	11.6
CAF133	07/06/2014	0.218	0.142	0.215	0.29	0.205	NA	15.07	12.81	12.14	11.62
CAF133	07/07/2014	0.212	0.141	0.213	0.277	0.2	NA	15.36	12.93	12.2	11.7
CAF133	07/08/2014	0.201	0.139	0.21	0.266	0.195	NA	15.65	13.07	12.28	11.72
CAF133	07/09/2014	0.186	0.138	0.208	0.256	0.189	NA	15.95	13.22	12.35	11.8
CAF133	07/10/2014	0.176	0.137	0.206	0.248	0.184	NA	16.23	13.4	12.44	11.83
CAF133	07/11/2014	0.168	0.135	0.205	0.241	0.179	NA	16.37	13.54	12.55	11.9
CAF133	07/12/2014	0.165	0.134	0.203	0.236	0.174	NA	16.53	13.69	12.65	11.98
CAF133	07/13/2014	0.161	0.133	0.202	0.232	0.171	NA	16.76	13.86	12.75	12.03
CAF133	07/14/2014	0.16	0.133	0.201	0.229	0.168	NA	17.05	14	12.83	12.1
CAF133	07/15/2014	0.16	0.132	0.2	0.226	0.166	NA	17.41	14.17	12.95	12.2
CAF133	07/16/2014	0.155	0.132	0.2	0.224	0.165	NA	17.7	14.35	13.05	12.27
CAF133	07/17/2014	0.145	0.131	0.199	0.222	0.163	NA	18	14.54	13.17	12.34
CAF133	07/18/2014	0.138	0.131	0.199	0.221	0.162	NA	18.16	14.73	13.29	12.43
CAF133	07/19/2014	0.133	0.131	0.198	0.22	0.161	NA	18.04	14.87	13.43	12.53
CAF133	07/20/2014	0.136	0.13	0.198	0.219	0.16	NA	18.14	14.97	13.53	12.63
CAF133	07/21/2014	0.143	0.13	0.198	0.219	0.16	NA	18.1	15.05	13.62	12.72
CAF133	07/22/2014	0.146	0.129	0.198	0.219	0.16	NA	17.95	15.1	13.7	12.8
CAF133	07/23/2014	0.148	0.129	0.198	0.219	0.16	NA	17.87	15.13	13.8	12.89
CAF133	07/24/2014	0.15	0.13	0.198	0.219	0.161	NA	17.7	15.2	13.83	12.96
CAF133	07/25/2014	0.147	0.129	0.198	0.219	0.161	NA	17.2	15.15	13.9	13.01
CAF133	07/26/2014	0.142	0.129	0.198	0.218	0.161	NA	16.81	15.03	13.9	13.1
CAF133	07/27/2014	0.135	0.129	0.198	0.218	0.161	NA	16.74	14.93	13.9	13.1
CAF133	07/28/2014	0.157	0.129	0.198	0.218	0.161	NA	16.93	14.9	13.9	13.13
CAF133	07/29/2014	0.18	0.129	0.198	0.218	0.161	NA	17.4	14.93	13.9	13.2
CAF133	07/30/2014	0.164	0.13	0.198	0.219	0.161	NA	17.89	15.05	13.9	13.2
CAF133	07/31/2014	0.152	0.13	0.198	0.219	0.162	NA	18.21	15.23	14	13.2
CAF133	08/01/2014	0.145	0.13	0.199	0.22	0.162	NA	18.53	15.4	14.05	13.27
CAF133	08/02/2014	0.138	0.131	0.199	0.221	0.162	NA	18.93	15.58	14.15	13.32
CAF133	08/03/2014	0.14	0.131	0.199	0.222	0.163	NA	19.32	15.78	14.25	13.4
CAF133	08/04/2014	0.135	0.131	0.2	0.222	0.164	NA	19.33	15.97	14.37	13.47
CAF133	08/05/2014	0.138	0.131	0.2	0.223	0.164	NA	19.29	16.1	14.48	13.55
CAF133	08/06/2014	0.143	0.131	0.2	0.224	0.165	NA	19.23	16.2	14.6	13.63
CAF133	08/07/2014	0.139	0.131	0.2	0.225	0.166	NA	19.14	16.23	14.67	13.7
CAF133	08/08/2014	0.134	0.131	0.2	0.225	0.167	NA	19.01	16.3	14.72	13.8
CAF133	08/09/2014	0.131	0.131	0.2	0.226	0.168	NA	18.71	16.3	14.8	13.87
CAF133	08/10/2014	0.124	0.131	0.2	0.227	0.169	NA	18.54	16.21	14.8	13.9
CAF133	08/11/2014	0.122	0.131	0.2	0.227	0.169	NA	18.62	16.2	14.82	13.97
CAF133	08/12/2014	0.129	0.131	0.201	0.228	0.17	NA	18.93	16.2	14.9	14
CAF133	08/13/2014	0.12	0.131	0.201	0.228	0.17	NA	19.24	16.26	14.9	14
CAF133	08/14/2014	0.123	0.131	0.201	0.228	0.171	NA	18.97	16.38	14.96	14.1
CAF133	08/15/2014	0.117	0.13	0.201	0.229	0.172	NA	18.63	16.37	15	14.1
CAF133	08/16/2014	0.127	0.13	0.201	0.229	0.172	NA	18.4	16.3	15	14.19
CAF133	08/17/2014	0.128	0.13	0.201	0.23	0.172	NA	18.22	16.2	15	14.2
CAF133	08/18/2014	0.127	0.13	0.201	0.23	0.173	NA	18.15	16.15	15	14.2
CAF133	08/19/2014	0.123	0.13	0.201	0.23	0.173	NA	18.16	16.1	15	14.26
CAF133	08/20/2014	0.123	0.13	0.201	0.23	0.173	NA	18.13	16.1	15	14.3
CAF133	08/21/2014	0.121	0.13	0.201	0.23	0.174	NA	17.93	16.1	15.05	14.3
CAF133	08/22/2014	0.121	0.13	0.201	0.23	0.174	NA	17.74	16.02	15.1	14.3
CAF133	08/23/2014	0.118	0.13	0.201	0.231	0.174	NA	17.53	16	15	14.3
CAF133	08/24/2014	0.117	0.13	0.201	0.231	0.174	NA	17.33	15.91	15	14.3
CAF133	08/25/2014	0.112	0.129	0.201	0.231	0.174	NA	17.21	15.82	15	14.3
CAF133	08/26/2014	0.109	0.129	0.201	0.231	0.174	NA	17.08	15.78	15	14.3
CAF133	08/27/2014	0.105	0.129	0.201	0.231	0.175	NA	17.09	15.7	14.97	14.3
CAF133	08/28/2014	0.107	0.13	0.201	0.231	0.175	NA	17.26	15.7	14.9	14.3
CAF133	08/29/2014	0.105	0.13	0.201	0.231	0.175	NA	17.37	15.7	14.9	14.3
CAF133	08/30/2014	0.104	0.13	0.201	0.231	0.175	NA	17.39	15.7	14.9	14.3
CAF133	08/31/2014	0.098	0.13	0.201	0.231	0.175	NA	17.43	15.74	14.9	14.3
CAF133	09/01/2014	0.107	0.13	0.201	0.232	0.175	NA	17.28	15.8	14.9	14.3
CAF133	09/02/2014	0.112	0.129	0.201	0.232	0.175	NA	17.04	15.71	14.97	14.32
CAF133	09/03/2014	0.112	0.129	0.201	0.232	0.175	NA	16.95	15.66	14.9	14.4
CAF133	09/04/2014	0.121	0.129	0.201	0.232	0.175	NA	16.59	15.6	14.9	14.4
CAF133	09/05/2014	0.123	0.129	0.201	0.232	0.175	NA	16.29	15.51	14.9	14.4
CAF133	09/06/2014	0.125	0.129	0.201	0.232	0.175	NA	16.18	15.39	14.86	14.31
CAF133	09/07/2014	0.126	0.129	0.2	0.232	0.176	NA	16.19	15.3	14.8	14.3
CAF133	09/08/2014	0.138	0.129	0.2	0.232	0.176	NA	16.25	15.24	14.8	14.3
CAF133	09/09/2014	0.127	0.129	0.2	0.232	0.176	NA	16.23	15.2	14.72	14.3
CAF133	09/10/2014	0.131	0.129	0.2	0.233	0.176	NA	16.18	15.2	14.7	14.29
CAF133	09/11/2014	0.135	0.129	0.2	0.233	0.176	NA	15.95	15.2	14.7	14.2
CAF133	09/12/2014	0.14	0.129	0.2	0.233	0.176	NA	15.58	15.11	14.7	14.2
CAF133	09/13/2014	0.145	0.129	0.2	0.233	0.176	NA	15.33	14.98	14.62	14.2
CAF133	09/14/2014	0.16	0.129	0.2	0.233	0.176	NA	15.17	14.85	14.6	14.2
CAF133	09/15/2014	0.151	0.129	0.2	0.233	0.176	NA	15.12	14.77	14.52	14.16
CAF133	09/16/2014	0.149	0.129	0.2	0.233	0.176	NA	15.17	14.7	14.47	14.1
CAF133	09/17/2014	0.153	0.129	0.2	0.233	0.175	NA	15.37	14.61	14.4	14.1
CAF133	09/18/2014	0.171	0.129	0.2	0.233	0.175	NA	15.48	14.7	14.4	14.04
CAF133	09/19/2014	0.162	0.129	0.203	0.237	0.176	NA	15.65	14.74	14.4	14.05
CAF133	09/20/2014	0.143	0.13	0.212	0.25	0.176	NA	15.75	14.8	14.4	14.1
CAF133	09/21/2014	0.147	0.13	0.212	0.25	0.176	NA	15.84	14.8	14.4	14.1
CAF133	09/22/2014	0.15	0.13	0.212	0.25	0.176	NA	15.98	14.87	14.4	14.1
CAF133	09/23/2014	0.158	0.13	0.212	0.25	0.176	NA	16.14	14.9	14.45	14.1
CAF133	09/24/2014	0.155	0.13	0.212	0.25	0.176	NA	16.2	14.95	14.5	14.1
CAF133	09/25/2014	0.156	0.13	0.212	0.25	0.176	16.61	16.16	15	14.5	14.1
CAF133	09/26/2014	0.165	0.13	0.212	0.251	0.176	16.16	15.97	15	14.5	14.1
CAF133	09/27/2014	0.165	0.13	0.212	0.251	0.176	15.9	15.84	15	14.5	14.1
CAF133	09/28/2014	0.165	0.13	0.212	0.251	0.176	15.79	15.67	14.93	14.5	14.1
CAF133	09/29/2014	0.165	0.13	0.212	0.251	0.176	16	15.68	14.9	14.5	14.1
CAF133	09/30/2014	0.165	0.13	0.212	0.251	0.176	15.51	15.58	14.89	14.5	14.1
CAF133	10/01/2014	0.164	0.13	0.212	0.252	0.176	14.38	15.14	14.8	14.5	14.1
CAF133	10/02/2014	0.162	0.129	0.212	0.252	0.176	13.35	14.45	14.66	14.43	14.1
CAF133	10/03/2014	0.162	0.129	0.212	0.252	0.176	12.71	13.81	14.47	14.39	14.1
CAF133	10/04/2014	0.162	0.129	0.211	0.251	0.176	12.64	13.32	14.21	14.26	14.06
CAF133	10/05/2014	0.162	0.129	0.211	0.251	0.176	12.95	13.21	14	14.17	14
CAF133	10/06/2014	0.163	0.129	0.211	0.251	0.176	13.31	13.28	13.85	14.05	13.93
CAF133	10/07/2014	0.163	0.129	0.211	0.251	0.176	13.77	13.45	13.71	13.97	13.87
CAF133	10/08/2014	0.164	0.129	0.211	0.251	0.176	13.96	13.64	13.7	13.9	13.8
CAF133	10/09/2014	0.163	0.129	0.211	0.251	0.176	13.51	13.58	13.7	13.8	13.72
CAF133	10/10/2014	0.163	0.129	0.211	0.251	0.176	13.14	13.35	13.7	13.8	13.7
CAF133	10/11/2014	0.163	0.129	0.21	0.251	0.176	13.24	13.2	13.61	13.75	13.64
CAF133	10/12/2014	0.162	0.129	0.21	0.251	0.176	12.85	13.14	13.53	13.7	13.6
CAF133	10/13/2014	0.162	0.129	0.21	0.251	0.176	12.55	12.91	13.47	13.63	13.59
CAF133	10/14/2014	0.162	0.129	0.21	0.251	0.176	12.61	12.8	13.35	13.6	13.5
CAF133	10/15/2014	0.162	0.128	0.21	0.25	0.176	12.41	12.74	13.25	13.52	13.5
CAF133	10/16/2014	0.161	0.128	0.21	0.25	0.176	11.57	12.43	13.17	13.46	13.4
CAF133	10/17/2014	0.16	0.128	0.21	0.25	0.176	11.05	11.97	13.04	13.4	13.4
CAF133	10/18/2014	0.16	0.128	0.209	0.25	0.176	11.12	11.72	12.85	13.32	13.32
CAF133	10/19/2014	0.161	0.128	0.209	0.25	0.175	11.54	11.78	12.7	13.22	13.28
CAF133	10/20/2014	0.161	0.128	0.209	0.25	0.175	11.76	11.87	12.6	13.15	13.2
CAF133	10/21/2014	0.162	0.128	0.209	0.25	0.175	11.98	11.97	12.58	13.08	13.14
CAF133	10/22/2014	0.161	0.128	0.209	0.25	0.175	11.46	11.92	12.5	13	13.1
CAF133	10/23/2014	0.161	0.128	0.209	0.25	0.175	11.34	11.7	12.5	13	13.02
CAF133	10/24/2014	0.16	0.128	0.209	0.25	0.175	11.01	11.6	12.42	12.9	13
CAF133	10/25/2014	0.16	0.128	0.209	0.25	0.175	10.75	11.36	12.35	12.86	12.94
CAF133	10/26/2014	0.16	0.128	0.208	0.25	0.175	10.75	11.28	12.24	12.8	12.9
CAF133	10/27/2014	0.159	0.128	0.208	0.25	0.175	10.01	11.02	12.14	12.73	12.85
CAF133	10/28/2014	0.159	0.128	0.208	0.249	0.175	9.479	10.63	12.02	12.67	12.8
CAF133	10/29/2014	0.159	0.127	0.208	0.249	0.175	9.258	10.28	11.86	12.6	12.73
CAF133	10/30/2014	0.159	0.127	0.208	0.249	0.175	9.592	10.2	11.7	12.49	12.69
CAF133	10/31/2014	0.16	0.127	0.208	0.249	0.175	10.02	10.35	11.6	12.4	12.6
CAF133	11/01/2014	0.16	0.127	0.208	0.249	0.174	10.31	10.58	11.51	12.31	12.54
CAF133	11/02/2014	0.159	0.127	0.208	0.249	0.174	9.508	10.44	11.5	12.25	12.47
CAF133	11/03/2014	0.159	0.127	0.207	0.249	0.174	8.854	9.971	11.47	12.2	12.4
CAF133	11/04/2014	0.159	0.127	0.207	0.248	0.174	8.817	9.658	11.34	12.15	12.36
CAF133	11/05/2014	0.159	0.127	0.207	0.248	0.174	9.062	9.613	11.22	12.04	12.3
CAF133	11/06/2014	0.16	0.127	0.207	0.248	0.174	9.542	9.8	11.12	11.95	12.22
CAF133	11/07/2014	0.16	0.127	0.207	0.248	0.174	9.579	9.971	11.1	11.9	12.19
CAF133	11/08/2014	0.159	0.127	0.207	0.248	0.174	8.804	9.762	11.1	11.85	12.1
CAF133	11/09/2014	0.159	0.127	0.207	0.248	0.174	8.45	9.392	11.01	11.8	12.08
CAF133	11/10/2014	0.159	0.126	0.207	0.248	0.174	8.075	9.167	10.89	11.75	12
CAF133	11/11/2014	0.158	0.126	0.207	0.248	0.174	7.008	8.679	10.77	11.67	11.98
CAF133	11/12/2014	0.156	0.126	0.206	0.248	0.174	5.629	7.838	10.58	11.58	11.9
CAF133	11/13/2014	0.155	0.125	0.206	0.247	0.174	4.525	6.95	10.3	11.47	11.83
CAF133	11/14/2014	0.154	0.125	0.205	0.247	0.174	3.817	6.242	9.913	11.31	11.75
CAF133	11/15/2014	0.154	0.124	0.205	0.247	0.174	3.3	5.663	9.546	11.13	11.63
CAF133	11/16/2014	0.153	0.124	0.204	0.246	0.173	2.708	5.192	9.2	10.92	11.51
CAF133	11/17/2014	0.153	0.124	0.203	0.246	0.173	2.179	4.725	8.875	10.72	11.36
CAF133	11/18/2014	0.152	0.124	0.203	0.246	0.173	1.875	4.275	8.558	10.51	11.21
CAF133	11/19/2014	0.153	0.123	0.203	0.245	0.173	1.8	3.996	8.287	10.3	11.06
CAF133	11/20/2014	0.153	0.123	0.202	0.245	0.173	1.842	3.858	8.038	10.1	10.9
CAF133	11/21/2014	0.153	0.123	0.202	0.245	0.173	1.9	3.787	7.85	9.921	10.75
CAF133	11/22/2014	0.153	0.123	0.202	0.245	0.173	1.9	3.7	7.662	9.746	10.61
CAF133	11/23/2014	0.154	0.123	0.202	0.245	0.172	2.004	3.7	7.496	9.583	10.46
CAF133	11/24/2014	0.154	0.123	0.202	0.245	0.172	2.1	3.7	7.383	9.45	10.33
CAF133	11/25/2014	0.199	0.123	0.202	0.245	0.172	2.433	3.733	7.3	9.329	10.21
CAF133	11/26/2014	0.329	0.124	0.202	0.245	0.171	3.529	4.125	7.2	9.212	10.08
CAF133	11/27/2014	0.317	0.125	0.202	0.245	0.171	4.442	4.733	7.242	9.108	9.975
CAF133	11/28/2014	0.309	0.125	0.202	0.245	0.171	5.308	5.329	7.342	9.063	9.9
CAF133	11/29/2014	0.337	0.125	0.203	0.245	0.171	5.654	5.858	7.492	9	9.8
CAF133	11/30/2014	0.333	0.126	0.203	0.245	0.17	4.867	5.833	7.667	9.033	9.767
CAF133	12/01/2014	0.321	0.125	0.203	0.245	0.17	4.063	5.392	7.758	9.1	9.7
CAF133	12/02/2014	0.314	0.125	0.203	0.245	0.17	3.571	4.958	7.658	9.075	9.7
CAF133	12/03/2014	0.309	0.125	0.203	0.245	0.17	3.208	4.629	7.517	9	9.683
CAF133	12/04/2014	0.304	0.125	0.202	0.245	0.17	2.954	4.313	7.358	8.95	9.6
CAF133	12/05/2014	0.32	0.125	0.202	0.244	0.17	2.763	4.1	7.208	8.879	9.55
CAF133	12/06/2014	0.351	0.126	0.202	0.244	0.17	2.813	4	7.062	8.783	9.5
CAF133	12/07/2014	0.348	0.126	0.201	0.244	0.17	3.171	4.087	6.954	8.679	9.4
CAF133	12/08/2014	0.343	0.128	0.201	0.243	0.17	3.438	4.196	6.9	8.6	9.333
CAF133	12/09/2014	0.339	0.13	0.201	0.243	0.17	3.925	4.425	6.813	8.504	9.242
CAF133	12/10/2014	0.337	0.133	0.201	0.243	0.17	4.575	4.808	6.867	8.5	9.2
CAF133	12/11/2014	0.336	0.136	0.201	0.243	0.17	5.121	5.208	6.929	8.4	9.117
CAF133	12/12/2014	0.348	0.14	0.201	0.243	0.17	5.579	5.596	7.033	8.4	9.1
CAF133	12/13/2014	0.358	0.188	0.201	0.243	0.17	5.546	5.871	7.15	8.421	9.092
CAF133	12/14/2014	0.348	0.208	0.201	0.243	0.17	5.013	5.813	7.275	8.5	9
CAF133	12/15/2014	0.343	0.21	0.201	0.243	0.17	4.246	5.454	7.3	8.5	9
CAF133	12/16/2014	0.339	0.21	0.201	0.243	0.17	3.758	5.058	7.242	8.5	9
CAF133	12/17/2014	0.339	0.21	0.201	0.243	0.17	3.575	4.792	7.125	8.487	9
CAF133	12/18/2014	0.338	0.21	0.201	0.243	0.17	3.738	4.7	7.017	8.4	9
CAF133	12/19/2014	0.352	0.216	0.201	0.242	0.169	4.079	4.763	6.925	8.35	8.933
CAF133	12/20/2014	0.36	0.224	0.201	0.242	0.169	4.079	4.8	6.9	8.3	8.9
CAF133	12/21/2014	0.373	0.234	0.2	0.241	0.169	4.279	4.796	6.833	8.254	8.875
CAF133	12/22/2014	0.36	0.227	0.201	0.24	0.169	4.667	5.05	6.733	8.2	8.8
CAF133	12/23/2014	0.353	0.224	0.201	0.24	0.169	4.254	5.079	6.792	8.146	8.792
CAF133	12/24/2014	0.366	0.23	0.201	0.24	0.169	4	4.933	6.788	8.1	8.7
CAF133	12/25/2014	0.366	0.231	0.201	0.24	0.169	3.804	4.792	6.7	8.1	8.7
CAF133	12/26/2014	0.359	0.227	0.201	0.24	0.169	3.392	4.608	6.637	8.008	8.679
CAF133	12/27/2014	0.353	0.225	0.202	0.24	0.169	3.096	4.321	6.55	8	8.6
CAF133	12/28/2014	0.35	0.223	0.203	0.24	0.169	2.879	4.121	6.446	7.904	8.575
CAF133	12/29/2014	0.351	0.222	0.205	0.24	0.168	2.771	3.958	6.329	7.838	8.5
CAF133	12/30/2014	0.349	0.222	0.207	0.24	0.168	2.679	3.871	6.233	7.771	8.45
CAF133	12/31/2014	0.345	0.221	0.211	0.24	0.168	2.546	3.75	6.15	7.683	8.392
CAF133	01/01/2015	0.34	0.22	0.215	0.24	0.168	2.379	3.633	6.05	7.6	8.3
CAF133	01/02/2015	0.335	0.219	0.22	0.24	0.168	2.225	3.517	5.933	7.521	8.237
CAF133	01/03/2015	0.33	0.218	0.225	0.24	0.168	2.125	3.413	5.825	7.438	8.2
CAF133	01/04/2015	0.327	0.217	0.229	0.24	0.168	2.092	3.283	5.717	7.375	8.104
CAF133	01/05/2015	0.346	0.227	0.233	0.239	0.168	1.942	3.121	5.637	7.288	8.038
CAF133	01/06/2015	0.368	0.235	0.238	0.239	0.168	1.8	2.946	5.529	7.187	7.992
CAF133	01/07/2015	0.364	0.232	0.252	0.239	0.168	1.917	2.904	5.396	7.079	7.9
CAF133	01/08/2015	0.358	0.229	0.282	0.239	0.167	2.279	3.05	5.3	6.971	7.817
CAF133	01/09/2015	0.356	0.227	0.29	0.24	0.167	2.2	3.1	5.3	6.9	7.75
CAF133	01/10/2015	0.353	0.225	0.292	0.24	0.167	2.221	3.183	5.3	6.825	7.687
CAF133	01/11/2015	0.352	0.225	0.292	0.241	0.167	2.413	3.2	5.3	6.783	7.6
CAF133	01/12/2015	0.351	0.224	0.292	0.241	0.167	2.592	3.338	5.3	6.7	7.567
CAF133	01/13/2015	0.35	0.223	0.292	0.242	0.167	2.608	3.4	5.3	6.7	7.5
CAF133	01/14/2015	0.348	0.223	0.292	0.243	0.167	2.617	3.475	5.3	6.7	7.467
CAF133	01/15/2015	0.346	0.222	0.291	0.244	0.167	2.388	3.379	5.3	6.65	7.4
CAF133	01/16/2015	0.347	0.222	0.291	0.245	0.167	2.221	3.229	5.3	6.6	7.4
CAF133	01/17/2015	0.358	0.225	0.291	0.247	0.167	2.271	3.196	5.275	6.6	7.354
CAF133	01/18/2015	0.378	0.243	0.337	0.271	0.232	2.258	3.025	5.146	6.521	7.3
CAF133	01/19/2015	0.365	0.239	0.426	0.373	0.494	2.738	3.217	4.958	6.383	7.225
CAF133	01/20/2015	0.36	0.239	0.425	0.378	0.494	2.821	3.413	5	6.3	7.108
CAF133	01/21/2015	0.356	0.237	0.423	0.379	0.494	2.508	3.379	5	6.3	7.021
CAF133	01/22/2015	0.353	0.235	0.421	0.38	0.494	2.254	3.221	5	6.3	6.95
CAF133	01/23/2015	0.35	0.233	0.423	0.381	0.495	2.142	3.104	5	6.254	6.9
CAF133	01/24/2015	0.351	0.233	0.423	0.382	0.494	2.671	3.158	5	6.2	6.9
CAF133	01/25/2015	0.351	0.233	0.423	0.383	0.494	3.508	3.546	5	6.2	6.85
CAF133	01/26/2015	0.351	0.233	0.424	0.383	0.494	4.025	3.929	5.058	6.2	6.8
CAF133	01/27/2015	0.349	0.233	0.425	0.384	0.494	4.346	4.25	5.162	6.2	6.8
CAF133	01/28/2015	0.348	0.232	0.425	0.385	0.494	4.488	4.512	5.271	6.217	6.8
CAF133	01/29/2015	0.347	0.232	0.425	0.385	0.494	4.375	4.658	5.383	6.3	6.8
CAF133	01/30/2015	0.346	0.231	0.425	0.386	0.494	4.096	4.6	5.475	6.313	6.8
CAF133	01/31/2015	0.345	0.231	0.425	0.386	0.493	3.879	4.504	5.5	6.4	6.8
CAF133	02/01/2015	0.344	0.23	0.425	0.387	0.493	3.646	4.363	5.592	6.4	6.8
CAF133	02/02/2015	0.345	0.23	0.425	0.387	0.492	3.379	4.208	5.592	6.4	6.888
CAF133	02/03/2015	0.357	0.232	0.425	0.388	0.492	3.492	4.1	5.5	6.4	6.9
CAF133	02/04/2015	0.357	0.232	0.427	0.388	0.494	3.733	4.171	5.5	6.4	6.9
CAF133	02/05/2015	0.356	0.233	0.428	0.388	0.494	3.975	4.288	5.5	6.4	6.9
CAF133	02/06/2015	0.356	0.233	0.428	0.388	0.494	4.625	4.562	5.5	6.4	6.9
CAF133	02/07/2015	0.366	0.236	0.429	0.389	0.495	5.104	4.917	5.583	6.408	6.9
CAF133	02/08/2015	0.366	0.239	0.431	0.391	0.497	5.454	5.225	5.658	6.5	6.9
CAF133	02/09/2015	0.404	0.438	0.432	0.392	0.496	5.608	5.421	5.767	6.5	6.9
CAF133	02/10/2015	0.42	0.51	0.433	0.393	0.497	5.708	5.829	5.95	6.583	6.9
CAF133	02/11/2015	0.422	0.512	0.434	0.393	0.497	5.867	6.062	6.133	6.662	6.9
CAF133	02/12/2015	0.401	0.513	0.433	0.393	0.496	6.108	6.104	6.229	6.729	6.917
CAF133	02/13/2015	0.385	0.511	0.431	0.395	0.495	6.196	6.2	6.304	6.829	7
CAF133	02/14/2015	0.376	0.476	0.43	0.395	0.496	6.033	6.2	6.4	6.9	7.033
CAF133	02/15/2015	0.37	0.347	0.432	0.395	0.497	6.025	6.2	6.475	6.954	7.1
CAF133	02/16/2015	0.365	0.283	0.435	0.395	0.498	5.629	6.125	6.5	7	7.1
CAF133	02/17/2015	0.362	0.265	0.435	0.394	0.498	5.025	5.779	6.5	7.075	7.192
CAF133	02/18/2015	0.358	0.258	0.435	0.394	0.498	4.671	5.496	6.5	7.1	7.2
CAF133	02/19/2015	0.356	0.253	0.435	0.393	0.498	4.533	5.271	6.467	7.1	7.225
CAF133	02/20/2015	0.356	0.252	0.435	0.393	0.498	4.737	5.2	6.4	7.1	7.3
CAF133	02/21/2015	0.357	0.251	0.436	0.393	0.498	4.875	5.296	6.325	7.067	7.3
CAF133	02/22/2015	0.356	0.249	0.436	0.393	0.499	4.362	5.212	6.3	7	7.3
CAF133	02/23/2015	0.353	0.247	0.436	0.393	0.499	3.633	4.867	6.3	7	7.233
CAF133	02/24/2015	0.351	0.245	0.436	0.393	0.499	3.2	4.496	6.212	7	7.2
CAF133	02/25/2015	0.349	0.243	0.435	0.393	0.499	3.054	4.229	6.108	6.917	7.2
CAF133	02/26/2015	0.348	0.242	0.435	0.392	0.499	3.171	4.1	5.958	6.9	7.2
CAF133	02/27/2015	0.348	0.241	0.435	0.392	0.498	3.612	4.171	5.854	6.808	7.104
CAF133	02/28/2015	0.348	0.24	0.435	0.392	0.498	3.725	4.283	5.8	6.729	7.1
CAF133	03/01/2015	0.346	0.239	0.435	0.392	0.498	3.392	4.242	5.771	6.7	7.087
CAF133	03/02/2015	0.344	0.238	0.435	0.392	0.497	3.042	4.054	5.7	6.7	7
CAF133	03/03/2015	0.343	0.237	0.434	0.392	0.497	2.967	3.904	5.662	6.6	7
CAF133	03/04/2015	0.342	0.236	0.434	0.393	0.497	2.896	3.858	5.6	6.6	6.95
CAF133	03/05/2015	0.34	0.235	0.434	0.393	0.497	2.671	3.721	5.525	6.5	6.9
CAF133	03/06/2015	0.339	0.234	0.434	0.393	0.497	2.871	3.7	5.458	6.496	6.9
CAF133	03/07/2015	0.338	0.234	0.433	0.393	0.497	3.392	3.771	5.4	6.4	6.817
CAF133	03/08/2015	0.337	0.233	0.433	0.393	0.496	3.829	4.012	5.4	6.4	6.8
CAF133	03/09/2015	0.336	0.233	0.432	0.393	0.496	4.117	4.212	5.4	6.346	6.767
CAF133	03/10/2015	0.335	0.233	0.429	0.393	0.496	4.538	4.463	5.463	6.3	6.7
CAF133	03/11/2015	0.334	0.233	0.43	0.394	0.496	5.183	4.775	5.525	6.317	6.7
CAF133	03/12/2015	0.333	0.232	0.429	0.394	0.496	5.646	5.133	5.621	6.4	6.7
CAF133	03/13/2015	0.332	0.232	0.429	0.395	0.496	5.946	5.45	5.742	6.4	6.7
CAF133	03/14/2015	0.331	0.232	0.429	0.395	0.496	6.388	5.725	5.888	6.463	6.7
CAF133	03/15/2015	0.339	0.234	0.428	0.395	0.496	6.775	6.083	6.05	6.521	6.7
CAF133	03/16/2015	0.361	0.24	0.429	0.395	0.497	6.842	6.371	6.187	6.608	6.792
CAF133	03/17/2015	0.36	0.239	0.431	0.394	0.497	6.95	6.517	6.317	6.7	6.8
CAF133	03/18/2015	0.369	0.248	0.433	0.394	0.499	6.692	6.571	6.438	6.779	6.871
CAF133	03/19/2015	0.362	0.245	0.435	0.395	0.502	6.654	6.567	6.525	6.883	6.9
CAF133	03/20/2015	0.358	0.244	0.436	0.395	0.502	6.804	6.587	6.6	6.929	6.967
CAF133	03/21/2015	0.356	0.244	0.436	0.395	0.502	7.179	6.746	6.667	7	7
CAF133	03/22/2015	0.354	0.243	0.436	0.395	0.502	7.046	6.9	6.725	7.083	7.087
CAF133	03/23/2015	0.361	0.247	0.436	0.395	0.502	6.929	6.9	6.8	7.129	7.1
CAF133	03/24/2015	0.379	0.346	0.436	0.397	0.501	6.567	6.833	6.896	7.2	7.154
CAF133	03/25/2015	0.413	0.48	0.438	0.397	0.502	6.175	6.596	6.9	7.246	7.2
CAF133	03/26/2015	0.414	0.482	0.438	0.397	0.503	6.446	6.5	6.896	7.3	7.242
CAF133	03/27/2015	0.416	0.483	0.438	0.397	0.502	7.212	6.675	6.846	7.3	7.3
CAF133	03/28/2015	0.416	0.484	0.438	0.397	0.503	7.963	7.029	6.933	7.3	7.3
CAF133	03/29/2015	0.419	0.485	0.438	0.397	0.503	7.638	7.271	7.062	7.375	7.3
CAF133	03/30/2015	0.413	0.486	0.438	0.397	0.503	7.904	7.408	7.175	7.417	7.371
CAF133	03/31/2015	0.4	0.486	0.437	0.397	0.502	8.246	7.683	7.279	7.5	7.4
CAF133	04/01/2015	0.39	0.487	0.436	0.398	0.502	7.588	7.742	7.388	7.6	7.467
CAF133	04/02/2015	0.383	0.487	0.435	0.399	0.502	7.05	7.471	7.442	7.658	7.508
CAF133	04/03/2015	0.377	0.476	0.434	0.399	0.502	6.704	7.217	7.475	7.7	7.6
CAF133	04/04/2015	0.372	0.437	0.434	0.399	0.502	6.888	7.1	7.4	7.771	7.6
CAF133	04/05/2015	0.368	0.353	0.435	0.399	0.502	6.904	7.096	7.4	7.8	7.675
CAF133	04/06/2015	0.366	0.313	0.436	0.399	0.503	6.887	7.083	7.4	7.8	7.7
CAF133	04/07/2015	0.367	0.316	0.435	0.399	0.503	6.583	6.963	7.4	7.8	7.7
CAF133	04/08/2015	0.365	0.292	0.437	0.399	0.504	6.913	6.971	7.4	7.8	7.7
CAF133	04/09/2015	0.362	0.27	0.438	0.399	0.505	6.958	7.029	7.4	7.8	7.7
CAF133	04/10/2015	0.359	0.262	0.438	0.399	0.505	7.296	7.137	7.4	7.8	7.746
CAF133	04/11/2015	0.357	0.257	0.438	0.398	0.505	7.779	7.358	7.4	7.8	7.8
CAF133	04/12/2015	0.356	0.252	0.438	0.397	0.505	7.433	7.479	7.45	7.8	7.8
CAF133	04/13/2015	0.354	0.249	0.437	0.397	0.505	7.179	7.371	7.5	7.863	7.8
CAF133	04/14/2015	0.353	0.247	0.437	0.397	0.505	7.463	7.379	7.529	7.9	7.8
CAF133	04/15/2015	0.353	0.245	0.436	0.397	0.504	7.008	7.354	7.6	7.9	7.8
CAF133	04/16/2015	0.352	0.243	0.436	0.397	0.504	6.967	7.237	7.6	7.913	7.888
CAF133	04/17/2015	0.35	0.242	0.435	0.396	0.503	7.596	7.338	7.6	8	7.9
CAF133	04/18/2015	0.348	0.241	0.434	0.397	0.502	8.225	7.642	7.6	8	7.9
CAF133	04/19/2015	0.346	0.24	0.434	0.397	0.502	8.404	7.921	7.696	8	7.9
CAF133	04/20/2015	0.345	0.239	0.433	0.397	0.502	8.787	8.133	7.808	8	7.9
CAF133	04/21/2015	0.343	0.238	0.433	0.397	0.502	9.408	8.433	7.904	8.088	7.979
CAF133	04/22/2015	0.342	0.238	0.431	0.397	0.501	9.942	8.817	8.017	8.15	8
CAF133	04/23/2015	0.339	0.237	0.431	0.398	0.501	9.475	8.962	8.154	8.212	8.008
CAF133	04/24/2015	0.337	0.236	0.43	0.398	0.501	9.1	8.842	8.275	8.308	8.1
CAF133	04/25/2015	0.335	0.235	0.429	0.398	0.501	8.917	8.738	8.3	8.4	8.154
CAF133	04/26/2015	0.333	0.235	0.428	0.398	0.501	8.687	8.608	8.396	8.475	8.2
CAF133	04/27/2015	0.331	0.234	0.427	0.398	0.501	8.837	8.558	8.4	8.5	8.258
CAF133	04/28/2015	0.33	0.234	0.427	0.398	0.501	9.487	8.687	8.4	8.5	8.3
CAF133	04/29/2015	NA	NA	NA	NA	NA	NA	NA	NA	NA	NA
